,Manhattan,Euclidean,lp: p=r=0.5,lp: p=r=0.75,cosine,mahalanobis,wasserstein,entropy,perplexity,mmd,fid
0,44484552.96198882,9381321.1015273,2868741408.6068254,163315533.86562693,0.7595905234439595,3470.7227880159603,15.923366368866406,0.10191808336135325,7.097394311175234,0.08732434266307541,0.0
1,7981.502356696947,871.8332889940081,1853088.440614532,43360.79807467481,0.0971493782186623,3809.58139339851,1.1743276752236873,5.461534286592868,90.51041276618248,0.4322036480251188,0.0
2,105200.47334229872,15351.406300009583,10071101.106675176,427370.1456589809,0.6808588885807184,3626.854128522694,2.126797696029249,0.12546617924420636,8.377015470850065,0.14251718382679687,0.0
3,38869175.828679174,3632310.2617185176,5896385090.565061,202963440.77532506,0.688709283607598,3810.879935171549,6.463563201202987,0.15354872688996252,10.658380034375003,0.1624352069910843,0.0
4,478134644.51584756,230664232.3812186,10643002175.216831,1046852654.8459911,0.70900833609484,1708.7982161066627,14.662505448154388,0.11892852124097927,8.151811285735956,0.13092307104027193,0.0
5,46460.40877181235,11767.547963778094,7541343.052717611,202366.7230792506,0.6613939034337689,3420.352324719399,2.6709838756727167,0.17154760270823868,12.46036157519609,0.31566476291531065,0.0
6,24544633.128276896,5259113.932072266,718772135.4579692,70358004.51673245,0.6868504840762018,3459.3021983908147,16.670772508773126,0.14073758411435566,10.045128296475163,0.27540452210028943,0.0
7,2041595.601638758,189847.69093522098,243475221.45834097,9964915.110935839,0.3607619237412223,3763.5111205385583,2.1162519804871196,3.4339342781751556,58.02689123844241,0.12097216518449182,0.0
8,81646736.45118235,13512294.542539477,4559876287.859804,295354901.3539921,0.6791107344482991,3685.0497510435644,8.36412577642519,0.10378499736589922,7.092731576005822,0.2447464367206247,0.0
9,4347.941977472043,621.8544646529784,1496183.8771610423,26031.48397192558,0.6782990275357028,3626.125798159509,0.7820013394747567,0.0582759049094852,4.164024039944239,0.1479594603747519,0.0
10,3759674.1539554,1337012.8791259131,159162717.1125722,11004564.545904923,0.6543552870666243,3592.157287381293,6.315863969033346,0.19515670788275347,13.208726488693543,0.18276140911482208,0.0
11,10884478.561652353,715855.1747222842,2964946895.0023255,69470956.45835567,0.692173192918472,3103.334492938993,9.704895621764411,0.12978265715114815,9.485067085030803,0.2562584802589911,0.0
12,90510331.94784784,9713357.935832476,12639947492.210003,439343353.04989547,0.4776808407600644,3597.754654395194,191.10440688789774,1.4885095468442626,31.527982025780073,0.24219317226110312,0.0
13,4997248.1997619,985509.2008935604,480297916.4172859,19060673.634178672,0.7136792323166025,4077.5838481700102,9.973623812675324,0.10051639620984032,7.26893224738747,0.39889535624455513,0.0
14,844975.9049469115,66293.42251858988,156036611.09383708,4726637.222762775,0.5482241313898101,3841.7391499387268,14.37203680469314,1.5072674496685707,32.689637803713175,0.3835763604217439,0.0
15,49922965.0393846,5466291.26912917,5204126280.319571,229195517.0388631,0.6797406205945411,4050.477678592866,4.957576350224309,0.10224833813014733,7.194863855719464,0.15561920531936785,0.0
16,10277.218963312434,1568.7593362855453,3203564.7152354075,60822.70237087268,0.7355949198831249,3594.9980785547723,1.7706737339422716,0.07050218551460433,4.956149795874026,0.3383370179437711,0.0
17,6219577.1429102495,1044717.0331151348,449244189.99192685,23712283.135805096,0.7110708802400045,3809.633195748547,3.341760851736188,0.14444533867508075,10.120432979039453,0.12061999862359622,0.0
18,2634.4843845265364,584.6949075476941,973878.3965332936,15621.52291096827,0.7316114131982492,4035.6157454975446,0.7961619863785309,0.1709377525154842,12.478839200289263,0.4122813079241151,0.0
19,39966111.06995136,8457146.448855625,5463448147.18456,183854970.11347914,0.7027719791935156,3326.656028475586,60.057520282101024,0.07838733124856363,5.858516863549218,0.22942406209631083,0.0
20,6968039.315730838,600721.6731381483,1287006533.6397736,38597194.013333336,0.7363062969040443,3769.006871175301,5.461136545889947,0.030181940973141773,2.2938097732249845,0.22158046875017265,0.0
21,949713.6133114488,72536.3856523382,212000819.36185554,5605396.82684225,0.6691866794881961,3845.6931188694125,4.6698470261413885,0.2808199622225113,19.37781266006909,0.1778636209690456,0.0
22,1883.8194407595633,270.0631121669415,772869.5109519468,12102.82865612748,0.44053196169667075,3698.01040054027,1.0798675509563422,1.5932416195512775,38.69002420270773,0.11306453287954461,0.0
23,37990616.117657855,4354966.636425173,3897039747.8678727,172528847.15863785,0.6474438752448176,3655.3833390331224,8.241278162691987,0.1076322563651578,7.321842418945877,0.2732549470619684,0.0
24,5368686.5849108435,548539.3290168972,634201958.7180879,25493327.450651895,0.5108556191643459,3792.739867941723,19.372292029847028,1.5868112138485841,37.99123570697215,0.18505168225961197,0.0
25,403096464.7850841,91149375.57336648,12924757903.23373,1162228617.3302076,0.6401930841695694,3117.228131919156,8.28228037177144,0.16774109009685567,11.83713499297825,0.17199973119274048,0.0
26,2993002.1302192863,372116.4896181463,304035405.8962997,13277624.909893157,0.7004057346845175,3848.025906583979,7.104978728249188,0.08759963761534753,6.4163849675755795,0.2937410016325241,0.0
27,32268934.04171315,6783616.393865891,3455692712.4265113,124757158.42615232,0.7218290932440399,2998.5306359653564,60.546251293938795,0.04071735656271587,2.7581604792628256,0.2006707456197038,0.0
28,703945.7293332712,79217.44841285206,87204678.8164038,3330775.3630530694,0.6835621780228912,4404.982393255622,2.540861594808492,0.16841994308193575,11.36719038609765,0.10634339604889843,0.0
29,41664129.79901047,7995613.756054874,4054257158.365377,158505981.07109064,0.13045380111451466,3623.359822544365,63.68339955418597,5.517050804660213,94.6848184943999,0.2887252897096436,0.0
30,8858.427296171361,2103.307338597878,1887204.8448992926,41544.5852317688,0.6290287509758945,3394.2871826657656,1.55918811252881,0.06191887313760107,4.313186592084479,0.1012383156342347,0.0
31,1050941216.6869301,255560525.8644728,38004334159.71215,3081299980.3731337,0.7778430920028179,1819.3670321155319,11.616646746132075,0.11029189805308634,8.095366951915386,0.12706774930180692,0.0
32,50468.50990495305,14520.447746573487,4077459.542775509,173001.57456720556,0.6545902539098682,4093.9481204372787,0.9415462861672116,0.18524917598352256,12.119095759638096,0.44713837054419886,0.0
33,39201694.952201694,8056706.861898184,4351832880.326725,168458228.39753503,0.6468972241817721,3712.074163981516,5.639074017654073,0.10977181089068191,7.883278317327461,0.12381680700331718,0.0
34,6269608.621639712,1065003.2126944058,247253449.96705008,20844096.220446564,0.6963479747813992,3828.1158345723998,7.214979432748569,0.0990835753058799,7.156033687104831,0.07873912288610266,0.0
35,8585431.84887093,1304124.4381769935,1099237061.3504593,40653057.385014586,0.6361549467720329,3851.815296409638,3.246178485565715,0.13528389413290362,9.411280134920343,0.11956475585859033,0.0
36,17992.51091462975,4496.41292757968,2970967.806367529,78626.33217680886,0.5800840456876193,3489.510718817043,2.1178374693050115,0.0549089545987985,4.0496008726892665,0.14667101519556267,0.0
37,40029679.12274229,10471739.795416867,1687330742.4400964,122973258.67922564,0.6522758585303184,3731.692406187774,4.218155250813649,0.1267132401663809,9.089923580779011,0.08114367560180094,0.0
38,142936743.37028652,33347084.244090624,11609008707.794235,552790758.4925283,0.6787710773643792,4020.232049720036,11.438062615937453,0.07942911336113304,5.967518432530008,0.07046212439743584,0.0
39,4752.006878426169,651.2636462307801,1572130.2781932272,28458.076750602042,0.6673586977978674,3658.960146400201,0.643745577952316,0.0736644939156573,5.406007070033714,0.20205576193596245,0.0
40,13569677.98654125,1408251.0159559674,3197783330.668704,77746765.92022416,0.7480175466237518,3541.31303130412,42.95527756387536,0.07722080053769025,5.6886173617599685,0.40127898767322273,0.0
41,22067559.594385426,1577423.0352874384,7180481427.2147875,145983106.04160005,0.24913404459446697,3166.8308448775497,62.98262037863128,4.1317280173354725,70.68829830181254,0.41089447274351715,0.0
42,10902747.588011105,875753.5372442402,3403249979.010354,71345089.95320638,0.2971393117895779,3581.1053617120933,20.1148225119928,4.163253511376589,72.65067305511427,0.28558504350109254,0.0
43,14483039.284419652,1312903.965604006,2139512828.315295,75292912.9630644,0.8104587626419534,2840.9330909844302,37.87367603943579,0.1626489265151161,11.626624701498038,0.2074862728191483,0.0
44,17472194.020468555,4710903.9835912045,862185418.7533805,56012060.12272543,0.6780217413678274,3326.578881892173,12.106383474758355,0.11737795717986295,8.344582829783134,0.4364974031924145,0.0
45,10534886.668405032,782567.0463455502,2565287145.102572,64140522.15766151,0.5625121048633843,2961.849213914853,15.655334006042253,1.5261638905173593,34.32563484445352,0.2521950043642566,0.0
46,6254634.231476936,1033335.2000509836,389734492.3758682,22707397.951645453,0.6941090789880391,3094.042913997767,9.255752729344366,0.18677364691205814,13.014444584721446,0.21570446729926818,0.0
47,7682114.509054136,2189749.355546168,404414325.81123006,23544673.132525414,0.550058334943917,3384.583908631579,37.47469434503089,1.500694136772108,32.44684151467955,0.21774255269259335,0.0
48,76035019.47207144,28776958.767095484,1375154024.9988456,170159916.21956733,0.7144294083218917,3598.627622774505,7.381056048377764,0.07906901705474426,5.690299968804173,0.037331535744015217,0.0
49,13563280.999578958,1073740.419160473,2598285591.294086,77083681.45096907,0.7151936754347302,3436.7645807733784,16.165977002157565,0.8283265371739716,21.68342554349162,0.16033790531674955,0.0
50,15174840.894362155,2203095.1327720997,2073907292.7240548,73512618.42949137,0.7187676470241522,3048.0815429598606,96.45901822693452,0.14989605698518282,10.329174321484281,0.18221266652551818,0.0
51,10456708.913040604,815161.2916427251,1742895114.1352658,57494215.46464898,0.6166132005022212,3878.481347996901,6.694598092854288,0.7218831687369764,14.20992437088941,0.24357674323135478,0.0
52,12157627.454343472,894115.5847276201,3039894026.682026,74786720.24743186,0.5474133941045438,3147.2371018995946,40.981109547905156,1.519550305814753,34.041613252138674,0.28632220893809446,0.0
53,17644696.119516652,4963789.053592119,1190554086.773278,64206667.84319588,0.6247202475544884,3779.6359539329624,2.335672928101872,0.06590399061028371,4.649968909383776,0.14286230457952948,0.0
54,4445350.288904799,628853.7628190245,253638255.13550496,16799141.7340979,0.8060000844233419,2515.880591948793,31.57704415916955,0.13429203155342845,9.60005442856429,0.14587958243089613,0.0
55,51209826.28888241,5830609.630828439,6081583747.388676,237368368.39014435,0.7444821111522909,3119.150960550776,552.1417616967115,0.12443052904039967,8.960397078795955,0.4301404502905302,0.0
56,21520.844676064815,3587.4033222579515,4249997.963657076,109427.64464055069,0.6433651614673379,3915.814416318024,0.9540185084470045,0.16353394314305064,10.855278854444856,0.30242121782845377,0.0
57,6596198.835693466,1163217.3155920024,397645131.5644033,23797804.87289283,0.6443529940356103,3839.709039905175,3.7162858139955035,0.08615811294724489,6.051061144836661,0.14413265560542596,0.0
58,14681.434745251976,7268.8799844227715,1850613.6599449147,50785.55514977507,0.6746386434436006,3538.465189062833,1.2596531772471793,0.05039774803676815,3.4813241132585517,0.48677178246960673,0.0
59,32276.580736057967,5605.515659921812,4661886.886175484,142605.98935594902,0.7087724521296039,3668.8572826478385,2.580772861765581,0.2190617456629827,15.588965383778344,0.158174228614948,0.0
60,3522.0182588834787,656.0028262539681,1136245.7369832655,19948.708377869643,0.6459202734385572,3446.208994342428,0.8024220773659934,0.7107589372728876,13.313380785934978,0.017491934267362116,0.0
61,29648573.165861078,3292311.138487281,3034190755.734488,134945746.46935356,0.6980386593306335,3884.44292680397,40.826019416455644,0.839258874422524,22.33792278367128,0.2769119410268169,0.0
62,2445399.3102490418,172961.14250854548,690025227.1645128,15571765.822464755,0.7177696554302474,3584.0978528122287,11.825678650348758,0.22211611202528925,15.830635311591573,0.32145372746148426,0.0
63,5131.321960357356,1420.9324619510726,1395908.8022655218,26358.56298269869,0.667253603804462,3527.177063375962,0.9175957230154431,0.060905632785609495,4.515865949159315,0.3357278176560258,0.0
64,11557313.348730307,1324265.8628902927,2128936752.1125462,59554349.759859994,0.8097321522960101,3429.794254300914,20.22664181283379,0.1482158647227699,10.579235780626764,0.3020465418508786,0.0
65,4335329.894590535,790836.2527016925,230718804.9066854,15515450.778151423,0.16565622681484463,3958.0804615911475,2.2980130876991196,3.4730410909815737,60.62453615892399,0.16620429748429913,0.0
66,36087429.41156791,11412535.458872087,373222502.20977247,77806759.04810016,0.6387541509224424,3553.202169321081,5.898906716702848,0.09184190656588172,6.702572181182563,0.1238823706505474,0.0
67,3688445160.201387,985670627.3529885,54492657745.2345,8910135315.076355,0.714911981184437,467.04348031003667,25.219238610549358,0.09824958897580434,7.022716258918099,0.07337870487167691,0.0
68,20492.066398134783,8080.114411792916,2204730.346208914,69086.45180446743,0.7496474906843804,3601.378690957117,1.749795344807446,0.0974980641891258,6.752655912174623,0.21913158921098555,0.0
69,55944.92329598195,17456.957767402357,4697244.598515289,180843.0344930179,0.6663126934753916,3597.3730557239583,1.7873036019512072,0.7786258570127773,17.799544140265432,0.33360406293653133,0.0
70,7719.437623621668,2200.220296948167,1685450.1943738274,34249.106409287066,0.6414561986688779,3729.421311233352,1.0221666559703868,0.7702503408180014,17.08579297483915,0.1876607990909381,0.0
71,189001630.07469,49671395.261823535,8010167596.475412,564737805.5256572,0.6772187816651735,3209.8662970301802,39.95921080854105,0.09209954940836748,6.928053943275185,0.11834668142337507,0.0
72,16109921.542511184,1607049.2142974033,3212136164.198542,87072410.75541908,0.7222013029161174,3694.3435144243113,38.093116280375625,0.21647031346255668,15.328931841446703,0.35888482826718343,0.0
73,2118.7262449310847,269.03259137175974,716631.3588079333,12649.659110512763,0.4013674432227381,4381.5209490956095,0.6996001639756136,1.5533333111457885,35.35749397162741,0.3647184090979987,0.0
74,33381045.351283677,7138311.039403474,1927667477.2408764,117581001.96480966,0.6850919792030302,4171.3181152215675,5.071743305014475,0.09254163873143621,6.778544851561956,0.14628471831037365,0.0
75,9817908.435494501,926432.6699811881,1333559300.8343525,49643521.34923786,0.7371880759024976,3435.6397484415497,44.69543485119143,0.15020703959905646,10.365507389524332,0.15150511615738885,0.0
76,7875.183196888922,2387.805459408804,1924522.738213942,38570.260322554495,0.6536497929662897,3825.5263223228176,1.4323350566186601,0.7324893084699601,14.704279990581293,0.16305559900546204,0.0
77,7110726.410535124,862265.2464116303,684691240.1668495,31700353.876701612,0.7712104865460165,3214.7974355116194,71.19353267057863,0.1485386297740426,10.121845190179343,0.20785756351553691,0.0
78,2546859.4100841377,401472.3373643334,158240013.4315487,9625024.450205814,0.6830207422863838,3954.6844016337313,2.423274808787786,0.13665162788287813,8.872532500170735,0.1468223024222044,0.0
79,517.3221701785507,66.68305877453615,342292.49145862344,4071.9833896001664,0.08770064301486476,4100.390576079913,0.2954681934228384,5.4313613611234945,87.71171491210428,0.35065944404083793,0.0
80,25006.038736498147,5178.187810957937,3280696.2907194872,105448.86878976403,0.7263137624788264,3892.875496640221,1.6833676074634536,0.21321428156697397,14.643177459349943,0.19975213635354272,0.0
81,1159647.05824147,595377.7151881382,50654567.45051682,2946427.315439259,0.6941552387802381,3744.825306154744,8.064123246642614,0.060850027142150064,4.365872297176956,0.12723916604700888,0.0
82,8170246.699298022,952892.0096907106,795269837.9236677,36527251.50422372,0.7622416083527895,3583.041580964917,11.108882113105306,0.09978481365090683,7.065214747984823,0.3105913809776623,0.0
83,27136.327009332854,8422.10505968534,4876122.663850712,121804.14667773736,0.6360672133930829,3878.212289243546,3.7688487788270346,0.760239893271505,16.868854384284685,0.3874587903347913,0.0
84,5205.312111241028,1248.2314641302823,1487595.1578703427,27714.172538573494,0.6479711765948104,3823.827436300535,1.2545162990739944,0.7714405176706549,17.985542869894942,0.21142375120371454,0.0
85,553260429.006785,106332373.30236924,69986396556.01964,2484122072.416798,0.6575838837703272,2891.6927372489354,14.739198357959157,0.0757730487322382,5.478757336910441,0.22403911535679158,0.0
86,992971.6156337972,90217.12490008741,149289100.68479538,5169964.913928423,0.7284120500553636,3926.2339328242074,7.1528807773964775,0.18641905698762304,12.579113982233048,0.17633884006537232,0.0
87,22755862.885847054,5172154.031435268,572594032.237366,62306940.31422949,0.7075104198124058,3414.4746854993646,18.351008074000685,0.13814628405454066,9.978158370217148,0.21549002722038926,0.0
88,2731770.4089859547,464184.38006513834,265732292.94290894,11279460.24329969,0.6371845775681776,4253.906170622631,2.2072327314884554,0.08410389136895188,5.307234011888973,0.11249137250007597,0.0
89,23412863.96457658,2624936.4011236927,3399610181.1131935,115403037.76387385,0.5038560486710306,3360.3703448969763,127.00162438356813,1.48929518580742,31.756329862973438,0.1807879909320219,0.0
90,88241996.80477896,11045778.283932101,10583025711.831995,411331030.42224795,0.7363560894171495,2891.6055488056936,298.2523666236153,0.17028726444924064,12.037245763996001,0.18949800917631301,0.0
91,41387406.41531001,4016702.1009361567,8454853672.938425,229211366.04988194,0.7037167044858527,3708.881327085172,7.136978363129472,0.08426799915640189,5.9360597723075985,0.20730583886992313,0.0
92,1342559.337790607,95926.23600070024,471151649.94883,9079426.735795727,0.5193136902988926,3136.36649840886,7.370502523461314,1.5330927780012193,35.04472269153088,0.44019780365833994,0.0
93,4137.7189836845555,494.4815508669295,1382126.356850535,24691.852164964213,0.6001411226925155,3756.0299736205952,1.5680972196226572,0.12471206286810288,9.360515000415191,0.2934112898165994,0.0
94,13202.69103088064,3151.703161038299,1893437.058890231,52971.30339616169,0.6204293707657886,3657.853725873195,0.8955586383957496,0.0791365390519485,5.571619270715945,0.28370553521179853,0.0
95,6226.053224080204,2721.276566086942,1161102.621455152,24795.353175925287,0.7137000228665158,3532.3748485811634,1.0247972859458878,0.13768304013851312,9.485356719890861,0.34464208479140906,0.0
96,1534.8287029199164,138.1029136050809,694901.7610461642,10448.39730093137,0.29109670910636726,3890.957576503588,1.0010086030457221,4.085642384248866,67.0775626625641,0.5577178509883441,0.0
97,8615615.052048959,998527.7242085354,979243674.7741406,40374894.298470356,0.7475646823398463,3342.360731098135,66.21206846785252,0.17773209075734142,12.642063632490043,0.15624168078225342,0.0
98,14304746.133176606,749547.4494973856,6256488557.878852,107085351.91467316,0.6611695552158396,3783.568187000241,5.178305753291856,0.7962347821937178,19.491802070176334,0.4410060556940138,0.0
99,2112675.6913387575,200061.53473987992,341475394.41836506,11049693.803479232,0.6555930076107985,4316.248860694952,2.5713646704912483,0.1075539341406115,7.503443119533982,0.20268309106836557,0.0
0,17428337.116328906,3086825.335064405,922144042.118191,62095077.32247412,0.6901651617865555,3884.244520088131,3.027890728205631,0.12345673619671968,8.427736106746064,0.11380724787202381,0.0
1,3041375.1842161696,446354.8691255888,206269831.73214248,11647900.376101285,0.6745495276388267,3728.625460738029,4.599046923793482,0.15179923435746404,10.47672174315574,0.12438072014561781,0.0
2,92951279.99722035,18035922.400889575,7316357852.155772,357111994.53348565,0.7537913735692154,2939.575308045387,124.96438587092365,0.12525889020476483,9.077784598822904,0.15712534133323514,0.0
3,8900430.41862451,1469223.141084444,560197177.0462339,33101198.794484455,0.7367753467029157,3669.777420097794,10.381577212003654,0.11984240908851813,8.648768813730836,0.08391800409704613,0.0
4,491446541.64278775,153655902.05776402,6389568534.3789015,1087048118.5657957,0.7633858993762406,1965.3700272591186,106.95135572368608,0.07904824652219258,5.813925988738203,0.10080682504241631,0.0
5,87346723.30872466,9624137.580008708,12005983294.284273,430764732.9076985,0.6693096499635075,3487.692396558872,12.023970748241348,0.1989061980705693,14.22594428311584,0.22492926479824607,0.0
6,34347965.78563234,6777900.946547885,1291220772.584618,111080596.87159805,0.4335003077486633,3670.0300688465777,4.150761680143474,1.5598568251728806,36.370494176492414,0.05589434470485834,0.0
7,425136.2551901437,31846.43570145494,131038508.09989218,2756798.069660797,0.5427945720037692,3811.089329169541,2.032434783649902,1.5189558849179874,33.81161307971307,0.23484304145919674,0.0
8,104860.38591811364,13565.009377659826,9817775.22749317,435428.68947251356,0.5684440910312292,3891.2873816173465,1.5925173324746709,0.11201432520075275,7.937041061803326,0.16784260577751803,0.0
9,1684709.0506675667,105370.33224794867,530020338.643787,11235584.939912964,0.5116806236435945,3952.057355174566,1.9810891674348958,1.5171892877782591,33.72671547358562,0.1298348869546156,0.0
10,42502507.23405309,5234953.654928744,3929297734.1458282,182889497.93930972,0.6189398259500146,3936.5904936448705,6.560976978727669,0.8156722258101521,20.913299137472997,0.277391069678678,0.0
11,20243090.565773465,3691751.5057584047,1210562101.7620392,72256787.62368885,0.6052156202047658,3332.0550458854505,75.59430453921543,0.7107489836111076,13.793586831490293,0.22809181339118403,0.0
12,8609535.940951008,1536922.1978940726,508187837.4561424,31204197.336444646,0.6225668250228468,3730.7678455991527,3.371801296669466,0.2004837982833793,13.907079150100614,0.10751562168021322,0.0
13,2082.692037559414,492.08702577060194,753844.9050132956,12252.218144170538,0.48174330350488087,3720.6731062225413,1.019380463683223,1.5797479972145625,37.729927004178094,0.3358084783494104,0.0
14,14789057.27035651,1831271.4806275957,2075014516.0870433,72306014.91813147,0.6610770227157767,3802.2948279669695,5.147721695996713,0.0973678234689384,6.882759115611895,0.2269643371973022,0.0
15,5352966.024785784,433112.8452273921,945466841.6229244,29530775.56091667,0.8060536901480315,2877.5111338230195,41.489849854122944,0.1522461893082582,11.313577788253614,0.24210330566487145,0.0
16,17453703.515438564,1440741.0183918616,4621628640.895736,108508651.00415239,0.6663239522317647,2940.491689588128,68.63741402659238,0.1519379566830958,11.207064331489235,0.3004365316415572,0.0
17,322988733.9719946,168353930.65561348,9889670925.275301,699904766.6907017,0.6540847485678356,1984.103380233812,63.489881590595715,0.13283468510688676,8.781880387058992,0.20439973225927496,0.0
18,224861151.4419825,54473991.41274518,13922105337.072006,785878972.4173326,0.6881780266189388,3330.323445877968,4.177211626004489,0.030845147138148475,2.2517670287862486,0.0285882445097304,0.0
19,2748.0038921867,435.591111348037,862797.0221355997,15834.261138216267,0.08937548539269088,3686.5145350273633,1.2463603698355301,5.4671943679178625,90.8137310892855,0.4212207378097817,0.0
20,1510212.6026403771,514461.64297246496,28870390.022177033,3467172.406991792,0.6791246594038393,3567.899458091839,5.165428719167927,0.09530766866105615,6.828066240120377,0.09251991830231157,0.0
21,12747134.49713493,1908000.998782549,1370248216.20547,54012019.20731489,0.7464556243063514,3334.3627843817053,70.20761767382177,0.11220068503739453,8.341558973709644,0.19808452419582295,0.0
22,13970241.687325254,2091858.9219765502,1935774587.339625,64718360.79164405,0.7419768194232301,3695.822582532553,90.7706438802972,0.09835697250807866,7.1583108695005375,0.2154795915539795,0.0
23,18380583.258992475,4600514.595836699,315675780.3251633,46484502.4541009,0.7288466221217307,3428.414160974464,6.922443246124478,0.15304400623508546,10.782793180959615,0.1117495597787185,0.0
24,5397681.474530372,830664.3501070276,578154385.5050726,23164670.875100564,0.6389086006261107,3773.425647391683,2.7039721864138047,0.07473318404818956,5.471771783676736,0.24830847593413752,0.0
25,12011153.515638424,1192437.7115675998,2039721732.5662282,64327929.85389205,0.6635580293519768,3195.733665446698,81.00857794926536,0.8005870666905267,19.918490690661923,0.1503367962745001,0.0
26,9580950.257944483,1696854.6956508537,1117806402.5077524,42181380.92751403,0.7034837256959505,3994.3692159883203,4.332510948642312,0.1539902653754007,10.010832106756194,0.24049727729514975,0.0
27,6245637.405426832,664867.3815009415,713303158.040975,29619332.673668433,0.6784595626256997,4311.48588244792,2.2502547065648844,0.08611202080543875,6.052397558748875,0.18774477648206575,0.0
28,17235659.575155355,1451571.9849668331,3874346639.9412336,100731704.58344439,0.7513279659361781,3128.4827543672063,110.03493463193722,0.10453716860407854,7.686489358782373,0.27813091610592516,0.0
29,158633.4306871886,144681.71123681634,1950556.3590246537,228910.24202306327,0.5322439505697265,3353.4813122318064,1.3170031772874036,0.06104450679709705,4.656699738670499,0.5988801482303122,0.0
30,20049746.129260227,3694034.081903337,1008116396.1209778,68923124.73318459,0.648006249102853,3370.768419365426,108.84508536694891,1.4410713156847403,28.355575681544444,0.16358874391315636,0.0
31,14320053.33636337,5853401.707644111,92352108.53642984,26051065.991020832,0.7511589729650922,3556.037819398284,9.71317895225946,0.1054319781756913,7.6148805422771675,0.09871790903773275,0.0
32,27427017.136316825,5555476.691569746,1269371032.430227,89233029.21736687,0.7099921215464166,3161.19744144254,735.5113771767828,0.752473677633509,16.434381286177064,0.12084525551000135,0.0
33,231318.30606163037,43458.93640643563,12605881.26596002,783612.7569258666,0.09373951577030457,3828.5882851863803,6.441999665935045,5.4832462496150995,91.94373756835321,0.2551725709821968,0.0
34,143883045.8982723,15538437.285575608,16383713558.227184,679495410.0965052,0.6927118738012645,4096.651196435888,13.629990510339,0.16674220872101123,12.277117607494361,0.15687413372887693,0.0
35,44319745.72279111,4629081.840395903,6017676325.827678,217190340.57744646,0.6993774070627196,3384.239833549171,158.12608233877123,0.07905392515174628,5.9212531285518155,0.12932121683232675,0.0
36,30408.303509006277,10926.980662095113,3985771.5419211322,113785.48285562087,0.7628103436208783,3608.1021685006963,2.9415378221443196,0.040702012244098015,2.7695058852200076,0.1915003424928035,0.0
37,3684177.506313165,1481652.936655122,45851462.55189766,7364011.289604081,0.6412500212939848,3911.057810604084,2.895935700317593,0.7132856924982943,13.711885253248203,0.05353221195882507,0.0
38,227360000.50555316,41106436.1453811,30128880751.06778,999067734.0844129,0.6318622959238696,3707.743101878236,8.893606309045314,0.14130376708483228,10.013737484732061,0.18808437101108633,0.0
39,21177637.462709256,3176305.8154305955,1527507299.688082,83103713.07682385,0.6864055611332454,3843.360076263505,6.243349677889294,0.14426716978834922,9.326094327665967,0.12082009311404106,0.0
40,176262445.2870851,49153815.62879024,10035757635.119019,582539620.4935325,0.6928614044629988,3258.97968964572,46.09953507856033,0.06444949225977839,4.63439872782119,0.09115340385989183,0.0
41,4485553.091668712,627793.8663469872,393374449.01901555,18836263.5637696,0.6628662964416322,3381.04336303757,2.3048001881215887,0.03624671245264723,2.6551686135043395,0.1486332128630205,0.0
42,9194836.936244404,1973213.0018808632,418730737.0739034,29431469.978449255,0.7763402294471207,2717.590369616138,59.63784439613226,0.12889747986199024,9.13641883657031,0.20536895256751514,0.0
43,67621.87301053018,17932.552872517528,3285555.0959113175,194763.74410848372,0.7001528954805227,3344.346682229467,3.324074490955587,0.1066003830189608,7.584056992154585,0.27539866068886926,0.0
44,16951184.771264676,5860666.734350432,323142116.4774806,39663868.616922006,0.6065910913632602,3773.1753812016855,3.001107741692596,0.09162441059170581,6.303228649039869,0.26512860935115046,0.0
45,3345693.9703627815,417704.2743149938,577807309.5443099,16470932.260303807,0.45952179490459305,3790.6076047519964,5.839271342463079,1.5432796249402325,35.713705395111354,0.3487386473416014,0.0
46,17699.696244584724,3103.943173809942,4065050.7426339337,93127.19190467488,0.7118599392740796,3677.640336539527,2.8385729326001288,0.15202967559389347,10.751932999772244,0.16021502724546557,0.0
47,20727451.847249527,2570797.451976891,2218443449.623816,95479515.00708847,0.7224716302463167,3831.650582656335,1.7054539155869353,0.040111542137990064,2.6597037439651174,0.2043113945797087,0.0
48,9750.644459339248,1196.7472250136902,2634360.242103012,54645.25404458912,0.7421410250469604,3844.4600930815723,2.434429626705091,0.18287183492084697,12.199533172204532,0.4694325654024285,0.0
49,278966.52099786996,26967.89199016699,38834151.56266754,1401911.144257444,0.6767762038711101,3705.813966429184,3.57136459478981,0.15708280445973158,10.30959618418741,0.3517658820277097,0.0
50,11851447.380529143,3724992.6435545855,385165087.03801715,32301706.438715555,0.6607175298749443,3309.0364520833054,12.790949044985458,0.11199673066006754,8.063705621835311,0.24810408409138296,0.0
51,18162.791525880082,5022.185151319754,2245482.697365773,67067.02691864468,0.7036175802770452,3978.792750185973,1.8252611219776327,0.18072552701387562,13.187919662206877,0.183364394000278,0.0
52,7958.2111213668595,844.8067979634234,1501954.7789376776,41059.31010309554,0.234590459720018,3733.3533261096177,1.2643928979357253,4.105238552895711,68.4058280812695,0.3996114544173337,0.0
53,30991.336513784237,2742.2620682216575,9208663.62455634,192721.05131582913,0.6695649266137769,3358.3370403118265,0.7666915846180917,0.06003550725839233,4.2352654342986416,0.10306822021766514,0.0
54,5917.512416057323,1355.7078830373891,1487822.6679780486,29699.953433448758,0.5188651900671349,3582.9431972546395,1.54245561587318,1.5024286719362023,32.550977555181774,0.4150436837733694,0.0
55,10836252.10735222,1368379.2546919067,1772472938.5749097,54122598.78996215,0.6230677470291506,3812.6116151418973,5.278130855751468,0.08839689076758991,6.357842485366906,0.2437476280176279,0.0
56,20965.622569581552,9062.206544303777,2884519.1877759993,79890.18037780609,0.6818200620275489,3626.627520978596,1.7359683118634592,0.1502283845170327,10.560270532423136,0.2149527779301577,0.0
57,557341540.7395439,293838388.07497215,8132927704.548286,1059347944.0823361,0.6724492652714973,1898.3916220785309,6.8342304196482875,0.05216015306577031,3.6077323720067396,0.22362273984160694,0.0
58,906664.113985426,316040.7862545346,10452335.338987317,1883877.3879190772,0.7990332794407248,2508.0034715198267,9.263577486129591,0.7512685416578679,16.283069470052425,0.12407429900065116,0.0
59,24873.26499611443,4715.1208978200475,2804911.5465237694,97282.7261884523,0.7073197643422681,3918.087454127118,1.2763268857154717,0.02945047833102592,2.0866007207411768,0.6585603052117347,0.0
60,24496.350060710516,4596.367282486168,5436015.449256258,123585.49083303248,0.6783846412919239,3659.3894080606306,3.0037740157911585,0.14095861933465031,9.695266303438782,0.37553629275739614,0.0
61,9854.56290308762,1088.790709190705,2712135.4094263623,57146.45920624045,0.6819045506222371,3737.282801412188,1.4342848661163512,0.13000325433532742,9.173394525065087,0.21441899645608548,0.0
62,3155486.1480724523,651467.7733730805,128449062.32741885,9968896.861205706,0.47526522181591807,3899.1775919194447,17.48835278387606,2.8221065024530274,51.84894040270134,0.05173453992530269,0.0
63,2648.41553501785,397.4565210125721,1126370.9788186417,17277.37873352712,0.6709328865216124,3584.3161926244593,0.8509743138018312,0.1255644222980224,8.659031297785493,0.23930986448676925,0.0
64,703039.7692418417,318016.7513567662,41919399.32296226,1981378.8025070815,0.832360109671716,3648.5696601516547,2.656097736818531,0.07366665619975184,5.41903888080591,0.2636120499243522,0.0
65,10354250.017966151,1171471.6169444076,836422212.4743657,44545034.30023061,0.7557973846825373,3710.5467204305996,41.364249827369555,0.09713225878449583,7.274300077019506,0.10455831220958668,0.0
66,25510957.772164583,3898833.5510935388,2288278282.4027777,105977344.81996332,0.3677625849924342,3719.1147097329585,71.69094054671262,2.160610035732309,42.200017977827976,0.05813925425732599,0.0
67,139935592.27167267,12158758.113683231,20616829451.569424,729528417.3899225,0.7251049964603143,3948.241187510128,8.939157290150328,0.12788653796545307,8.962249081810503,0.17380569902397994,0.0
68,2124279.2102665827,321204.49787408917,167583346.98307353,8467376.089659361,0.6956300243771891,3479.805193277877,3.8007309977400743,0.11159218837065188,8.190795490904115,0.19527442285997515,0.0
69,100480.91087589329,71614.11879989183,5764618.480200531,255667.12123680874,0.3721098586232583,3840.876757206566,2.446366692913883,2.856917826552693,54.44306547464019,0.31629681674729737,0.0
70,8948761.88568002,1088099.5554456054,820234300.7589303,39659641.856307,0.7642678583567016,3675.349682862441,28.614721602538804,0.046817077246493796,2.9851278321307246,0.3267301205558572,0.0
71,8774476.93963467,1034005.2180499131,926753390.9906213,39705165.35552758,0.7064167576511821,3684.820474798107,3.1540630837655623,0.17824166384570095,11.97096249455427,0.13925373482341274,0.0
72,21533.416121550043,6690.939126554217,2848876.065662476,83915.83296490321,0.7592983795076506,3599.262198454566,1.7285009426125981,0.1286385283799018,9.178251441027246,0.25478572705532126,0.0
73,1251572.8191117574,232345.80736249275,118206386.61703905,4810420.508321581,0.7018850827228343,3979.386089176381,3.000612906309741,0.10682416132062889,7.507460625695172,0.12981891412656202,0.0
74,38542.63589252497,10727.174259052552,6420712.42888838,164397.09503334772,0.7626748639532793,4094.8268808974453,3.110046329086583,0.13119020865900274,9.331931556227604,0.29620123496048983,0.0
75,68956590.29307699,12287419.491338482,6168062986.710954,276362605.1897314,0.5509650950508659,3710.490697484875,167.62613250912423,1.4753694297887403,30.63304240867127,0.18976415180827047,0.0
76,4948960.143713013,424157.15559470997,934406003.670496,27877334.4521415,0.7559735901814196,2836.753776350088,76.68629731971717,0.14344042509161517,10.457471462237537,0.221150118766179,0.0
77,13207464.453709137,960372.6607068809,2693890336.752858,77188344.18256857,0.42924417118187314,3351.6418890215446,27.326863150727036,2.8111131179266566,51.236287207982684,0.17508584458439516,0.0
78,32198650.594905116,8329930.602693823,1492930984.6631231,97388790.57532907,0.7929520462148305,2854.648571292976,153.86933280562062,0.13344712531479005,9.644284873606793,0.17365218535691257,0.0
79,38022383.90049009,5315371.439014534,2682566567.3650737,150308095.33219352,0.7333362575948689,3541.0409846160173,189.3545056251432,0.12819198515875083,9.501046701959982,0.18454199013519798,0.0
80,1955395.3384015579,535278.5641317866,66925939.97660849,5486789.109910228,0.6856362497806009,3710.275284245404,4.420469861192136,0.08530381092566622,6.104662738465214,0.27159405828419697,0.0
81,855757.0017965663,247750.42597194514,12441143.515946308,1972477.0221879142,0.5623201815701605,3801.0387471547474,9.994371068085483,2.1556785915277255,41.94955686839637,0.14605752630762386,0.0
82,4309224.66852304,748968.1724136106,384239385.52892005,16240865.298824335,0.7412058408695156,3319.4323631617576,15.140376190989842,0.1806146251133363,13.07738434207855,0.36236252200241137,0.0
83,20844148.58874263,3012685.939449909,1371701971.8181129,79657971.21233717,0.7337636314914556,2813.0494987624897,98.0645153277043,0.18585000787091585,12.59129040088323,0.29901170152362927,0.0
84,22156.132705540804,9052.566138529615,3235233.193841928,85778.26999610485,0.8423903740838524,3652.1266001541035,2.453842894884453,0.08716261522412436,6.077792018096739,0.25323165159274214,0.0
85,42672.14405310452,12859.239216639642,3353127.4328538794,150141.9665684434,0.740246323184635,4086.8362030370254,1.0936683794342343,0.27168173070640594,18.067039164098734,0.1706715424541166,0.0
86,31797057.12488394,8111490.472837737,1096176162.8877397,92278098.28233883,0.7484926147627381,3382.374931768064,26.169785886288345,0.10792213743766119,7.8791369895453105,0.21147857368625048,0.0
87,732752.609995341,59179.553262380105,121464599.92077088,3985597.842289877,0.6408971334077938,3614.8489753462613,2.7970613802155353,0.7252885824768749,14.370481686863831,0.20553007293939804,0.0
88,11535771.223729748,1446061.9100947825,1260202621.24887,52601705.129388705,0.6374974023589859,3568.0750182301263,21.23668250482954,0.11636325640599558,8.341151966904373,0.166433420348981,0.0
89,39724.52018836813,6577.57951039374,6629137.259279771,185280.72851999153,0.6163316328297592,4188.208245814433,2.6232132244586857,0.7866134970947549,18.297455960516768,0.40224132047103206,0.0
90,23836890.653388865,3768204.5146781253,1569119814.4380565,92413621.12909639,0.4893246076747185,3860.3582260732787,21.50636800567491,1.4554024463518567,29.300339895247316,0.2813115363370925,0.0
91,779606.8483478451,68291.1958532864,127046682.41472225,4104079.9808128336,0.7312638263908402,3754.355647060301,1.3595215818754576,0.062013485378646926,4.508058923232649,0.28789652588167175,0.0
92,6451670.869439656,549262.6073606244,946290961.1703447,33739539.76465787,0.46768214483702897,3422.7663804204476,13.634678844418769,2.172379910467807,42.893461095129865,0.16419567204469143,0.0
93,5332.97679441736,1274.9925883229885,1141586.59534156,24082.727306003166,0.5932659096448851,3225.904751944141,0.29511222909016277,0.05995954680714703,4.2128522237019626,0.39330103847402975,0.0
94,54317459.22648462,8752457.386503536,5155025509.324926,227250395.0590698,0.6994869234477232,3876.301931936443,6.227698248227962,0.09664588204600308,6.997578801760996,0.18750919996189835,0.0
95,4279.463583182942,1077.1737087090569,860243.6722710055,20310.276882958362,0.16621195823344806,3573.5199510024977,1.1772765711092383,4.147685086835043,71.40780501614243,0.26120794244258205,0.0
96,3463.501785396626,672.3859479309591,1217390.1599386751,20048.483162796496,0.7184086661168112,3627.711848634559,0.8935278583087681,0.10383542731861928,7.08637773538412,0.14576335142933294,0.0
97,45129.22459869367,10296.287463688015,7029394.088872468,195749.14242219715,0.681593402321137,3533.0093106710096,1.4158345904373153,0.13021092973076237,9.196732558257255,0.3702312482750211,0.0
98,1411315.1642782933,336783.48441871663,46337425.02643166,4021472.8946039327,0.6644792902591233,3228.7211606858705,6.279997878259923,0.12462223407300224,8.818009948401839,0.1424151312456204,0.0
99,57741501.007328525,7660240.536168618,4289662745.70601,235110646.60582924,0.7060437237732138,3396.061689785792,75.90120578987613,0.10134512880676319,7.401142385556932,0.2827106766543976,0.0
0,2829.1145781204186,351.7740571903872,1153011.6595658795,18306.47663982637,0.6892669768778321,3826.0274445836603,0.7519835773870853,0.1154169602238662,8.038623705641921,0.04024108282426169,0.0
1,3827236720.264734,1055082255.1012805,70240824258.18767,9353075390.77084,0.6880307734721157,769.4872922614226,138.38202396544875,0.7952680706522115,19.68429495816642,0.0722686003585896,0.0
2,1940521.6285839796,495083.48337433534,57435391.30703757,5461724.313337085,0.6162143904147164,4095.2048136390713,2.701901923740561,0.11811083151591503,8.61010025315168,0.048799546075576565,0.0
3,147103365.79669178,80197436.10149255,7270674628.203097,398830626.09766275,0.6739255631488634,3695.538033888579,7.9610501450086355,0.21478561243707892,14.521344467817963,0.2044622439172929,0.0
4,18051.118777567153,4625.565221790786,2237117.1434367024,69111.5526548228,0.6420728204385756,3469.384823332464,0.9562733840452019,0.03682165725895521,2.585670482659661,0.3685785914169819,0.0
5,18436434.50014748,4759761.21075082,337737006.1532985,46034581.538001224,0.7128239752777581,4257.631257701669,6.57969780809414,0.10740839211974337,7.752815485297631,0.1789816287377581,0.0
6,15187.751581900564,2110.432854850089,2002037.2128885004,69498.91538692862,0.3992894799793576,3981.1587815792536,1.013253102797916,1.516672195618153,32.83192063536358,0.24878514747654953,0.0
7,1420273.8006994647,167528.41387997146,166899169.5720167,6608467.06299409,0.7117517349432454,4119.9519550532195,2.356837404266091,0.08543608356796976,5.932345100575968,0.1886393158844911,0.0
8,9468225.186403591,664611.6463254006,2531040328.848139,59658857.53704214,0.6444014867245963,3820.2786221127267,6.378674812143291,0.7280558251707603,14.694672662700873,0.4569290601020218,0.0
9,18113.719397245626,7980.615786100554,2036277.1899958756,59396.21679828935,0.639587439609374,3529.619515375942,2.2993890854079106,0.7677343367977557,17.164022612181768,0.315097999431918,0.0
10,14425692.088864222,1172700.2679383159,2581627728.80533,80083470.69389704,0.5869824094003879,2585.1844766876366,65.556346293329,2.2360334528272903,47.458022387382236,0.19503593846141373,0.0
11,224929693.3210314,32032864.66745184,20104359362.595284,949192424.4442418,0.7170327402994217,3782.212769235211,9.1228443779583,0.14899405936213644,10.367299240200456,0.2033583888435253,0.0
12,53936835.61265956,7238010.660221268,6700759411.618979,246437703.47433782,0.6195468663507754,3804.9008784307925,4.725213642887868,0.108744652765506,7.806918846706049,0.2436497540713999,0.0
13,114503.88149524809,53645.02612037594,3711564.0829127207,255878.3712387144,0.6909974854715915,3310.801389559754,6.649941210100521,0.17919876651540206,13.402937719410252,0.28462498262326896,0.0
14,21193575.395575438,2002225.2746089785,4201396045.2357583,117885704.77483928,0.7304233734349379,3135.6151034896006,111.15555871347014,0.04261486025754184,3.287305814057889,0.2205975093309809,0.0
15,3993818.941570637,960479.8321055088,109122837.0531896,11035383.680738643,0.6862820156475407,3532.4909505701753,6.9616109158487225,0.11330637434839153,8.2912507887828,0.04854889529762371,0.0
16,10652777.883043168,4659369.658665551,203044847.98397297,23106887.489662282,0.6082088988219527,3789.855434210113,2.3393397653861623,0.16367932323596096,11.78929028084116,0.14911200595940802,0.0
17,30687.893109432363,25350.307393118557,1997762.5237847522,69004.38531548965,0.6519253570654893,3516.894682739904,2.0336535780696754,0.7665355125878829,17.366342033702836,0.2849602881957147,0.0
18,16248183.142172506,3616539.3321682466,600088934.9969463,49483853.624155685,0.6486198103717801,3622.2976789787126,7.529967039672692,0.08915401850833585,6.4864767002621635,0.25646540109314797,0.0
19,3526965.058155881,674942.9023260683,289836161.0937129,13866357.427773103,0.7493357990538277,3672.18910675551,9.38762615670957,0.027296418082041106,1.8975588959541767,0.08076569541690522,0.0
20,45628503.63984226,4246745.36812081,7028069733.965732,237487815.70083708,0.6256342443935575,3720.401818539709,3.2081700534489395,0.1200338971318855,8.57161187182996,0.22202292336589158,0.0
21,6381172.574744576,942634.573359409,900767895.9891768,29884784.273357294,0.492606096429337,3388.7426950451463,9.558620047947828,1.4922219424070013,31.916255454827297,0.3616690952383217,0.0
22,12265899.967328414,1542630.0511794963,880860904.732579,50208945.83755158,0.7189055270977162,3462.749122205906,5.860044986360295,0.13743868977262874,9.81017442712006,0.17271424548205358,0.0
23,9246885.300961012,909468.849713273,1183836555.6003141,45444588.4495376,0.6833881893131347,3819.843859254892,11.03280388929798,0.03212170529915559,2.3005466669680485,0.11139273221849091,0.0
24,5475499.583661805,1040187.8473145511,212070713.1871376,17714996.392050654,0.6333938420455175,3855.481068665791,4.664487262642449,0.17500817513346884,12.522979023489896,0.1196880487019703,0.0
25,46497.571714206984,8499.537474945153,7250015.991915664,209521.19339990307,0.734439186280162,3746.6207128856868,3.1908622696890374,0.09760615369871059,6.628234047540867,0.2708647952936194,0.0
26,644809.1391049237,57717.96461700633,85441341.65359639,3234493.322484494,0.5108744475688266,3872.7156052023365,5.814044504947294,1.595602817616386,39.133704991211296,0.3040085426909722,0.0
27,96989799.85503712,12070540.082626823,6552882232.821338,393248308.296115,0.6010275308246936,3276.4943149961327,12.895677198024389,0.8300712408112172,21.971922032070143,0.09022963042819969,0.0
28,22096315.188313216,3959323.897672919,1156468030.6644874,78404540.05955666,0.6956438775221667,3649.2346076679914,14.90682122684057,0.10525638652162676,7.770034166796501,0.25633254057146576,0.0
29,8546768.673557164,747420.1097693702,1602005274.9551656,47478188.80753147,0.526878590408095,2942.5992375342357,27.098378555574115,1.5098510599937143,33.13954252098506,0.22086759714393037,0.0
30,3202.408161845261,596.1970704489995,993341.9917847436,17454.748312729593,0.6221315357441679,3370.57447396238,0.3442645575812011,0.013664491456689465,0.9903025465146129,0.39757669861660616,0.0
31,9805.579921751996,1708.3007940163266,2173225.192162986,49366.70525769198,0.6625034215475425,3760.9696173921902,1.5964774643492063,0.1425625472602639,9.980079823853965,0.34405731581010046,0.0
32,49493633.10532671,6535560.932485653,5060092758.658001,221566795.90888453,0.22472883170198252,3829.172111613978,10.586757663993714,3.4767147209489395,60.69956926795862,0.17462266428699383,0.0
33,21835994.787157882,4740804.478614463,1023824964.261514,69146549.68483707,0.6732653142752703,3655.2540962840058,9.94901387306601,0.18675855946668696,13.47227384060314,0.16217943906934695,0.0
34,9373.882615052527,2381.2385307357263,2252125.4282823717,47652.61105171045,0.7327898246877539,4024.6643678606806,1.4062327694244245,0.07273756769726107,5.319413542346607,0.3824956645020682,0.0
35,6487.222709400479,1809.2521776685685,1814074.8298593361,34542.00946460414,0.6722677389164289,3709.4237582932337,1.7939472757500738,0.7721290549492938,17.72694124965566,0.33351054294944893,0.0
36,6308554.465561191,1296357.2671588208,404246053.9750371,20744197.171357162,0.7429539161598465,3520.535357308997,17.864697584741105,0.10657424063502692,7.523950143317388,0.35064824597332317,0.0
37,5097264.637030108,494826.17904343316,915981341.383902,27263054.450305443,0.5049626596057502,3425.5962968221634,20.787897175075173,2.182907007517332,43.86381854227662,0.35944232821183947,0.0
38,134909741.5674586,14268890.83170956,16284814750.172083,648781845.6030279,0.6446146511610473,3725.163906401178,12.510679003974282,0.29536147103146115,19.349232273556595,0.14280248642364216,0.0
39,1250733.467185749,84003.82765435912,292212722.03669864,7636809.915939599,0.4696264336193906,3263.5077458101014,9.672701390393334,1.5351362793306516,34.30140389780286,0.3310122547277133,0.0
40,38659214.9133671,3375501.8424168294,6758828780.187857,211362762.91327935,0.7708061572883267,3293.5373602718837,600.2522932251024,0.13004605937357255,9.64666856070004,0.19530162779075586,0.0
41,42795313.66328472,5525441.031775648,4560130194.289659,193595365.38065186,0.674795902771134,3721.6319480096927,8.084137288466946,0.1581297775029311,11.083972507786402,0.21424227277300395,0.0
42,3204346.3981847567,452218.75035910273,304413380.60570085,13786243.948354345,0.7110082024906181,3773.430349622452,9.697918228611599,0.2398255765965855,16.725836170717336,0.3752956939408802,0.0
43,1154773.6780050006,350840.32121468993,69527014.89607945,3826497.763446428,0.6597875483394431,3954.2299640350775,1.178414179982065,0.0710347524969051,4.8994180668823715,0.29507403286319195,0.0
44,139898324.53950506,12158240.281397063,20429539655.0667,728781548.9952257,0.208574556126449,3888.4170522831873,4.798130917356122,4.090423136889877,67.07912626823706,0.164446591138951,0.0
45,8705.895000107226,2720.276356115006,1548989.6676913819,36118.65818446179,0.642754562906242,3635.7853425011226,1.3823975815874896,0.13163627939059247,9.072419392050382,0.21290406313444635,0.0
46,1535.9985774087622,448.1586372735645,571606.3353950067,8926.897465251079,0.4601629005841829,3980.1491011621547,0.8276409005926576,2.238707216208952,46.96764039894653,0.45812674906485795,0.0
47,28467291.106907643,9789582.12413152,995973062.6683404,78138544.28288874,0.7600320158823141,3646.883942351559,52.167769606571525,0.13027211250064905,9.662777213255165,0.06933636841513384,0.0
48,50129832.00638784,16062352.820529902,1343700668.667639,133754618.24663503,0.6194554632155647,3617.9043915852635,3.3562631871278903,0.06776897744620465,4.937312469947287,0.09475501752196071,0.0
49,18890.07103791005,9453.45764864813,2620530.638254789,69696.58685193627,0.7034684502066227,3567.4257287060764,1.2029435470955814,0.03902308341390315,2.888755664037434,0.3999332874840897,0.0
50,24046784.684655122,3108527.5671577347,1864421670.5547214,99701040.3829382,0.6316530174122503,3821.177401553531,6.215937335124965,0.12034331501101905,8.77182414523911,0.30178549448643754,0.0
51,5168.869621918194,802.6008778671943,1615839.1749676426,29889.009767190837,0.6746087539357302,3871.3476291843026,1.5530920675775917,0.12947985583023894,9.142504325430505,0.33425621639303627,0.0
52,684344.852699477,59240.215887634185,149976304.48662108,3988139.3489165665,0.4460269812540463,3423.53180107971,10.857501156192342,2.247568825990115,48.53889293852451,0.28005153497806917,0.0
53,46086.440681813096,14247.350494418046,6741790.063249754,195955.01817879942,0.6850028876833639,3423.004809395958,1.8033326149791424,0.7807614566927837,18.42689527956529,0.416914932218245,0.0
54,11560.556366087923,2204.745131050125,2634755.8022855194,58055.30219153095,0.6669174856333407,3631.270094220933,1.9613519423210206,0.15221845768640208,10.587050452490631,0.4752451638841893,0.0
55,2827054.885223575,1152113.821697087,23451939.148548458,5221417.20513869,0.638724760193031,3600.5190751590367,3.8426770209656005,0.12768211476624947,9.01485533271245,0.47235692667142387,0.0
56,2422.19451746946,575.2891248161737,868780.5381674158,13664.857115197923,0.5066348258256811,3407.2189811943504,1.0427469792867392,1.526792770791405,34.402069835218846,0.4184809820263479,0.0
57,19250511.23305599,2633321.7822913015,2351401889.0194993,89437076.33229032,0.7209553932816635,2771.926718416177,130.46116369562338,0.1559606190973767,10.932632519592094,0.05161275293439965,0.0
58,28416620.846294254,4529558.894066718,1291291178.5622034,98005008.23714235,0.6920818545356795,3424.8657974663506,14.569812088187124,0.13466519355643305,9.270804216963896,0.24695023279038608,0.0
59,7554824.536113953,513438.78009231517,2147268118.5796638,48792639.34188728,0.7281987026390468,3431.6327020370145,25.617009546055765,0.11432923995319397,8.120393174205798,0.3067805174599579,0.0
60,7287.617496222958,1041.55864760724,1922197.0234990653,38868.94568484612,0.6899691138312943,3920.0173207648877,1.396257599075879,0.08840707773495238,6.188588938346494,0.22297296470116548,0.0
61,29953.407633139625,9329.87873121183,3574757.5420339154,111216.73333918655,0.6883909816554032,3893.1093598960183,1.9712275598688387,0.20716007353324573,13.932753363301932,0.4221466471030227,0.0
62,50081708.9078576,12241736.019496582,4129136184.344201,187458933.78748426,0.6836318890172792,3720.8531667919165,5.781002694431575,0.16127940386148404,11.121275890886382,0.29915711093505665,0.0
63,7263767.671357718,931652.8841800529,701287033.0837407,31709847.333541296,0.47808565148667415,3530.618648576097,8.392040643258676,1.4215619609311476,26.808914542844644,0.18629298340552594,0.0
64,299776.9540580596,34989.527419044585,41890059.922712184,1438454.4717089548,0.680515974633851,4151.033759612688,2.491660434576526,0.16918631134416656,11.02863140384412,0.11775726251338006,0.0
65,27234667.65800681,3174436.5110051767,7943531318.4517765,161779560.96989906,0.5479506471895966,3221.2948712566813,61.13195583907386,1.3895953870696096,24.372003254785305,0.09654038251986048,0.0
66,200676178.71699494,60398052.75004266,5655537618.399032,541811889.4163635,0.7286999081854996,3653.9830657068765,10.391673315210802,0.11807885279818402,8.474298002535878,0.07292245900372928,0.0
67,19576852.19438006,1678306.141953854,4392454097.460013,113363835.70457844,0.739556028938549,3221.508591067766,73.23501650399581,0.13619502164450595,9.529335067096648,0.3303795136144305,0.0
68,2464.9049717223193,581.626656024021,853528.6606203349,13984.325566707997,0.43331433148836596,3518.214708237575,1.3362933441238147,2.1557271642349565,41.805575250052314,0.32947778122326554,0.0
69,401173.4019054292,99991.04750442905,26179606.121660043,1379129.3750223238,0.6942622038611319,3849.0076241323777,2.9631286129495242,0.103347557926881,7.057878650315779,0.15376479391094847,0.0
70,70777850.2545112,6440595.40758449,11750660762.27299,377189374.4067489,0.6014131889630251,3948.3870405685266,8.604478602124,0.21982993501131415,15.202574046494627,0.22588701606641365,0.0
71,69033795.50255993,15682639.432401914,4981289660.437315,248321455.28135672,0.7189288403996236,3616.68251305372,13.180860909617243,0.15012624235835278,9.979520532929637,0.19850793682453474,0.0
72,135558818.54974046,15859443.150661385,17923261656.24367,666906927.0770631,0.6385732977554173,3777.356244208394,5.460778037721461,0.16566805912745286,11.393924838427335,0.1323154351371309,0.0
73,5906990.170173691,629162.3448390347,533937590.429088,26366800.33495105,0.6979413555843859,3695.5235249720017,5.472361667216129,0.07250827798154065,4.99616671243748,0.15598099077939412,0.0
74,12686293.186630355,4792539.875586417,520503412.0559975,37620742.05388656,0.6787010725818521,3680.8478944429676,9.085005624547856,0.2397533734338242,16.949211608749554,0.2802290419911004,0.0
75,160331618.3595814,11266022.190671943,32940295507.750336,944603428.2052498,0.6734072581835766,3784.0218794836064,49.144466993052504,0.05471145831664037,4.1237432753158725,0.20728800321480523,0.0
76,4061261403.2983217,1643583671.9055882,54256968646.52586,7957656090.59583,0.6767433971523014,362.0125833271943,16.277817464057563,0.06774243218328753,5.017091856095869,0.25105337950448237,0.0
77,30785918.52854811,8188151.219483076,504264022.92296076,75109800.54634455,0.6861841044729668,3292.548614892197,21.38554876605725,0.14897557410300202,10.571663135367002,0.25876285161201,0.0
78,15651.095470453269,2968.5979596319876,3336848.591818358,81625.10323905938,0.5927417741195634,3727.6322620571805,0.8662029149393561,0.12529826795906934,8.532228561313634,0.1816449713777914,0.0
79,160034.35607224476,121749.5616908283,3070660.581854306,283497.1230331199,0.37392430777729324,3602.066800538065,1.9760482986253787,2.8226810314508493,51.82231120881761,0.19784819495531564,0.0
80,2880658.1137066092,364553.52441199555,194342653.70187217,11585903.026270408,0.7370305040040006,3766.8243424118227,3.3490260441505932,0.0676120956510303,4.824182552304646,0.11370514915598788,0.0
81,4756.1549066579055,386.5148406493298,1567249.0310448988,30326.845735344512,0.5514178073840641,3844.634229366223,0.34983248514564147,0.08879863907487477,5.651422916650517,0.15766235715824975,0.0
82,14449237.740812179,1232446.0368468969,2149752614.3604608,76102426.25891992,0.7165933566041216,3552.906112650456,15.388530307928285,0.14110153999832367,9.776278536250398,0.10602220447219982,0.0
83,15895028.807767754,1521443.7583932024,4133581069.155505,95049934.08438313,0.7682849130751332,3013.7317045198133,86.98738430174282,0.051300612698646206,3.7235015008949772,0.2086638387531256,0.0
84,32737267.47774475,4912899.4033978805,2265059836.8423066,126902832.6749753,0.7755617603117573,3591.5287815426204,22.24899553362231,0.19328095142367782,13.695814375571956,0.2457645109420704,0.0
85,23142.938523307963,4737.960915580595,7884334.965722881,141384.88629360296,0.6956644951360603,3277.894291951218,5.636675360646962,0.2465949241253938,18.16161718978126,0.2555705177514935,0.0
86,11128.052155023175,2356.5430020488575,2594162.6138596474,56195.301557978906,0.6570935559699554,3787.2431327395243,1.3130953236653253,0.09396823435437893,6.703428710134034,0.21356550655628587,0.0
87,14116043.089565108,1434155.2056103477,1959750796.2544913,70746189.35503753,0.2913469160845276,4210.19304802852,3.093850283733883,4.041567701777899,63.98958296565568,0.21016411537262475,0.0
88,37298.461914695195,5334.6004757665705,4435583.520878869,155536.92347452618,0.6323957748427355,3815.5549333098156,1.771248468069994,0.7193816597044547,13.733752846964085,0.4486020200093671,0.0
89,29509139.365964096,3133738.9791591736,3714780680.856022,141747774.08330005,0.631219514136442,4457.501491077577,3.900798381626024,0.09477376685051438,6.7847959159688305,0.23450089948481065,0.0
90,26908.237728351123,8151.087366853333,2950881.521298098,99388.0192244197,0.662537846045205,3800.2180918943423,1.2502482782282534,0.04034748846533063,2.9194431956540483,0.3407240572537725,0.0
91,10048.176511662567,2612.1281536150077,1794646.3170349672,42155.54449297618,0.6279040958348288,3405.413604644217,0.7824477414967872,0.048662633915941014,3.272396121988018,0.514715799500387,0.0
92,34972972.52625895,4265937.892974183,4109061640.229329,160320044.75149375,0.6334759378003169,3315.127389982635,23.094538072162788,0.16032368142399225,11.069096626142732,0.21145760440747088,0.0
93,13586.206383412917,2812.240995414748,2278379.6011953102,59136.57583389041,0.7434323349900418,3529.5567123826804,2.6420146130123285,0.08257802071318263,6.154031071003034,0.5066469019230736,0.0
94,10209.553989387283,3303.6933331635373,2117828.89916552,47145.48645633758,0.6624971754249938,3556.721069236953,1.779543506636159,0.16358885251208033,11.374890109406554,0.32624037301789227,0.0
95,19435.1926579466,2004.810931167603,5017569.947662443,111798.31957105696,0.7087956045187601,4012.8477389445743,2.8350102702651094,0.07864476251998731,5.62662712629903,0.21536440347244584,0.0
96,37364316.29265848,7987946.584664414,1265024152.5160742,114797096.33024657,0.7011459087367118,3503.36383022886,7.793541351369544,0.08763789336903863,6.3687625036605695,0.33622423563067183,0.0
97,21705058.362544842,1799125.315549861,3709239537.302686,119103685.77574492,0.6688906180075449,3972.3704825725927,6.175195455006253,0.09804574832235566,7.0996354184952795,0.21639656514462524,0.0
98,19781033.719915252,5115186.475142839,311311254.9602704,48843248.36692144,0.7001635903892428,3429.726559674971,4.528379954524667,0.11784918325378921,8.312089505154834,0.21431331522425492,0.0
99,16801.358654903444,1435.097339540419,5002954.333625316,102278.85261605452,0.6221602369487755,3635.7340113615574,1.1791318356505058,0.1487124316576609,9.664457899247214,0.2339273899021287,0.0
0,27513.625546138745,4848.07353531065,3003893.230036006,110029.5146318147,0.6517109801611924,4125.134239615383,1.0791012662800685,0.13228516589420636,9.186275670439116,0.1800285773858903,0.0
1,29111196.62548708,3420954.2252834653,2577136185.6755686,127348939.51058428,0.492015601417224,4149.590613406974,2.4189311575329815,0.7455532457553516,15.630049615670718,0.17352555514530324,0.0
2,7942604.411572349,2048936.0460300078,138466441.65337595,19886932.290877745,0.5438902379498547,4276.443938342059,2.561674544093631,0.7193270421450133,13.969652270468753,0.029803448977980783,0.0
3,24402574.758475628,7209946.927076933,720371916.6252424,69012734.52883622,0.2956189871758737,3617.066477272536,6.202159649139593,4.13859581867054,70.67535859655999,0.2535610802943224,0.0
4,1895.1977338524061,425.0196635442056,616953.0584827594,10590.544356551578,0.08604947484612188,3713.8543839830754,0.9060349743945938,5.460241255728123,90.1420846957541,0.306843502956045,0.0
5,18403903.1315337,4759672.685198712,285551251.7698966,45403159.399937816,0.7097597872908284,3579.48803372696,5.669109237396518,0.10609768690683499,7.660554176361718,0.21908287738860188,0.0
6,47952.86371505198,31751.32486144795,3411318.552153214,135645.79248046412,0.6526165617580704,3968.56625632738,1.3287445257574253,0.14896222190646036,10.037015488250484,0.176035043450759,0.0
7,1417016.3106551417,167445.17464308892,162847529.68238586,6565658.906245808,0.6968011855461028,3881.207887669722,2.2668334793969156,0.0819357046777692,5.506039630138131,0.17037066128099787,0.0
8,46591684.485954836,7693211.075381937,3607915924.6500015,172493170.4263436,0.6754118924723914,3567.1370360444575,28.070022401674585,0.11875760614642043,8.503798205870606,0.23372111391638486,0.0
9,19122.886181877424,6432.319288715337,2468655.698401837,71968.17681195293,0.6397159784777429,3616.1981493555995,1.978011866220522,0.7503442974594984,16.03266234793939,0.10778961451119205,0.0
10,4588248.008865492,1012189.8632607732,742338387.5829656,19951941.361291386,0.4624515855506119,3323.788350740703,31.767028812993775,2.1083683424694115,38.18359554207337,0.38333815716370434,0.0
11,239006415.00508103,33155764.5304345,23037032926.909203,1030425469.8696182,0.7183142822825299,4134.533416491273,106.26804189460995,0.13838549907060954,9.760751912561647,0.13428603454207713,0.0
12,42894255.74737872,6575385.560442621,4047265737.811597,177674104.75710058,0.3311614328784088,4139.614733154707,4.030828238436538,2.2495185835692046,47.616604916933824,0.20795913932953594,0.0
13,9729.420716506278,2701.1018372067074,1337580.4462863307,35890.170143018506,0.6265217357180558,3846.1259467334103,0.8013427372131426,0.097702051461666,7.173740980120615,0.21490238169609877,0.0
14,4503244.476585494,750995.7514616314,371656971.75178707,17538014.459482346,0.7746050513787778,3448.2238603578407,8.10672349761684,0.11143822425911135,8.1885113097754,0.29140487714147795,0.0
15,3987963.9460387765,960437.1307380829,106900593.73780754,10981384.77333005,0.7263067470431724,3445.7361031421733,6.020174928238982,0.06796992757399441,4.846813390648146,0.08054285565469525,0.0
16,23801560.49321442,2878572.9651988964,2619961084.417967,109562318.77423246,0.695011149924809,3449.0858341307794,4.45602232599301,0.14490286917100273,10.352859989210287,0.16195626758314416,0.0
17,6313.494034324792,445.66485769080447,2382829.9894025745,42642.14587949896,0.6343433471194602,4073.0372186842797,1.2594802955863127,0.7400411169724417,15.531860071701999,0.17429207625583723,0.0
18,8020049869.016211,3020410316.4994307,78996169471.9018,15816013613.403687,0.6989425376570925,367.894905740298,17.236003249458726,0.09635960651115064,6.854231297154422,0.026846588799792185,0.0
19,7506.704476861586,1984.3091982636583,1258651.5074703435,31510.437942303455,0.5253588392220834,3823.3453781627218,2.3318338858056418,1.5913163249338058,39.47324075732051,0.3308341502486155,0.0
20,171010.07458499802,33418.7792292878,15001066.094097262,670223.9533458377,0.6475553656249861,3561.8634613363456,2.082877411071538,0.07652385505315777,5.388237913276358,0.16662027049718336,0.0
21,1272368180.693503,402951999.7054555,30038529696.46338,3071943092.496913,0.7186505742684357,1629.2280126677601,19.90010309907888,0.10293049915372707,7.302512082447106,0.01079888255185882,0.0
22,20692312.856148243,2259571.7115567653,2239257209.9538293,95557272.61385414,0.5405076860678939,3058.489624689076,75.33724239110025,1.4051280644263262,25.614186975996187,0.16888905617634023,0.0
23,9248085.584867494,906948.6017505059,1213965522.4858367,45697155.00472126,0.6878408746286324,3950.908764986549,5.538391613998756,0.10837650143212266,7.996294071873754,0.23744225951593353,0.0
24,21269990.039539073,3887863.486503154,1215277465.4696784,76345386.36651127,0.5919193991594035,3057.6137276275667,69.5670388841299,0.7554266702255967,16.769388898440788,0.14796707432411432,0.0
25,51631268.58283571,7473246.719018802,3051578361.99773,193883986.00514004,0.7732048670463368,3116.8215346629863,183.95337931363196,0.18570577361012938,13.42623093797659,0.1530558530723633,0.0
26,4165.271987913786,360.5618126103218,1514810.0329107728,26704.94283860165,0.6591303381048141,4005.8088354217734,0.9298757951898495,0.155190398676692,10.451609458667786,0.17204598428266688,0.0
27,96952641.40197703,12058625.362797977,6570984803.614682,393255027.0696102,0.641397821828745,3565.848269890178,14.187429959731967,0.8495348369803921,23.463309415120783,0.1847936431261231,0.0
28,22103204.16786336,3959062.352252641,1164624833.8820248,78597506.23684397,0.6409614932601955,4065.740643508967,13.072828065931517,0.22720136070888194,15.54806837692083,0.1992271126707258,0.0
29,8543153.289483072,745126.3865549442,1602509706.225544,47482934.586318254,0.46013981158227296,3020.95621624041,15.409203282737533,0.15346317748417732,10.907807029726575,0.22820955279060073,0.0
30,4855.819870297813,748.8791256318033,1538908.9992699604,28193.055716854753,0.6799072053307955,3501.768594864071,0.8705928418154701,0.06236719095768448,4.440646369726968,0.15737315397178203,0.0
31,41408211.4192244,5511547.047889578,3988901039.5967813,181293183.86154085,0.7156085267632177,3925.289779728093,5.74112602618108,0.13837891782770234,9.766128337642224,0.14457457593198747,0.0
32,5667158.6885473225,508883.0635855304,928373555.0164274,29980489.55747079,0.2540701740648098,3382.5501086376653,2.2524510564305578,2.1330398016841685,40.12007556983865,0.2754058111895406,0.0
33,20996589.143074967,4681920.951629636,803876752.2562566,63963930.61257334,0.4165313433766202,3921.5929867031173,3.1729289807893672,1.5523238351548305,36.154703135379016,0.21609345633075175,0.0
34,3940.4799089605467,476.2988648840981,823695.5678709529,19889.968516229623,0.46138698358647456,4238.436380854844,0.9558118228102104,1.5507256639447278,35.26465323639465,0.22610933345157838,0.0
35,3956.250554447829,294.71029388270125,1636082.4545816495,27121.98744727151,0.7047447405012763,4117.926904135535,1.3574893144507747,0.13868803647502997,10.13707590474027,0.15004554245086021,0.0
36,6812.463504940899,2080.8881294478956,1549311.2566108597,32008.176247838088,0.6321790991972197,3604.721234435798,1.4525569878593088,0.8202183537666222,20.750242158128252,0.31981164728917066,0.0
37,13689034.670163069,4817127.743451061,650185046.4545912,42878753.17068766,0.6733110090375641,3349.826310656052,4.281520340674202,0.0644528642963846,4.667911060035644,0.21575715676190152,0.0
38,134907300.8186398,14267864.681280106,16298320427.129452,648776047.8079348,0.674114787862475,3784.411840838383,6.416034858478858,0.23938581878006177,16.22359200943759,0.15727745543542507,0.0
39,3824.8223463418035,580.1541365928642,1281917.9583658706,22751.90392598474,0.6296227259413973,4042.7749601167184,0.6947208903234535,0.13606169110843166,8.88649392903837,0.18131798241759473,0.0
40,6219526.151341414,986871.0136982728,413723633.44680965,23900596.418750655,0.8095979644052196,2836.797152702218,55.91790362490199,0.14671820831733662,10.52125672929168,0.27024198181322673,0.0
41,20091.514659899047,4049.0959263693453,3481401.487547525,94608.01356480867,0.7576294142231278,3757.7279331300397,2.224865122978852,0.22194687569224233,14.771107451808188,0.32007886337241676,0.0
42,5483.964491072254,3352.0380783421087,868059.3712896605,19002.625044209915,0.48708527236312626,3449.547605308494,1.7394694432038331,1.5219177870223342,33.93120030880806,0.39767196073338457,0.0
43,1451126.8136819704,339148.2422879266,35391598.25381365,4030815.7621484734,0.6350877222459198,3854.782527175874,2.434747261888782,0.14863434294347383,10.123902979191275,0.19497145295869558,0.0
44,2920739203.2340336,477611982.26632917,116610915616.16316,9912043232.764711,0.21133436207679002,1466.327607518094,355.5884428836403,4.171900088637441,73.21269736586387,0.08743504998633088,0.0
45,4913.6028482438505,536.9260229407453,1819165.2061768044,31840.286735742186,0.7027446462646096,3920.2297151957596,0.5198838751656195,0.038970091085371195,2.795827085851876,0.13313592663403037,0.0
46,21442.88137564698,13678.275233450704,1023887.7797347314,42706.08095150647,0.5422032978597271,3478.8018669537064,3.018643553083316,1.6268556786552577,41.098306772666334,0.5313130167946872,0.0
47,8670685.000585783,2238025.06213547,138250064.544701,21430951.818095315,0.729087254492019,3807.4954037531224,12.939044305847702,0.17244850503156792,11.937996895710743,0.10078556751673691,0.0
48,1690.820233939347,165.7566407629313,615342.1877042723,10708.812724518473,0.38494103421919756,4147.366269377581,0.4746435832036729,1.4739473513626569,30.39682018351932,0.22023774860495773,0.0
49,157250813.84119898,76504232.66779593,3882317202.700208,351064812.50668204,0.6591423008401922,3064.0732926552982,5.561643989309285,0.06046268270753226,4.3671957034510696,0.264725814825648,0.0
50,12011.607962877455,3603.200131976798,2185685.2888479824,52181.34908530089,0.6979211539232033,3602.8741908349934,1.4495665979043293,0.019350178438492537,1.4244879812252307,0.37044770158118745,0.0
51,10483.492549597366,1147.563005679894,2434603.3305765786,57388.3417899862,0.65264713863234,3644.262754509286,1.2394597633214304,0.18150547153968483,12.057751410226018,0.21258702881264813,0.0
52,19068.702769193194,6091.803341863909,2134580.872322484,65742.45049091666,0.6752795129038691,3484.6217848624437,1.538894519201247,0.15396083740257724,10.754966665776191,0.44103407188810473,0.0
53,62906.79254232155,17598.395671254973,8764228.838633979,262212.26385246636,0.6923851790189616,3483.9475227943594,3.068859230701676,0.819057142238694,20.99975352113928,0.28337246457395904,0.0
54,5063232.181738278,1510413.8804894367,268977217.6691912,17052315.049369,0.6287551296997994,3572.5823307640303,3.4223109411305193,0.10522231986644001,7.151568390201409,0.042347135239662416,0.0
55,16880.355844161164,4537.751234915957,2852041.731979429,73065.16138849649,0.6798405887005801,3549.242353879519,2.5180372770389705,0.1011690106688417,6.852307783523038,0.5837187188747317,0.0
56,5856.3779248550545,794.5695897638698,1714741.0868578113,33106.18770890697,0.6564600345432565,3551.254954694517,1.3431300175746277,0.043885577866644265,3.3221816278457155,0.5540788863434425,0.0
57,10157387.384679863,1825738.9488814888,851450283.1738412,40510682.543965936,0.6904511250786134,3892.8577726737403,3.4645296742296714,0.1792325323481318,12.671537548090432,0.22634264197586965,0.0
58,5385.370718905503,722.6741141555265,1447182.840538818,29127.55990442107,0.6777158122254295,3457.1351113856645,1.178665961610451,0.18074866370769566,12.298709623414975,0.37137785193228695,0.0
59,894335839.3129225,608024936.510037,12302915787.393646,1426724161.003017,0.7221625224351462,1866.0064867385038,103.6995280517233,0.1326346647236054,9.522449433820054,0.09361560971095881,0.0
60,4622918.393860112,584475.6025513932,408736472.30185694,19610686.986098148,0.7038288142486412,3960.537944741446,5.989146968745426,0.1656622942837771,11.063228727995691,0.2351134478028063,0.0
61,593743627.6561358,259552229.49650645,12068186999.79966,1328541395.9687176,0.6904706180391649,1560.4171300321248,10.320381145319445,0.167525092608546,10.987953480981963,0.1838031227552478,0.0
62,50082489.2887541,12241637.24147005,4138765912.0949807,187494644.06012082,0.6633610047476418,3790.034156114703,5.172521242064096,0.1573907037419109,10.826496329760834,0.14545393242144744,0.0
63,6763389.846815372,893322.9435600496,585992282.6224114,28675948.460680354,0.7082135910033708,3503.7519816358777,6.77954968335568,0.16625879402593116,11.812066991543556,0.33080985497798526,0.0
64,248913.7906561743,33511.5566011836,26306621.246864162,1071438.623295492,0.6106158800242886,3692.6672138328495,4.688168831469773,0.21725554775787873,15.077520676589993,0.18480489993270383,0.0
65,21573784.985087056,3015576.174853423,3911618985.1838202,108521462.91588339,0.754640965650594,3321.1435979758135,135.85463222609425,0.1235402255483244,8.916191230310707,0.35072539515458784,0.0
66,7445.7776655011985,3363.1499961876953,1181818.8598159533,27339.559763458692,0.6595885003998391,3451.5110914419247,1.2281351940837542,0.043500577581277164,3.179009581957543,0.256692269361258,0.0
67,19581874.29507237,1678162.6763377823,4394512581.108635,113394985.1091069,0.7460793645567035,3151.4356308040014,70.93551609288494,0.14962672289840623,10.774549586220035,0.2925980318632253,0.0
68,83299391.71543548,6017449.403016997,16113193903.97552,481007058.08196324,0.7383299828485745,3796.2297732064744,9.44633748321367,0.05023092192218916,3.5216334337937227,0.19376585538031904,0.0
69,8892103.742456311,768204.9946849956,1651155406.715698,49753579.85041903,0.6568857008388731,3790.3390980352733,23.729509859360057,0.0682498526913788,5.0180772344741955,0.18697075005038813,0.0
70,4709.490930891979,392.8431879921656,1718028.82818118,30622.048879199614,0.6083082535465273,3796.2635709576844,0.8958259234387852,0.08377147435654768,5.829983063481658,0.34498287938218947,0.0
71,829196047.8186939,116143437.2321516,57809314150.69684,3273360108.546235,0.7509769870393093,2993.3838421281366,32.41490569404482,0.12802286998660106,9.586920080770131,0.08969402641610368,0.0
72,85645193.89259233,15476991.136176784,3081426361.2211137,279172050.9982313,0.6128069700082511,3689.0567194692853,5.72149442373776,0.17858999486095017,12.49417087222588,0.0529286851763581,0.0
73,14941188.739491588,2549718.47013132,1012963269.9031799,57247880.041680716,0.6896230058393633,3658.4121560827953,30.501850245598998,0.12749682657990774,8.98497213244885,0.040322414518698356,0.0
74,12671420.079090534,4792757.804958149,493143563.4826312,37272528.31386133,0.6977615916777317,3438.103889976556,8.151105037619267,0.13824353894235603,9.909348228414611,0.12016872357323155,0.0
75,759997311.0004599,381906351.24174535,41434550962.587395,1963666107.7433944,0.7472958745108985,2113.080364076891,1332.729127732638,0.23952010747340946,17.491719097715475,0.1492140638765494,0.0
76,21857050.195688747,3093948.2036921764,2805314828.2479653,103462517.55862096,0.10089059381167745,4161.3372514967905,4.003392044106724,5.45495648469436,89.69854177414724,0.21816787698485024,0.0
77,21474.77891449312,10339.569514788822,2573964.5537129366,68640.79857800281,0.6810581279245669,3548.17057823283,1.6496761567507967,0.10709819992842178,6.962105884213885,0.23297100625691647,0.0
78,1691146.5861981635,408715.81726896885,115167670.47362176,6024560.013795039,0.6753715564369184,4224.0426127760165,1.9565899603488721,0.11085077243284198,7.459842611920029,0.14649965882631938,0.0
79,160211.23351837607,121815.2770229815,4111898.235436621,288674.5802528679,0.6437737192803967,3538.412025814763,1.338350851918531,0.03733603946529644,2.7562863670611177,0.12914478222811981,0.0
80,16816293.787089664,2884050.645392314,587510807.3962145,54523261.52552692,0.7648853506403415,3837.201143834278,19.417886201069386,0.1570876277192803,11.434533513763807,0.18296001946401977,0.0
81,2138904.634144129,583882.6807843021,80016585.73691654,6385850.678607483,0.6536915043130017,3526.562713471406,3.4334007446255517,0.10110281267026969,6.544664693277269,0.16689482427979696,0.0
82,59440.674324490574,16027.061102415246,4112210.6423024638,186247.91805532193,0.7513168062365938,3310.233323378383,1.813800102340353,0.09490880016001135,6.895502827636792,0.31230434468927937,0.0
83,10659800.186606342,1123807.3626592024,2456801642.1617475,61504591.43197626,0.724958191839229,3391.649413882486,64.67677582362322,0.7542619019121495,16.565407962693314,0.12057276091160969,0.0
84,32725462.93725177,4912810.742992924,2254961658.792975,126716636.41966538,0.7070414161146947,3619.9276098089003,16.906942490636016,0.17757419083046386,12.581973620594772,0.17828103220209524,0.0
85,2173252.4159500767,1102828.0901033026,103289283.14890824,5987786.127970921,0.7330534928271956,3488.7492470183156,6.441380191290823,0.14460389817337926,9.350529300892038,0.16485503250502762,0.0
86,816508.0455161438,66645.66430837315,141906598.04702476,4444969.444873465,0.5749440029183714,3846.4227541776468,14.000364590052303,1.55323507688913,36.29405638613038,0.12148755647491503,0.0
87,37151290.453066304,3832233.761119541,6912948675.712801,200569782.04312253,0.5793331545816581,3991.837737522653,2.091013888195845,0.09738278259117897,6.617370518259214,0.164796818216547,0.0
88,44379061.203530535,9953122.566877015,3373649633.636931,150971432.19459575,0.6701186015699317,3346.705719238788,92.56823487378065,0.10269766170154435,7.442091522845748,0.24019797284042685,0.0
89,29464746.446169477,3134745.414011263,3507383842.3960924,140475112.9862272,0.6487551909898548,3800.5207982264055,8.132609020943391,0.08391289167121085,5.979345326815967,0.16420222545356808,0.0
90,26869.591617605405,8139.595448231875,2950000.4914090065,99583.82878870502,0.7065823358368687,3757.6408610614662,0.8755669917237673,0.04856081749669201,3.548777944669767,0.09902259096781413,0.0
91,8522.665362692562,2362.3594928325483,1955079.8374409892,40106.87384450603,0.6103689006622814,3604.013365495322,1.3042256337653582,0.07732031111935678,5.434317123862186,0.09999497054426541,0.0
92,11116547.376690872,2294028.1425764216,1010017937.4149574,43933546.57409997,0.6934132429840739,3635.7181036180746,8.307225838098576,0.19619087214980543,13.15152211671661,0.25633846862699544,0.0
93,2292.841013426538,419.142062395954,974625.3383825956,14753.711809443403,0.6429948606256521,3707.6685009186613,0.36844625824123917,0.07780745767547223,5.545733913886113,0.11033602475318433,0.0
94,100494634.21006534,10682039.973635616,13400686192.950037,489260824.1829282,0.6669951276775238,3969.40993181727,7.382073554033913,0.16556965041728197,11.590070225096559,0.3098012000740589,0.0
95,13402.878451260296,2125.9460481617775,3819575.1301137796,76190.66874911907,0.6760268626449937,3494.5488585319204,1.537645569095468,0.14611958521025664,10.253799367574185,0.08404590074855729,0.0
96,64294390.02734528,10094774.284137998,3407147138.161933,233915522.54725567,0.6521015421649631,3543.184757356954,6.07330684597,0.06362509041046138,4.4956240045474445,0.1356768865693466,0.0
97,104893.41140138874,25053.395092783398,13830681.831392724,463959.3920895398,0.6965528549339579,4131.732090678182,1.4936380164905492,0.16047306489771226,10.508450662643561,0.25352986921474385,0.0
98,28832293.247898,5323697.182997352,1390524816.160144,100810555.35446733,0.6703927878716431,3734.0406427038797,3.9636880604398463,0.07338226376077808,5.358049552478791,0.22700503783387907,0.0
99,69821098.05576912,5620125.825767786,10898161160.716982,375250483.88780445,0.6871526406451343,3880.3599604252004,20.537830015423047,0.09832658619025247,6.874235466231194,0.1629241072276788,0.0
0,109869.18849113188,13934.412594185942,11928608.488210035,474410.3379179785,0.7340391470673369,3898.9831588256266,2.2757708785254467,0.06378989808179565,4.4159766757398415,0.44602721498742043,0.0
1,5492.005841260411,2723.160273816192,864788.5622467756,19134.38684581465,0.4467352603274448,3736.390557287054,1.428460677134804,1.583855627715564,38.15907599888263,0.29478849691660075,0.0
2,17841154.12470458,2311983.1112074605,1753383906.8578866,77466286.22900084,0.7199492028613277,3004.819860979498,61.42978470132675,0.11556262291617747,8.593096049622448,0.04133078197521111,0.0
3,68241026.39870304,7392689.355067233,10268468362.686972,337638608.6413492,0.6940787237288918,3576.9366628942134,27.417121164601543,0.04819583700305641,3.4768243672019836,0.40568504879764844,0.0
4,12026484.468307693,875622.3298635588,2982314254.0980616,73811780.6669127,0.5224096303780985,3743.5066797667982,24.38333046290867,1.5060706873697594,32.90384899466882,0.2917396199871936,0.0
5,19276.702878793498,4586.484390992989,4007597.0381157636,93828.54649981963,0.7610723842414187,3407.765831853965,3.739733264375914,0.06904881089082275,5.0724217766664355,0.2592426674875762,0.0
6,692439.550405367,83937.20779677578,69979608.94963558,3061280.85335378,0.6864647539299047,4046.563222733152,2.3355611709581523,0.1413002665227019,9.42743956100524,0.26518405636212716,0.0
7,172388559.43298203,11429761.706632972,39368286986.84508,1052887200.903883,0.7172171644552494,4023.1035209205556,20.398603607582302,0.10071528038075198,6.876608002742192,0.22898031106724706,0.0
8,2522608.812901671,491264.81220548955,230618656.1073934,9939874.905281225,0.6293297403272592,3556.20730811154,1.896023332640233,0.08850272741756574,6.34188612827388,0.12711601999951982,0.0
9,11582919.197069388,904501.1471924683,2004394348.3155265,64184812.79105822,0.7221131896580855,3858.435927279552,12.732118671054028,0.054782387722539475,3.832350328915834,0.16415706758697698,0.0
10,22170827.18230599,3645171.076648332,2172038235.6067038,95227097.17622207,0.6477357387291028,3881.4935155111843,5.064711300236908,0.12615620685769188,9.110706041671964,0.2607957345634819,0.0
11,22952.884756295505,9622.443326537777,3660003.2747109495,93896.1016525995,0.6204428937145295,3705.5397351207175,1.817371335956579,0.07382592627400361,5.349421855215921,0.21455181651553004,0.0
12,1909002.6878409982,374686.6347153288,75886820.35107084,6148086.588281389,0.6545363629730488,3747.363841838991,3.7579992324928853,0.1563042659789134,11.25572380049948,0.11453637395436758,0.0
13,48149165.63991023,8936265.314955754,2077822362.624813,162420737.72350264,0.7272256578438865,3598.5730776459004,11.189200405221724,0.09771270434504417,6.94220451284033,0.14461626254459076,0.0
14,21542.915968134574,3985.6348262707643,4419144.535607666,108014.802049994,0.6442925604067458,3483.907364662872,2.7557214218670945,0.15818289371268063,10.988243650540355,0.26352621186815,0.0
15,10621.489920143313,3310.7417327157846,1930190.0926943328,45423.26622912772,0.6639507597028935,3451.9736947883,1.2306574224971556,0.05686680866481009,4.140162545867993,0.520921459843085,0.0
16,16226156.860459995,1097507.5944204428,4163387019.1203756,101433613.01531348,0.5028004381781435,3870.2651722165565,11.586737404340175,1.4936522846255198,32.07485950229137,0.43754749425437933,0.0
17,1386216.0281529701,211106.16850167915,102250269.66766943,5341581.22287033,0.6027957168376032,3800.1801480364397,15.454784557704166,0.7465759347040751,15.982727104102986,0.21943654882346192,0.0
18,252261.20089909402,41947.19049371204,15373632.172489366,915223.6875261127,0.6806648192934062,3930.2646422526855,1.9727633342816588,0.1245760487809398,8.847212951146755,0.06142752312312216,0.0
19,14841925.554591034,998759.8044110241,3405331422.5677896,90641986.45272116,0.5599474174674498,4139.60379085241,6.266207716831789,0.10573831947760723,7.749925265998198,0.23262848033243694,0.0
20,10068285.248326693,3127011.040177013,397220786.9270158,29387936.83603692,0.6332695786502416,3514.7519499365635,6.761385879405113,0.09044583667243708,6.461054583701211,0.06722687067174532,0.0
21,3315084.8538840353,389508.4746262657,368067052.64414275,15129247.000063727,0.764495464667088,3584.3903478330894,4.1047899629194875,0.040773899294484384,3.035148207868525,0.27676969453603906,0.0
22,37224505.59324698,7643926.59496015,1441242744.088685,117607170.40674865,0.7037880509145343,3082.097231577908,58.88094024027023,0.06990268444172605,5.144770283844363,0.1433499741558432,0.0
23,6051308.493634505,875946.5157916446,864989427.7670349,29234033.059369583,0.597450872581281,4160.214023204882,3.4858566069025265,0.7976850174654914,18.80370822657825,0.24211888852312508,0.0
24,5044338.48520526,470094.1051359012,915895866.4737478,27160908.694202315,0.4437178328313089,3871.0576613029007,6.538761903785831,2.818000964785377,51.55431194300074,0.2577057651307881,0.0
25,4973440.205668755,599183.163144062,345185255.7472386,20405973.281443518,0.7394002765704827,3668.887458757433,2.494451998500021,0.0670477528163607,4.8243380862145155,0.18988060698100825,0.0
26,24325.466088290264,2141.2404187640923,6735115.626258595,145082.88414416809,0.7113970168164447,3817.254362272986,1.6864810412317872,0.06256486209282172,4.589266033958604,0.592015619653691,0.0
27,23280160.91074578,2541545.9247923503,3056325737.318438,110697619.51901369,0.4916301481039854,3479.2518134845795,86.02921689093904,1.466226277834223,30.065745157659467,0.18595090903512426,0.0
28,97129.28593503455,21349.5517611904,4486745.893847507,301011.82820751634,0.7529889549087184,3515.018468451187,2.9722321876717634,0.15871950587928288,10.731759724092448,0.1421873014804679,0.0
29,22752.444415869573,4226.064026189153,4625123.445221452,111575.06886397341,0.6723671572125081,3203.2730713893816,5.815921644669502,0.16658088134355725,11.55132433089897,0.1965441570554274,0.0
30,1221009549.7424808,533782080.62816274,15293616483.598536,2335653614.5206776,0.7074220472297108,2143.390860346345,162.26639974666534,0.1321249677067664,9.590933931503155,0.20287579606267445,0.0
31,11568514.326775696,2275393.388824151,1223259140.4448445,47890810.37091219,0.7273140883054932,3616.085341308877,6.565657816340675,0.0545214346747314,4.054953215815084,0.12179356577855452,0.0
32,15555272077.727448,2047459888.5924668,1039140594474.858,61426449289.44905,0.7637837541182224,1669.3598132475645,55.47016218139526,0.11264173150467452,8.282563622907363,0.10981129912945051,0.0
33,79121931.150417,6262956.512977386,12841195242.752594,430583438.2204504,0.7319706314603907,3583.825969931347,8.632552069464397,0.03962325423496767,2.414068935519971,0.1641209511817097,0.0
34,19678712.970983513,1296417.4019963394,4675508827.176813,121406067.27861771,0.5356131923253604,3340.7732955741594,34.58997702232436,1.4810523172243468,31.15636549912616,0.24227294823085885,0.0
35,18141877.54149357,3227951.6422798056,1280943097.43135,69834463.99324648,0.5993757847187101,3713.9448827977317,3.0151851479227703,0.031962814730636245,2.3437884588143887,0.19344413613684017,0.0
36,6240881.390341839,1196648.5988602352,439446553.86642724,22398105.348604698,0.6230191298524007,4287.941224610768,2.0901252061367956,0.15911667638541188,10.579128298052362,0.21346480540491455,0.0
37,2828179.114615547,882403.7765894277,76186019.6854914,7604542.700446057,0.7312782347485106,3533.2483532758724,15.30501216739656,0.14737512210253617,10.16972182405068,0.10963266113156948,0.0
38,11764.59093608634,4068.2901647462945,2411081.6025053295,53555.972693218035,0.6508549392265899,3402.1501260335895,1.4958135543930102,0.05601825969459266,3.8641133446652036,0.3614526732139529,0.0
39,8292885.874111578,758742.3673314364,997748920.6543753,40892366.54461878,0.7852443806798073,3836.128852417469,4.075153426981991,0.044995073488959036,3.3972634795855727,0.12517657907386684,0.0
40,138678778.16081733,74245834.65737143,2407593956.273203,278705346.1961412,0.7220288762724614,3456.7065603093265,7.347465583149184,0.15132025219405554,10.967625445302364,0.03449330996624815,0.0
41,10619715.206190538,612668.828829232,4066085066.969342,75623828.23835476,0.8011311557768032,3703.047441450756,13.4264519488336,0.0930685972280469,6.471542730587172,0.3868529723684304,0.0
42,346391.7837529144,108592.26763393378,28210105.3827342,1223428.2870778828,0.49102934822389643,3067.7869090896756,7.089320583079458,2.8248396918861802,52.19352819751655,0.43023919451163334,0.0
43,4078870.8034265125,1584397.0702991416,52233852.7606973,8503019.73080063,0.7362670338699046,3339.640083413842,8.729517402428938,0.13371000166267608,9.210304259341397,0.1474332514563048,0.0
44,13019652.54484379,1171827.7501646434,1961576894.038945,68058199.84441397,0.7441089503811711,3343.5304449200466,36.49669935620033,0.07838672683607033,5.787463295869651,0.11839672417897219,0.0
45,3137.732940792712,900.9100823041994,757565.0788312117,15078.45866182376,0.08999958322526178,3669.5820601566174,1.1321328536143704,5.465234508932062,90.81181482110013,0.46057813318928614,0.0
46,5799533.238472717,920552.2874753323,510977136.2356535,23519086.11550099,0.6384509755201251,3654.2216071487865,5.568794709736324,0.14345877763474765,10.244680129999239,0.2013310007941839,0.0
47,375217403.45199424,57649548.95424893,20545313814.888103,1376525642.0516918,0.7703167945336171,3009.4430565322136,2466.0583037660203,0.25404934121643946,18.482362308892192,0.11162270322977132,0.0
48,478126658.27325773,230663492.9879725,10635089326.58721,1046776197.2344166,0.7115854391872606,1661.961713294696,9.394301799749941,0.11328623998028453,7.787457124400778,0.21379395065027706,0.0
49,75647.24936527185,11321.384188348922,11781365.939152246,352940.37752890383,0.6470395345570541,4234.603703143699,1.6294219900987945,0.155386758819047,10.127675938879218,0.23842846596790784,0.0
50,5769.191031948777,782.7172803792638,1165861.035559407,27641.1454024743,0.22800461114815565,4266.364452918783,1.624929913024121,4.2202836412566835,75.43633842381999,0.34710625550934177,0.0
51,4248.102706685403,728.6703434399708,1385980.5354939369,24976.697959539415,0.6652088890740911,3788.1147819826465,0.5882532615361101,0.07383681683027107,5.339045049378522,0.30418946837577715,0.0
52,89517478.62839213,24113717.48652981,4906334622.976347,288825893.78602564,0.7071170654682792,3906.542799180645,6.058376515527295,0.12031792112344472,8.864113592199523,0.2705301273330624,0.0
53,8461162409.858014,1045379110.135265,595845016691.2456,34511351936.23276,0.6858732681185777,787.329628086696,37.950665152833544,0.13774678286581662,9.67552464259846,0.09540920070572557,0.0
54,532533.4356376969,44845.403726163866,166380083.57922798,3383025.619082076,0.5621837783011009,3921.927396335454,7.648278113411453,1.4596484450151943,29.66141356874538,0.33081429445972116,0.0
55,3995.2791820743614,734.8664942221683,1504185.6960555627,24820.16459860831,0.6964721203896407,3903.7923690584466,1.443782869135718,0.1497230059704818,10.33414815515205,0.3328404059989742,0.0
56,115117346.6436053,38788738.170557246,3840640888.988532,318450608.42370504,0.6378655403623932,3456.8257728199005,7.836170096549385,0.07100169576665802,4.779116504885401,0.09164849822484349,0.0
57,16237465.967669267,2101700.5170864724,2876977853.010157,84436715.73002301,0.7700489125410594,3215.61788172824,151.73048416525333,0.1397152478344413,10.353617566830163,0.23835447579858302,0.0
58,28616458.781184673,7212159.242948455,863401256.4991548,78114452.60182604,0.415966796816672,2780.4730734817495,68.37377433270456,2.221168840335637,46.810679779347666,0.15596789621985965,0.0
59,17332043.48988808,1268865.2165048965,4346298713.485643,106800049.28733848,0.7704713009089854,3194.7928392007084,97.22266592033232,0.07090676786600776,5.136701808602588,0.31189665724046056,0.0
60,67055.08567795977,27463.711186786364,5540798.007686479,229193.33044284303,0.659863640960828,3886.005219944461,3.030094880089313,0.7849308227928081,18.956711937741527,0.22735633215970422,0.0
61,4337370.1515441835,1183710.6037417937,290331801.61987156,15688255.434234377,0.6720521817589022,3427.508531389075,6.732923790630028,0.09442419987406962,6.492227890127798,0.16449630352056374,0.0
62,8554771.610785048,849519.5500426285,1130980469.7865424,42797131.50604239,0.7499800570144796,3219.085356640129,12.775887594287225,0.7677428680286025,17.477029863163523,0.23415855230303986,0.0
63,53311569.190238625,8031659.521443948,3393260255.4383607,206250895.3932353,0.6743669687931529,3608.4262774058875,6.098583865805819,0.10419989091702533,7.44610434331743,0.09674627202348692,0.0
64,7540298.919085436,1443693.3607926324,351762440.27658004,25921440.77125574,0.4458036211915526,3668.346116827879,4.6765705848120795,1.5527583815449815,35.81782930341946,0.28914121043751706,0.0
65,43070355.6556033,6590083.811413882,2467894585.0996175,161898182.7895679,0.6680802709659562,3987.5437243007086,5.733166131690911,0.8218395885900188,20.814259537041874,0.17444438867586987,0.0
66,4400.1453373895565,2626.639671839615,634790.8457811114,14297.051779122534,0.07700964599996643,3566.569227910224,1.075256791730705,5.506276419312541,93.49058741036283,0.38608478127332896,0.0
67,126957.27057583924,62706.778150812956,4361537.430586127,268192.72791457153,0.7299577847526135,3383.4665822941647,7.2106778066605255,0.12100500313304678,8.667155620887495,0.5358203731933935,0.0
68,76343806.79571348,14193157.387479696,3907486596.7462263,263670387.33166963,0.6038845112011194,3943.242851816567,5.116887916806497,0.1936407414557209,13.135063489125276,0.1109827933436918,0.0
69,13284966.528403947,2963467.159369208,461233681.6911375,38568587.037221275,0.697863012934728,3600.9854005021166,28.03157997440054,0.08021290595043133,5.836850326201589,0.20499498341235478,0.0
70,26537840.80834839,3680340.8796666428,1405473607.6121516,99116531.93668485,0.7426779113973796,3631.2680949506403,6.643402893320961,0.044334915072253976,3.0434518907206156,0.03549995451860988,0.0
71,7408163.359341979,1159842.1761245837,529898161.824525,28347618.774109624,0.6881451018283408,4021.231637135118,3.576797001422361,0.09277411270375442,6.743768796954159,0.19637423423640607,0.0
72,60036.14384613289,56609.12902244448,1080252.7584576996,83216.85389273308,0.08600860684944212,3642.7128215812236,2.740921947350433,5.499681184808706,93.25850093385854,0.4226434175496708,0.0
73,16193642.126186034,1610176.9185148545,2352872660.999406,81990856.38697752,0.6907827436129816,4104.933371910479,42.81817349774124,0.08469205200113165,6.187147506201109,0.17433650330094677,0.0
74,1618.9879474545487,229.60686811831383,743271.236298392,11079.73508659025,0.6373712651162828,3689.463490048571,0.42279023842558855,0.08415175679956972,5.824996674089277,0.4064023971600909,0.0
75,83232508.9264351,17614140.771721475,10066405439.220417,358126783.2384242,0.6529096828818611,3934.0904527501048,2.7295788549911184,0.19149051377930676,12.814344253334749,0.10496582648400116,0.0
76,5890.871733122909,987.1472578328414,1701456.9273737601,33647.53613466544,0.6071825661153902,3654.875363830119,0.7994921443084512,0.7623328715412521,16.98543905270295,0.5117777470870827,0.0
77,9394.287555292265,1564.3134545320222,1963420.6631159112,45524.24048217548,0.6080645033582955,3518.8446796804174,1.0293235756505168,0.01870761376147545,1.2780301779716354,0.2457985236764824,0.0
78,4926.364722874698,702.4514608390584,1223505.557880843,26308.02335657089,0.4450461104796908,3757.4919032854987,1.4845813811890796,1.547875207303861,35.42773477123528,0.23672725612262158,0.0
79,5072547.476971605,983782.5740161259,310638278.67808676,17600169.696009044,0.618155405154047,4057.967980274488,3.080215159399084,0.16633297522496235,11.150907958889908,0.10384009367675445,0.0
80,2787458.2612455157,440888.69332767033,113347443.25914998,9545512.757361311,0.6139922328469449,3549.5201189427953,3.1625405244252716,0.7460475438039931,15.898323376902374,0.11978797930163551,0.0
81,15220951.97295923,1018380.339837588,4664500373.425835,99670753.81982586,0.49684831533825297,3371.1277105644303,5.38198847236861,1.511137869396663,33.03342092487762,0.34768322904401094,0.0
82,654285.1633943304,108281.2859730157,62816726.05078747,2763434.3867807253,0.6415633076963554,4164.563553515192,3.993358328232785,0.11302009624120526,7.789913902852646,0.23176578269035544,0.0
83,262029206.8305447,49184863.59098244,15298095496.805918,929272593.8883159,0.6000339371939766,3404.5585217261605,7.205450495718886,0.20748680942084005,14.59248915804917,0.1248561569014603,0.0
84,1211.235954581734,159.10160139083274,504238.3406128989,7890.963596763495,0.3574170442920989,3827.4066741199013,0.5113666796084126,2.752544614763156,46.65956240429544,0.4599294224674812,0.0
85,41780635.823157445,5822748.120323658,3687936610.5520616,176982180.51763433,0.5935440427550759,3742.785247646246,4.9954058192692505,0.2637308409348972,17.433449050357016,0.15919179383713689,0.0
86,4401653.516294949,982534.4022928458,108949860.07050376,12178049.72181508,0.6968288024791953,3672.504263433114,6.64226624538569,0.219691317771475,15.452108387000049,0.11468316851797764,0.0
87,12710.965794925674,1719.430195150985,2701414.450657306,64599.052649696634,0.5024313146739886,3709.614822049066,3.8524599995266144,1.547063729235546,35.835105525854104,0.4895813269728778,0.0
88,5391.573773314459,693.0749363895318,1686385.3471676528,31731.869893951265,0.6326479978611477,3715.069844368804,0.9219312506826282,0.08672236443917436,6.148565080715978,0.2140957856752531,0.0
89,20704445.901511397,1575816.5755437412,4559344230.6284275,121891413.7215809,0.5447094707549734,4073.8446243695157,37.67081506319246,1.4981684746387087,32.14964770151253,0.17448851160967083,0.0
90,4161512.352978144,868993.9883987248,163148880.4595786,13029771.544934364,0.6719645736557629,4035.880601517638,4.184760585575023,0.10481581900158946,7.6657611508696535,0.10979496258541102,0.0
91,2108873.9497589488,218679.95097227482,313252049.83171207,10713795.482683674,0.72620736940739,3734.1292509100604,6.606944601903679,0.1502429831276241,10.788642529374801,0.2033783063286753,0.0
92,18778891.546961255,3062617.256408287,3250429794.709773,89689665.26035185,0.7583854175263463,3342.2668839959238,28.08543609279652,0.11524387661139972,8.376555569224958,0.2789843613704006,0.0
93,927.293403832279,59.272500492282916,457279.76368541084,6896.777199018245,0.3095787031735524,4417.396435508081,0.6496115697516285,3.4766849604316676,60.74990326758475,0.1250032939399659,0.0
94,2301476.150351612,484150.3740669964,82736090.63142616,7249191.346273568,0.6401263406491006,3855.205185912798,1.8949478942003546,0.10067870831427213,7.278492627409966,0.41460630204877025,0.0
95,1642495.1421469352,231283.51086132615,152081368.9239207,6977140.13406906,0.6636481177002043,3967.981473204005,4.4016172899974295,0.12612776509821844,9.058429139512219,0.1362020296222944,0.0
96,19065324.93830072,2723922.4273310727,1709406494.7611363,79536365.28298137,0.6936892592025732,3542.2793382894306,14.540101718693894,0.1812121252765837,11.919877646185412,0.2030106429933687,0.0
97,323223.257374657,91413.89614431959,12669899.660038475,871229.4716730323,0.6426634478495352,3800.101876909515,3.049307985222658,0.7336169664063827,14.851993632677733,0.5292489769184647,0.0
98,4964.115965684493,1561.4865293479493,1338255.8302362536,25034.257777018116,0.6666607331253636,3477.468846155294,1.3877254138446917,0.7781339089398422,18.18254524637546,0.0358270230319534,0.0
99,1454755.3686044337,317283.17201589554,64924437.81508193,4643447.649236371,0.6624802131557692,4076.400991751634,3.1909724596785667,0.13468311436288155,9.567873008464192,0.11203831389077074,0.0
0,3820840715.8991966,1055077480.5792687,67278386610.78667,9260755261.550755,0.687256711317067,739.0753289207064,144.2477402151365,0.7666718585038499,17.27829567786346,0.07988276914358772,0.0
1,18188.855944482635,6315.321597350264,2505363.357163041,73062.09700003723,0.7153833510483201,3872.1349971420505,1.3873928925433374,0.09311494252872823,6.563391182784601,0.15555301936189297,0.0
2,28264550.900107525,3495606.221326188,4684810528.821093,142260471.47150987,0.4598427187408863,3547.3287135053106,32.017808326105985,1.4415676502259607,28.507491494391353,0.18718913471661072,0.0
3,12647541.284937695,1002424.5874643062,2087194080.998452,69066241.1894824,0.7016042407811962,3944.0740088135362,19.735075312608878,0.09964303707357373,7.234595479032332,0.048290785400875405,0.0
4,8032639.351706939,708556.7518379888,1149379556.8119252,41554805.803701326,0.6421912033788897,3376.1341029424993,20.306956359360967,0.777826588029163,18.23491825089942,0.1536642880164382,0.0
5,12287368.316629125,1170302.1735424316,2255250013.7927485,67571091.46158202,0.7299598507157515,2933.2845580089706,93.19663630101039,0.2161744499381058,15.135112381550481,0.16390024004922185,0.0
6,8718253.091653025,983728.4948646066,946145465.421279,39658044.812237926,0.6094670224458641,3872.5348328483597,2.8122718254716075,0.0808758300905267,5.052592137899128,0.3552741176698881,0.0
7,44524.35866928329,28659.492434314692,3479294.1835238053,116215.14040472175,0.6677984145395276,3310.6797792265015,2.5920123007885625,0.05379127554618277,3.8954015213051507,0.1492679734481898,0.0
8,4793388.056754473,800855.8360673299,291509975.6491892,17836933.53195453,0.6368534997681503,3820.143311751811,3.7476689660553113,0.13479264670596738,9.40175961206123,0.14873294359725595,0.0
9,2699589714.271532,1340689941.2517347,29330669761.064564,4854689481.933951,0.5025459311309662,1396.6840301097352,220.7228650474303,1.475051556432465,30.611970455567956,0.05626646760502147,0.0
10,35072578.74388408,4080226.5814320026,4573260235.6685095,163668402.98130244,0.7369669628333761,3023.335880768045,48.90054241353079,0.027554024952522304,1.9068301567460666,0.2187126991658227,0.0
11,27166740.39535878,6184752.431595196,633622348.5165884,73865583.54540339,0.7276124478007256,3762.675584624866,13.890509651757757,0.16504375193420193,11.882818728582114,0.2575741701904436,0.0
12,3030947.913074366,472431.7379554738,165377818.38063556,11109997.144894201,0.707353143677623,3601.7747787857306,8.005937689568263,0.14030008903960303,10.244216726911976,0.14745582499856677,0.0
13,580999.1480726689,110345.70942587257,26890257.84182591,1907130.7391555111,0.6505430971745512,3656.374280892248,4.4009427709357745,0.7435802735272373,15.701884936294174,0.15504658563697868,0.0
14,2915183.4672257532,678150.1824706288,239481864.80106717,10366488.643967565,0.66164531686901,3548.8071516986543,3.880930003080895,0.21554703505441833,14.13138397345133,0.2537253504659563,0.0
15,16738.333594197895,4620.654768527171,2196757.595863915,64930.10568133254,0.7282160606913459,3522.79268023613,2.684596190685395,0.18162426283104827,13.032542288079458,0.19818533554979012,0.0
16,13171341.770674143,1181736.573142978,2670766673.660302,75198346.00424737,0.5976788642583958,3258.546476361028,18.407703086852713,0.734225996302013,14.991008476336088,0.2449173926523709,0.0
17,30372.831254388868,6090.471122295881,3949328.11760996,122934.99323471534,0.6451962557569548,3652.471961286161,1.6203354282976021,0.11253043024380878,7.967453171571259,0.24305065625477296,0.0
18,94903442.64453176,26891875.183818053,5613168109.514404,309422556.13741636,0.508088937730947,3202.3133750047937,161.47337751392286,1.4313562524055563,27.614445338073033,0.08354189271424893,0.0
19,10837923.430160468,1034666.4923324719,2463677161.3439894,62211741.89204864,0.69825748385491,3272.7244779512885,39.28628110098859,0.05576814692619116,4.144876314266348,0.3017026830363414,0.0
20,14077060.872733781,3783601.419432535,444677341.161019,41477534.96884141,0.3159788279422156,3804.272471862132,5.228096087740884,4.125334274227012,69.58771870183685,0.08938972103388607,0.0
21,3762285.231764164,505506.48256222194,314812164.73582846,15780448.84049127,0.7266045159712962,3309.5198839841732,18.463433997878603,0.11538689765516415,7.9756617731783646,0.12790862419537324,0.0
22,78944584.15746868,7220650.219940627,13802876492.720358,427280065.6113368,0.1715364445508618,4193.625387219484,4.668367213520873,3.5190164600692304,64.2801586985808,0.23007610083306926,0.0
23,4972750.550844787,598957.3654633078,345883706.8321344,20403720.688788526,0.7096905084955887,3626.97867082043,2.2999090077186732,0.042215782799900924,2.970884985773118,0.18450552266233564,0.0
24,483957094.1255829,152952419.8953007,5060768514.579027,1045101083.4458183,0.7261266143049582,1923.0170338396103,28.097502186483588,0.12325948881687579,8.768000577406546,0.13688265981284606,0.0
25,8949213.38580372,2015059.0346551866,509515660.3798357,27611168.87329676,0.739780483712827,3340.1582448357826,46.01566193636875,0.06364073558878776,4.574228434894252,0.3250688734299716,0.0
26,502198.65206307155,36430.24606730472,160302493.78182998,3288505.3587847464,0.4906297584849736,3541.4201901029182,1.7626144247206907,1.441229218828022,28.15438928353305,0.47946459716304374,0.0
27,18472250.777436413,1424627.5944923437,4431636385.317681,112250472.52208991,0.7790533393492487,2850.2279392354576,90.09695869818925,0.05881895077944863,4.004318375727645,0.2502813613921452,0.0
28,70262116.78588477,5794120.201867457,11086927269.380379,377118177.8028355,0.6724530985497144,4054.5226210796354,8.10427453758158,0.1784974986314179,12.508410089681451,0.17183483328265364,0.0
29,4970130.492628729,736928.7434298324,505889958.4177759,21438786.267896436,0.7812277283041419,2848.918453941368,49.279672726213235,0.11318986037670378,8.224460499971686,0.3085228140513589,0.0
30,303434199.0046838,78146893.09480166,12888046211.393095,922659605.0251108,0.6540790520038304,3354.17930792667,6.496943591027021,0.10033941763481007,7.17776869477149,0.13080218901843618,0.0
31,11657992.954465937,854087.9357777117,2745882273.0820694,70485752.50554839,0.6630799129935513,3262.318187200948,10.706921401310238,0.8051937470515125,20.328170523228856,0.10952994954496027,0.0
32,19428.56822288314,2705.101640442315,5116371.50939048,108328.77804556822,0.7200332237099464,3632.4804048956103,3.0274138202828897,0.10541968674576499,7.585097883033347,0.24948518102904996,0.0
33,10061114.919561904,586603.1206336527,3400304939.0649633,69431433.52872248,0.6619963253895539,3203.40183574597,2.8096905796653093,0.8163763523779952,21.008988547763995,0.3314476434454477,0.0
34,163188842.0730098,15323356.734406758,22712125977.68348,824896195.7814362,0.6071699645972031,3796.2464437401786,6.798518905320537,0.13671908414659698,9.155182141690542,0.15540653075728375,0.0
35,4999867.572634718,785629.1811280779,292006605.2681822,18290047.94418424,0.06952573712830809,4380.149230852409,3.3766714982938772,5.4029281152395345,86.49119285084478,0.37510017778646165,0.0
36,5396.833195528025,860.4133292591399,1558023.0340613679,30317.908770836122,0.6007504863818044,3815.1695399047658,0.9092496874408901,0.7483191937027986,15.891052869717466,0.19208082303542187,0.0
37,22638424.891242426,1782913.4298651027,5569747228.186978,135083874.79546142,0.6629012830434983,3645.0341679375388,15.599137792538652,0.13003489405160318,9.52331856801036,0.295656363184406,0.0
38,147377.7331827913,100988.41162485308,9003974.477857763,384845.5953030771,0.7125107735074064,3726.588137264027,2.7697704832535246,0.11416747601214379,7.272206608184318,0.08231726647636413,0.0
39,3439.0775010167577,342.6702888088281,1460877.9330772622,23146.524809107592,0.6950913058814945,4114.055080436365,0.9074463642491111,0.21526995599525173,14.351313816654448,0.1997992306404545,0.0
40,2108.657834710391,188.95884330212655,925350.6509782562,14479.333401167081,0.6673253219357795,3903.4241941782366,0.7964567151072608,0.2397535199006696,16.473008536614515,0.36259086336147267,0.0
41,11584.600194802022,3540.007906151595,1501760.0640542787,44372.141546508574,0.09646123183242745,3678.277340072584,1.8548956439362072,5.502958832913917,93.14456106923255,0.39196770103734374,0.0
42,1956746307.9149983,1373089773.294168,6384597877.903222,2627884516.901068,0.5110273078561987,282.338908509426,8.40729802322599,0.1559934127471089,10.773726070162985,0.1991727615204932,0.0
43,3023175166.2485523,2133885174.5223098,7683411912.064641,3876664678.9226074,0.7249476122483216,198.718506874039,9.896712498067961,0.051178663328366,3.6852729487194464,0.03874423609669921,0.0
44,595043.2492452727,134082.23958904177,30439527.69560348,1932064.6369302378,0.70158180475852,3539.2122546359437,4.138057131617821,0.07696038635029492,5.603825715874433,0.27155744635912094,0.0
45,7509578.202576938,1415119.5188674803,543064892.6954104,28026237.428998433,0.6267909461560418,4265.582168912014,2.3232838272146337,0.14962781276067041,9.713784232425109,0.177524018180415,0.0
46,22255.39123545992,5908.731520147895,3502764.064024628,94497.4598881009,0.6307899695294958,3588.387398304554,3.0516117091225796,0.07181270087934193,5.232352548098483,0.6135789552706677,0.0
47,92886549.22094864,11656871.007001448,7058914050.694397,388124414.7772175,0.4973643254862436,3834.339898061935,16.42895135582098,1.5334186301345105,34.73956085239695,0.03328405071333587,0.0
48,37524663.755971454,11227812.064475905,523313276.72337854,85110584.98078986,0.703871517555353,3349.157804849461,15.086515747663531,0.1305240124347896,9.264020621153206,0.20539293167193998,0.0
49,4132.335523701879,371.4634161884051,1043191.828494934,24041.008280621976,0.0866919740470766,4131.357451844836,0.9692646808219023,5.453659723291233,89.65297770592409,0.41300759142318516,0.0
50,22580962.194906157,2025680.6954641095,4797416130.649633,127041129.70191595,0.729383970732915,3155.1009078602474,83.60192455251413,0.12228988554063429,8.703360736527134,0.16982611372646775,0.0
51,6451486.874655062,549171.4273610889,946114830.2589598,33735919.01446079,0.4331923025711628,3525.241485452928,11.19374976839423,2.1360317934362776,40.3216352047546,0.2173399772041226,0.0
52,26383.995836818627,12051.615145468417,2061740.9913288753,73591.4711429325,0.6467262581515778,3419.3520490582514,2.1083395990374605,0.025259173404509384,1.7250314928834698,0.41942163121030157,0.0
53,27318.187569096415,9981.272413683018,2503169.23265284,88083.53348656741,0.673149419827919,3558.573757188986,2.0098283727962056,0.13546955886964787,9.469602398435837,0.29343826141622903,0.0
54,6076.228524470411,1053.2824723743474,1697487.7878168572,33781.940401624524,0.6332331818972083,3524.9822708454863,1.3807144622263985,0.0963099747715698,6.556057008012175,0.30001529345707195,0.0
55,4141753.808999871,712453.906328927,309556272.92999464,15859189.449358683,0.6753579089358492,4130.368122561977,4.025116203105331,0.14921260036115794,10.556631084355558,0.16235132676804545,0.0
56,38977005.281818554,3632349.487839705,6226308301.050472,205038769.8320973,0.6810274694031382,4311.370334275785,6.467050424516892,0.17837933875977,12.009329976905853,0.23407912543374085,0.0
57,79062.24828773754,11207.240100956196,8032648.920385594,322961.2221314156,0.7213011643578469,3939.2391117896564,3.8158203043545886,0.09079831384487154,6.471920328392875,0.4006396833013328,0.0
58,66142967.52240654,9863228.030705363,6278645806.670896,269448106.3559538,0.5357426541125057,3397.7045698901475,78.67832606329378,1.4171706262850203,26.39659209958968,0.1472553316390793,0.0
59,1886438.4002326578,204601.49186346872,218956941.32857585,8744006.755111368,0.6032464512083346,3991.7733041027873,2.65444124008081,0.08676503426125733,5.914392531322247,0.21929658744452488,0.0
60,9931227.897803066,3466260.335333762,525283308.8089695,31968985.682075273,0.6932929719368202,3765.5243385076656,10.187478010673408,0.17895098473530133,12.209220109257114,0.13031782907683442,0.0
61,6448901.445050163,732530.9756167043,601228762.2042725,28633106.697855264,0.5035700199212652,3509.0788034860243,15.557509649047631,1.505768650569106,32.639625074727164,0.10894376557252582,0.0
62,270470462.3887518,75188734.62704167,8876924275.934765,751609746.9106729,0.7100709181766797,3048.9553737764754,13.245939520364105,0.0845734937248837,5.911877147585767,0.12147192901914848,0.0
63,66702600.88693209,5266692.495777455,10948810656.918728,364637258.02715886,0.5567244086729186,3917.6020308008915,17.387116072577744,0.07544135382320602,5.576468127921137,0.18335078633708715,0.0
64,986437.7691578461,71366.96206008448,202883703.41657585,5726766.641140079,0.5281553748851555,3885.1332763160035,7.083113704508298,1.5342053283908033,35.00925778298425,0.13894831713176448,0.0
65,7047.451410481919,1346.5656588501574,2047061.1369857867,38079.199393950155,0.6597365858133649,3910.5089165911836,0.829245260712681,0.05318777158817003,3.785375844719634,0.10674779604410937,0.0
66,20657825.777131192,2163730.20313247,3205796736.625913,105386779.50424027,0.7023225464037159,3068.2173439838516,110.6919016644122,0.13025707334797404,9.457970357474508,0.02981254371814707,0.0
67,18930.317541313336,13725.304740646674,1725170.935038248,50445.437646613405,0.6789187521032348,3375.2128538824263,2.124074857229403,0.0461208883853228,3.2542179245416305,0.3942393620581308,0.0
68,27725540.46566082,12190554.748103183,3390030454.121002,95978155.20599028,0.7645323753105513,3857.7583993948538,34.28840887885044,0.11476165901817952,8.06455402871109,0.34841915853687805,0.0
69,84974082.30439481,10350366.57995676,9466447854.824007,385393873.55663073,0.7069025073013777,3697.292646509942,51.815048514673066,0.2127807488343861,15.214573047309091,0.19116520653455132,0.0
70,11894.540915171912,3420.6040443390084,1164690.9909770892,42492.294393289,0.052697426873047,3408.2057490366496,1.4753631572458372,5.5151933293115905,94.30699546302932,0.0950527485628938,0.0
71,10626760.622512136,1035548.9234230515,1994755578.6641822,58076838.7264151,0.6849994078155003,3778.484339082651,10.459626975400871,0.19972702234826506,13.119219577419353,0.2150613418064992,0.0
72,15517532.288680637,2569847.035261147,706409412.9715449,53583208.21990781,0.7337568692468338,3427.689451877825,9.767989255109228,0.154665209391983,10.965356351983857,0.15442826565513476,0.0
73,13053193.082612693,1724429.8725635833,916968843.7015375,52897438.12595773,0.6981155384917304,3876.5797039497556,17.79323246800476,0.11794242191994275,8.033323926801497,0.07977964557870919,0.0
74,9538233.599649254,811894.7298466346,1619608238.2176683,51808293.08939096,0.5536968130466887,3191.705206957179,28.26197600539478,1.500873539561543,32.499468996077354,0.24368660221152308,0.0
75,78444903.61109224,28776346.14937762,2277444170.2653437,191522473.465471,0.6556844090590401,3512.0580773404754,5.0223453147496535,0.08889244131385547,5.978793373557151,0.0370342575917953,0.0
76,3991535.3394244215,960606.1022149365,110985587.68070409,11037981.750908216,0.7170304391553741,3587.083552631064,6.913869930179224,0.10184258745150183,7.427545182014322,0.15134253125339017,0.0
77,124180442.15856484,12386062.78237292,16077741415.098633,603783996.1134814,0.5924284342457968,4294.878811147841,4.460697145322307,0.19048878292548627,12.24944211571596,0.13864189922148543,0.0
78,5313.788694601591,1147.3329849555964,1383059.9488111716,27745.232167403978,0.6586778575062869,3563.515260945099,1.1093770646061931,0.057425241932646906,3.990259813193636,0.2476047348192195,0.0
79,12188369.920004364,904317.7753227841,2709826816.4810147,72580887.76408716,0.7490300698447145,3736.3260004045405,71.96006475918988,0.14583541127512306,10.698817601321347,0.17624314720029186,0.0
80,29276219.929816317,28725584.083925497,57540603.2247226,31706226.059178114,0.7056970160976097,3589.321539688187,7.761920535975073,0.12797308577459524,9.006273270340243,0.10190971126972705,0.0
81,11862.472546876725,5305.123911920762,1777381.8109479353,44684.9465791269,0.6552957470342619,3461.0773358673323,1.8741914239173536,0.7493160802486326,16.31114526510145,0.42619178803956637,0.0
82,225433.52874064556,74175.37921069057,11462966.027517963,639328.8382060269,0.7375980533706769,3696.302623106829,5.360394074800537,0.12987233608017518,9.022027537639833,0.10260808097418919,0.0
83,65429.64066312877,16459.38855506122,3984542.8823943073,201212.38071336603,0.7262383476957088,3589.8937019540995,3.0115139291959254,0.12837150839882366,9.023968922006915,0.20182356432536572,0.0
84,2147.366530906497,153.96843873470647,1131902.1404078733,15904.710439570012,0.5889914149835924,4168.252853512405,1.0205403090365377,0.8454891836897879,22.6557311625298,0.3700448074043783,0.0
85,4605189.920554305,720256.1291342548,292235525.23744315,17636186.730842967,0.7366011370307974,3629.5589607778334,5.97533946162406,0.08740001034828211,6.466310473487049,0.21727720679966142,0.0
86,11912917.007999511,1408619.2507740054,1035334720.9642994,51714895.0374095,0.5995433827936454,3254.017995873929,165.76337810650975,1.5080098536404336,32.97715120195737,0.25968074180071354,0.0
87,184466339.4977993,38813522.38323625,14049235129.103771,686740649.4988323,0.4692996679154655,3516.915537197956,18.986118616218413,1.4603898997529483,29.68373257752063,0.21856527174898394,0.0
88,651659596.4993342,231512089.69599968,9985119321.537756,1469257341.4020696,0.7322908349418689,2100.474287451317,16.034715606721058,0.12497785676439621,8.961286475661455,0.05139250802292551,0.0
89,40978.21059561729,4823.860045396857,6212712.724465365,192836.6032607152,0.7253209254425295,3784.639757695236,2.645011820079226,0.06539674463492684,4.760389507407325,0.3229458777380317,0.0
90,3099572.2919043154,1126926.4486519964,74960741.72784844,7631810.322550451,0.6751997183625055,3547.7029100388418,5.077447678521416,0.11083909541040401,8.031956479959256,0.15755937060163772,0.0
91,19531653.699854303,1802525.6417209457,3844746158.069368,108551068.66313235,0.6880426887968818,3015.8427864497016,164.26890057115915,0.12549552329752878,9.044063840214676,0.19820394043201803,0.0
92,27574960.77750764,3474751.679950679,2375718340.683384,115480315.38460465,0.6779780604574721,4081.7211121465207,14.651046326061886,0.09361732203959719,6.7279286356315735,0.19014388435815477,0.0
93,19430.85350046729,15516.286694497972,1674233.4916066,46735.38911123281,0.7390502820358826,3781.718795296479,1.4997389498102485,0.07875948342940794,5.493257250728249,0.20217159285289107,0.0
94,10035118.056621972,977897.0588354412,2366763358.474504,58938864.38698562,0.7372366050488363,3503.1717006083963,54.04090711279707,0.21426696870163325,15.003469877137846,0.2927880040964783,0.0
95,1359687.6149413758,212651.8489022913,83392363.19661231,5087186.391706226,0.7520115909358405,3647.8224920537173,5.21473925642401,0.03184026770129007,2.3919323900210356,0.06853392211970646,0.0
96,732003.5160481932,124188.89273981866,52910780.58243351,2834026.817872525,0.6458599297073724,3987.739042149702,1.5851923136524249,0.14059139218757988,9.993402473067299,0.11397838793310391,0.0
97,836003.4288817572,147143.16775492838,43583575.54419271,2961036.5872630114,0.6022425156911153,3529.4439729403243,3.1229007658533976,0.13099752634278775,9.288720334834144,0.220742028768178,0.0
98,11388338.021400496,1790379.4652358484,827165460.1112645,44491883.516529374,0.6181663365514235,3708.7001477551116,2.6743556679678995,0.07320798095490773,5.277531574265742,0.0679690386710871,0.0
99,18655.24480074501,3303.2931077887865,3445737.284522418,87544.03597003601,0.6147955518491439,3571.702592131451,1.494375314469618,0.07476184629647128,5.075706647764564,0.20721161384207687,0.0
0,80037.68873719548,23462.086048112385,8697979.07541599,311934.03274692054,0.6273195800461273,3985.5899096834582,1.7015905922897572,0.659755007394873,9.716834361239366,0.23911755163753196,0.0
1,8812613.004714651,1125920.9043831455,775311781.2377334,37490593.17111345,0.7187976497027574,3771.885756619896,5.571392798065546,0.1169758271961225,8.415965851351423,0.1201346271644444,0.0
2,1768.402056353209,141.16280936470991,991444.0698435545,13476.653063316093,0.635280247893731,3969.489322802224,0.6408331660685097,0.08674534604815971,6.18416435625644,0.33707829418959845,0.0
3,1671.4185423506337,188.95803731058018,712620.3896514827,11020.433191789265,0.2075580365353397,3896.360708900337,0.9951440899728312,4.783245036887616,79.32918136434394,0.32882396370890343,0.0
4,13984067.174659941,1343526.334438767,2432066055.2076387,74820095.55966893,0.688046597547217,3570.013195426481,4.944715549683723,0.16866767904453212,11.901206995839935,0.27510308747751905,0.0
5,21767090.97849258,3262663.473280063,1715110149.0964255,87534078.6486582,0.727372071381513,3851.318230816276,10.92545932305458,0.0917776394198074,6.543432801417358,0.3440799002787558,0.0
6,120414604.9930911,9599957.822836818,19018939779.495472,650642476.0447179,0.058477484603145335,3985.584753258568,24.122836025920925,5.507018645467533,93.4637867915447,0.1527828880627396,0.0
7,3247.2153185371603,425.19223884918154,1233307.83988344,20399.650564174022,0.6514617690934161,3489.4852135428523,0.6768581598661083,0.09437524836563575,6.587667272344286,0.3384327286717848,0.0
8,1977842.5735788806,230365.88701785478,349833427.96116984,10589297.099041503,0.7123957091282058,3450.567166208323,17.29009860033819,0.19099860981697958,13.588060279744141,0.20353429695980205,0.0
9,15996109.587604541,1341736.4831639552,2915699488.656539,87861058.43076643,0.5388053327925381,3168.774646862878,59.909125544618355,1.4906516928138724,31.856628436272576,0.24890132247942212,0.0
10,102044.26799687836,14261.458470643178,12604674.535236342,450018.6562803802,0.635006419093115,3764.492641916353,2.7079928508181106,0.14970950895651453,10.178569952247631,0.34499101002209204,0.0
11,202996.2369271174,28730.924170716222,17948406.08231573,843366.5305809065,0.7406301007544374,3987.881770762845,2.751216038007269,0.12340197964995081,8.5772460320016,0.08942768944546312,0.0
12,24578.34498936381,4066.8746117548317,2557882.900279737,97665.58112889675,0.5802985002084977,3707.284966531177,1.0997634574199584,0.8327385670302633,21.7658766382183,0.2809940956231222,0.0
13,4776173.538372928,561029.0893286908,356844674.8417258,19963590.864042453,0.660228382428542,3884.0474908157853,5.723836730071866,0.14345774663337307,10.078764999074718,0.39217180246508926,0.0
14,938302.8923523867,169683.684341367,224435858.47166553,5318100.439383934,0.6568636382383543,3724.8196299479105,3.5561894234557516,0.24061749735693033,16.276424021562423,0.338107108979,0.0
15,1149052.4403947159,125441.3852322852,111182474.3103131,5197750.247656655,0.676442458544737,4459.353146824853,2.7414502883381293,0.09562190204274393,7.179066206252502,0.045514867578059046,0.0
16,13353.886279033031,3972.4594048973568,2892864.7812364623,63292.00045866312,0.6727818798753279,3613.3982754411613,2.6152097949288664,0.09504928692905565,6.62178559383413,0.4393473209372522,0.0
17,8414043.64399433,1428447.0853169025,607349554.0483755,31618944.1735261,0.7373697061952947,3944.469707657463,13.192412861678804,0.0771373765084177,5.674607134606984,0.18495443289639998,0.0
18,40227.2958017306,20293.948204148597,2198609.872066741,104864.10276702288,0.6657896148338625,4289.997794325806,1.0566804880397331,0.0901612980804087,6.387253901222958,0.23686725473423606,0.0
19,63021621.39408629,25999473.26063721,4442904681.439534,169781411.81396493,0.7357274212949034,3574.490125698102,29.989299857887495,0.10640477098708061,7.201116508939267,0.379291876381266,0.0
20,158312.63603924267,121751.72657121043,3497031.0115808025,275194.27150032617,0.6450249541592937,3547.606621118901,1.0569399736262706,0.056856441127571336,4.1817285966298625,0.29231791732909856,0.0
21,140870849.56376365,44776126.33265867,3210149625.5242386,365247451.7258231,0.3872405148318987,3756.1073253925897,5.559174106045266,1.5158408279980058,32.516258911730866,0.10036528282935189,0.0
22,1720.761595635881,125.43973348688989,911124.9055960182,12883.57739816674,0.548808367527484,4152.190421649922,0.9223343886140425,1.5673180141623277,36.55358834235678,0.2473817186475304,0.0
23,2246.9943060810992,237.71623766694,934360.681096389,14998.696068903122,0.6506125251678213,3933.375018902538,0.8580131716765316,0.7879050045674225,18.728933253096322,0.11990830882030748,0.0
24,8496079.564352646,1073182.8547099556,1077312649.1485877,40992505.49402502,0.7525662064786133,2768.7429803825567,50.67741475408234,0.08242245956419643,6.051946969290048,0.170908021494423,0.0
25,5348710.693404122,450639.35821659974,1510558095.6581373,33225470.668972384,0.8243180898866351,3550.602784864439,16.742677892865192,0.20768531406485352,14.942302383631283,0.35953291794119313,0.0
26,53402.73598571692,33625.14337201044,4155341.438906026,150900.34010133924,0.6604866755388109,3487.4872779369643,2.8113830064147476,0.12403267069208157,8.497746386780978,0.08743661181436464,0.0
27,12163.004917808217,5944.177517470487,2052462.7039708577,46992.551883106156,0.6801302734937213,3491.745148207023,2.824165944708371,0.19529559765676147,13.092922649202169,0.23997352524754445,0.0
28,14214.656354157563,1296.4066465034612,3522517.09687132,80853.81156421354,0.6176884319079137,3655.3292269238127,1.0592454965228206,0.11444525215899164,7.939372084054097,0.3905864969196049,0.0
29,29771623.15781085,3452579.795586617,3736411240.6162324,138605296.07086748,0.20604553207842274,2985.7724559318012,124.6279174987142,4.2099971828580935,76.3401623888727,0.31942845355588434,0.0
30,16568.175534765018,8182.636066389025,2378706.6986274878,62712.67689708364,0.6352410341283878,3489.729316609486,1.2595217362118158,0.13729087357190864,9.50454445848808,0.05981911389341261,0.0
31,4130856.918649523,868993.831041476,170083051.01969823,13339352.51550722,0.6939721951242852,3359.8314842732743,6.514977332696975,0.09155534216004187,6.523700629666261,0.17922931754496363,0.0
32,23207183.17751567,3415407.2309986404,2932021108.943171,102800255.68965718,0.6784845304275368,3189.2727565151745,83.09976047442635,0.117171654155558,8.204080161503667,0.26072667675780026,0.0
33,1276445.591560296,81565.62964696366,334395762.0907052,8060167.64630294,0.5180737596737324,3467.35569255808,11.048962366040177,1.5148279795188242,33.5039980626167,0.31849385459063495,0.0
34,5212.399589474471,1263.020540320811,991901.7079973712,23009.02156825942,0.38923174311686976,3548.0967250926733,1.3154410705023383,2.868281685305272,54.96656989200621,0.4333380757813114,0.0
35,3551508.0352839814,436015.85751118266,340999280.4971161,15754171.252442593,0.5136899539015822,3353.4650254475764,5.125010148098907,1.4607632081614923,29.53431924981221,0.1319357332045959,0.0
36,39977425.16761474,6320194.934321989,2236166738.4571524,144604512.218476,0.566540025349405,3989.5241751006006,6.543662215915511,0.12888207235408639,9.218516987320028,0.23310265714929396,0.0
37,2742355.608096306,563302.5987084666,160482556.46101537,9632695.734483704,0.6803159981958128,3544.195466551846,5.288885380705727,0.07694556215804864,5.468052314907543,0.359850751293871,0.0
38,1598672.242355028,133055.3113581053,276588856.581002,8733248.775451878,0.4726935810193546,3433.7035452924547,7.3749338497914065,1.53099188774284,34.67628970604643,0.3579812671255069,0.0
39,78639101.72062157,20478509.66061466,6013374814.25589,289379260.34383714,0.5949700885208701,3875.1899387372787,2.247169928257926,0.07935989686933524,5.703629159678689,0.2066421525693429,0.0
40,120606.89973058688,61088.30230204852,9350188.024941083,404952.0852776085,0.43063935501512995,4065.6110291735126,0.9463480775038777,1.5634972840953918,35.6819969328309,0.5276755245755436,0.0
41,506993.3001586276,43772.153603490624,135231274.52863917,3104529.7198391277,0.5584991126779415,3499.299253954284,8.053034857243656,1.4825259681849103,31.406525062199364,0.3573589462323778,0.0
42,244766499.07171416,80354606.56434944,4438068000.50365,580530858.0098395,0.7457275750818301,2443.6812022384447,12.53412447854863,0.14363321091834794,10.114818119791856,0.08708704781757186,0.0
43,22830399.628741786,2694260.928097844,1848648799.6641114,97028604.91323659,0.6672825133928488,4197.830711140293,4.123919887261404,0.1446214781758104,9.846206397506972,0.10348539105343678,0.0
44,16628618.203684574,1361803.8939456034,3478726938.003157,96320509.84415014,0.7621492948183675,3327.56486103925,122.92846835877567,0.21918052453251863,15.572392208864851,0.238401362103583,0.0
45,4423661.193570545,774731.6628050186,257347184.55979934,16447506.1820593,0.6259951051629205,3072.0778607854836,55.728915975168576,1.4887991696794043,31.701875838297376,0.009812817077822236,0.0
46,132684207.30181193,15197896.932647783,10668779869.037817,567535496.687508,0.5488319136943488,4072.8715421404017,8.460797936889556,0.8810020879975384,25.837366306593758,0.26992127931618193,0.0
47,159801079.2165841,47952327.4642552,4345341833.549294,426266131.1606999,0.6767846438743291,3959.024415518787,13.225083865666015,0.13652364322948243,9.705649328272695,0.08425375684830967,0.0
48,5515727.433316352,724258.7542185087,445063930.3234339,23002015.67480344,0.6282288424775828,3621.1053306932263,7.653269006239259,0.046513338496411816,3.3072870792270477,0.37476582475171477,0.0
49,6753492.585265959,542023.1165781596,1690337091.984034,41094604.94471897,0.8243507869118304,3262.8148266507196,10.855163020525113,0.11950860309729058,8.790196934253448,0.3031797481969908,0.0
50,30786730.184067152,8188134.733791743,510238483.72586125,75150355.50853494,0.7787430978778354,3513.009536087394,19.617084477948275,0.10998363187742974,7.967909547069162,0.2095982244986419,0.0
51,1086943.851480437,75006.55929322963,235885210.98904032,6479602.356947107,0.4843599790030703,3863.5320280294754,5.208920084321694,1.5019718600092518,32.68591608514831,0.21648354462037178,0.0
52,11684.75681021075,6983.370943344768,1568038.9678701558,37737.315699716986,0.7419069723630835,3308.5729822624016,1.2633317359515195,0.05410826701366371,4.026571020062714,0.3744831624302523,0.0
53,123282943.89997742,16150842.749485586,16893724461.208645,580491287.2287301,0.6133927310729718,3729.4939011857577,14.444797758613056,0.17512332924131746,11.709379930617244,0.2335428440602813,0.0
54,14154173.696352025,1710816.0688951574,1599676912.6718144,64416050.88199166,0.6168882169218602,3992.3553369947313,2.7779480934574794,0.06225095281642856,4.376113892092687,0.20360653668734227,0.0
55,100619834.29157439,10392596.84052745,14734122923.380829,513026234.96850014,0.6599187074067994,3728.1139992034105,7.539393493684823,0.23945485487365517,16.208329021479166,0.04611835625904818,0.0
56,47912.144095148855,26236.627180406795,3253350.5687449416,132904.2092548068,0.648819171749798,3537.858367082321,1.1091163375101738,0.07382351826180766,5.20670867555914,0.27868355093619773,0.0
57,100405363.61030187,97441508.6565137,793238323.3168395,128459233.37497818,0.7113803964712113,2801.03963601528,10.043765479924268,0.174115816130338,12.307937252468337,0.07939245448086987,0.0
58,1710.6548066815217,232.54242244668504,585709.4681857474,10366.868203783097,0.07488912234843788,3755.3979418753615,0.8101859732517541,4.815513204994364,81.5793117833667,0.13312233751825686,0.0
59,11375.691868255493,1579.2861886353796,3139314.4486146057,64483.04106079702,0.7155680780121607,3564.921872128649,0.8178718324406323,0.05449071597738051,3.824875149762126,0.30598745556703527,0.0
60,16852782.976285815,2073551.8938293445,2004537428.8192391,77466163.15382841,0.7038230124236047,3123.812232810128,67.22698802406094,0.11363617604107326,8.086000578711921,0.21723594024561058,0.0
61,2000880.7635011505,422031.8399898624,100681904.14163639,6652550.7993637035,0.29907344801062197,3963.475345977112,3.2267057945886375,4.112095190381654,68.82440283951061,0.4552642303459904,0.0
62,21915668.17132271,6811061.2338010995,885398396.2917677,66285510.842489935,0.6669242643546565,3994.027582828514,6.231543540909188,0.2578341429685766,17.748248789460398,0.15751247848433442,0.0
63,46389208.63538577,4632962.818472708,4740890749.978925,215944725.44599324,0.7262693920118567,3556.4597763162574,17.674910616662956,0.07576697077841921,5.220175165044101,0.12282802604440116,0.0
64,75053897.01533891,13171271.355593655,6407908856.301829,289684844.32984495,0.6747365703704747,3198.7880625480348,47.90963140086166,0.11743422798126621,8.701709839804776,0.3055515763370342,0.0
65,1504013.2768636877,703962.2008896375,57079928.49535324,4126858.9568009884,0.6118704219998737,3593.3773934642923,2.5864924923675288,0.1828020725647929,12.059657940888535,0.17159676655510198,0.0
66,20224.68092361118,2498.2785168577707,3458752.0479587414,98194.84131910186,0.750776501439001,4208.628983339552,1.212963040113014,0.11086145998871552,7.873114833201294,0.290198700779675,0.0
67,14318668.020016719,1653790.834544932,1784463543.61247,67045450.54177835,0.5869164176913324,4071.8549601769355,5.007715308465929,0.1408174059433236,9.073113104469273,0.22614751812497633,0.0
68,3229.4330674029834,499.3571901768729,1224320.4348449938,19911.621104591934,0.6655465806865289,3772.4149699083578,0.8996003235887814,0.8257369657470275,21.315598843446327,0.1699083524283612,0.0
69,25784814.360688128,3709437.924114647,2084180833.1804302,105747240.67255774,0.624445299395459,4080.6741920313393,3.7215765423396876,0.1444318491456947,10.768663148490013,0.3873815651612621,0.0
70,13242763.455576349,1631665.262409986,3303785894.6786413,75630151.78984462,0.7483971305015416,3332.4414037020824,23.30930921651917,0.09639321367802758,7.1118194653549525,0.34847100889453547,0.0
71,8697.094315586131,1051.0936556498102,2467831.77180187,50147.832245953505,0.6939314631210027,3734.8765287949773,1.831871987865249,0.1319325081805621,8.670022844653044,0.3398574550100562,0.0
72,25775104.240798816,5420808.8465873115,905312569.4509789,79997827.91070963,0.6315299651579466,3651.082463754137,9.68664092973071,0.17668598765968574,12.950879163540543,0.051409997173177624,0.0
73,21640.31160240999,4020.6184846339056,2074284.9962510827,88018.89944552569,0.1477407967167302,4141.0308871962625,0.6117008767580084,4.017415488271875,62.567661077911566,0.3908172175969806,0.0
74,41954679.36693169,9769782.759615779,2547589152.366107,146142923.12665275,0.6848900234126921,3404.876793694074,6.600148453047021,0.10851429740905241,7.2588907242355845,0.13933876677006182,0.0
75,149647.94343379416,37360.64781048159,11790322.150519196,520763.0218888529,0.6115111532153595,4306.598304478419,2.381890464994051,0.74613898127958,15.147916896915797,0.2650071086654416,0.0
76,127614150.04438686,23003522.87204085,8705202584.652496,488218922.05658805,0.7253817665717606,3612.334629909541,19.813161926840657,0.10371069006273484,7.6421167060900554,0.23333665790602287,0.0
77,1798404.1277936422,459847.7793656952,70807092.85682878,5485960.018622806,0.7581987197991111,2743.294810635792,15.25630150318731,0.832912749941394,22.22653498559656,0.15239666345525288,0.0
78,5024.603413788061,1020.4037298077246,1108871.2528118773,24690.891808273263,0.46376998485543436,3747.408009681763,1.5561265286857346,1.5342799009635602,34.80910549845966,0.2815675852003804,0.0
79,317661.44379666296,61582.1846587067,12536070.44499179,990344.7763424916,0.6798299727729626,3722.5919118863817,3.918856602083589,0.09446710333080813,6.8816316299827545,0.11771026028463565,0.0
80,207401507.42918354,26571755.298242953,34725677357.95024,1057927696.1390839,0.6530994844231206,3664.0009649758067,8.067927963975434,0.0948050685112797,6.880171030333325,0.039061651526895474,0.0
81,486245.12384705944,35633.15054689329,155537431.736876,3182209.003979001,0.47050657142103114,3674.0313887081984,1.8718535136848482,1.4311770364098346,27.558911283090367,0.37849977911838095,0.0
82,42903899.62177653,6575302.429116129,4158944018.6305213,178073599.98111984,0.5608565472542414,4042.8114601895195,3.151668486460048,0.10459160164321739,7.331129766777503,0.12441289196364809,0.0
83,394962.48700529116,41067.332727748246,72747567.75228655,2073707.4142673723,0.7418146957023983,3406.409302724328,2.7371639985938225,0.05130536505417789,3.620979098155213,0.26233025430097257,0.0
84,6338.0699451065175,1058.3454485853085,1720254.6899455567,34642.47032254871,0.5852598556074439,3536.1587480645085,0.8721963589073622,0.05519105084484268,3.560150720260559,0.2716858525239726,0.0
85,8542.889029911465,3231.4614740333805,1853820.833884981,39304.737778735216,0.6280635072413532,3516.521308876319,1.3279751162990612,0.10982124755060436,7.847429590640479,0.32655753171439006,0.0
86,14688200.654494265,1032536.8893741688,3649172069.5489173,90666475.54387496,0.5142260228922149,3528.1271540525486,25.901709649379278,2.1157354610141157,38.99816552565458,0.3427062010007409,0.0
87,12513.908834592341,4514.678640127122,1987747.4952935614,52491.22846030856,0.41668618529063134,3849.31162916472,0.8615033813179261,2.777203052344587,48.491980108845524,0.1487088076283466,0.0
88,10389983.618236883,655097.9025941235,3043039452.484778,68112884.41533445,0.5251089955010351,3151.057104496306,37.90837810919144,1.5791848905738999,38.01646267468039,0.3217916702081877,0.0
89,28038.03507456265,4224.46299404504,4277780.577040081,125991.1467700453,0.6951894713752224,4240.193265348369,1.692485217106528,0.11832345376266815,8.116897903178579,0.39125053030118034,0.0
90,7171570.868627602,1023670.9651148381,457405474.19425774,27356424.964523394,0.7548950805811583,3660.394641382042,7.327993245246766,0.12462663287959579,8.73988160860088,0.3042919316069797,0.0
91,14640360.57904445,2748636.89556682,442018700.3394705,44921881.5164856,0.8116391204934453,3315.5736777223055,60.96913207153636,0.14791216702536508,10.5842471485372,0.15456498866553456,0.0
92,11902.875317768048,5738.0684814869455,1401455.8773746437,36682.592504976106,0.721035550104647,3395.576019491319,1.8598879082720399,0.14632414671379762,10.384724030593073,0.26453259866438117,0.0
93,3629113.2801165828,341118.3563364007,459164289.240637,17818206.702658843,0.7510741084646593,3816.623758911952,14.489895254054652,0.057397639320897566,4.079033164273883,0.16782375461690147,0.0
94,11832.304623338418,1070.297432413693,3643017.824985826,73019.03084434604,0.5984127259740565,3546.362175204163,0.7917083776678423,0.0876954841132191,5.79541931124164,0.44718616803883987,0.0
95,19552.713842722827,8439.64332875329,1770418.3211183723,57816.98026759594,0.7214353074213744,3294.0832689254767,1.3487036378847845,0.08528466788493247,6.061734184193652,0.20451625364855808,0.0
96,44437822.848356,9366082.878157467,2894077531.5542226,163350149.62705725,0.6749328490116308,3787.714419532034,6.308968023572434,0.10952487795750968,7.696585979757633,0.13582236312609616,0.0
97,34732.110329425486,5354.579134351088,4115633.5599867664,146201.50176828777,0.6719314623601528,3576.988648786461,2.065543485341927,0.14221524119185283,10.423811167862727,0.4541634837489473,0.0
98,6664051.282112544,1445753.1550303714,396326007.37801296,22907405.271117263,0.7302815172307345,3747.2944259235974,15.172980256410828,0.13779496722033063,10.08042737306136,0.3089582983981845,0.0
99,12805212.424578415,1599131.1525734186,1291688997.6673424,57407625.57338534,0.6158874693808177,3774.224738161356,4.030868683269021,0.0977479533066484,6.984501949457109,0.1476662194444354,0.0
0,13296493.385754107,988198.3089917669,2904358875.678504,79185866.33676574,0.7909073678506604,3633.400881283705,51.352024500966905,0.1426910424184425,10.490707241225753,0.10518512355526957,0.0
1,1960144.915859155,461147.54719817743,88948969.3002769,6316723.676700765,0.7569001732142719,3382.885022601842,14.94031027681311,0.7745162036639076,18.036281988071952,0.06667165866296185,0.0
2,18778602.654899158,3060703.346191674,3255097794.1903157,89698064.14399353,0.7262896710469116,3355.7204464953006,18.10424745464471,0.13212525895524257,9.347653572017304,0.30431842689687505,0.0
3,11133910.444335312,650751.2198592563,4338297536.466028,79752478.9560183,0.6664185371841642,3650.4610140357345,5.860700356329091,0.24922041357580244,17.44879865466447,0.4082724187254719,0.0
4,16719836.38589729,3005773.667560086,778498160.7583174,57598587.78511325,0.40290489306599325,3694.85591275313,3.7484401720068448,1.5098658981283521,32.209790044195884,0.12744340700886195,0.0
5,6777183.890191796,1257684.6369906387,595024740.7883132,25847112.17576177,0.622471781173746,3759.8718594498137,8.892203009812627,0.13796367380702462,9.935312056623662,0.3176617320911927,0.0
6,27326330.56771906,6484701.54173016,1197458252.4728806,89369367.7241282,0.6527264334984662,4069.630771414063,4.501144057943112,0.07582606089188619,5.228492406494427,0.12297404575807899,0.0
7,9592.153021423157,2488.8494787934405,2354955.049472808,49745.10756831798,0.7016973699622915,3522.8107681166903,2.099798229885898,0.19292064977623652,13.55682264704836,0.1353764175438229,0.0
8,18563.55161595901,10164.860471324166,741248.3476558287,45537.22772206292,0.27101897559446203,3690.687779530086,0.84934896291072,3.517274318627976,63.82878338769435,0.3620786057896393,0.0
9,33614606.19566085,2416997.1273756595,6985615670.835887,198101691.68842405,0.7314835671870386,3766.204763328419,18.01831251609863,0.08575982782085712,5.711575665783211,0.257596789900313,0.0
10,5716.851963548074,2645.26313030026,1231302.084020116,23127.70280865649,0.6672446805425183,3674.9950451718587,0.8560340656930007,0.08877976308552693,6.287362917236855,0.48589428114441535,0.0
11,239724309.22411424,106563399.56301539,1997774136.639352,432171557.37898743,0.7784576113948128,2333.6381634431737,8.953817424048726,0.08609978375561748,6.324902519112415,0.09239496990631464,0.0
12,258156466.680382,91151562.40148276,2486658733.0939283,523078499.0381549,0.7202976761395663,3025.7778949890762,21.67139229996129,0.11413130305330492,8.277209724109323,0.182348900998295,0.0
13,2123.8679588341547,401.6736169655586,945327.961102228,13918.169664079145,0.5460443516627965,3903.243132245301,1.0214568247643359,1.513139008831473,33.33081019544339,0.08229765561606271,0.0
14,33332514.1043862,2829820.01265427,5636201913.433774,180973696.19398886,0.6717809441864071,4210.710619203211,4.177755141294163,0.18713513601233583,12.345665820203838,0.17955657163196806,0.0
15,6727699.798314477,1878536.4712032403,116609211.87681286,16703702.40964869,0.7667100957278703,3484.2950577586726,5.714713948432215,0.1407872570583418,10.157503156773382,0.009236896511323677,0.0
16,27195131.86582305,6184791.529171854,677497738.6246283,74437973.65575089,0.6983495853352062,3385.334441299585,11.932466815781426,0.09442170614107175,6.919310426872245,0.24939970636202852,0.0
17,7605964.234716527,597648.9386700998,1411334931.9568696,42768164.48449238,0.6732126931441127,3171.4730216658863,46.830440632999384,0.1614710965999878,12.007946209377739,0.20773440918289715,0.0
18,20245873.94225978,2721636.8556387555,2013071815.7073245,86317742.98633268,0.7392500750822608,3193.6521055596795,70.07320947492066,0.05086259748753532,3.6737310044353206,0.23001245020541083,0.0
19,9744793.52110691,1026822.3624817539,1355848183.8437295,48989474.42290417,0.6957174653875698,2828.1657029222097,54.258845813298066,0.14395413386429318,10.366045286356947,0.2726768262240193,0.0
20,21431.335679277294,5059.7617699121765,1964359.8988032043,78020.98066051326,0.6277916774601463,3819.642042758452,1.5032716582577772,0.21052187382193505,14.483754573216903,0.40612475483381966,0.0
21,731996096.1520426,179096789.2300225,26756488649.434715,2114259500.7043042,0.709525486926431,1824.005387748546,5.7056837246182806,0.14104258148880433,9.23041949999797,0.19559305497630028,0.0
22,15552175.463056112,1989035.512687492,1604878546.2297711,69661875.11968671,0.7009556933067864,3972.1894599878074,24.52580116974689,0.09579419404596523,7.0023685064830445,0.1536919843033418,0.0
23,180363783.91004592,60234222.967604265,8877645089.328491,484911495.0046592,0.5274810447364041,3255.129427390136,193.24867013132996,1.5096412209322894,32.77924177368353,0.3942368570891904,0.0
24,21062454.737343084,1452939.054384884,5128400159.260459,129641701.66452622,0.728661135450167,3423.61125349856,24.610363162377713,0.16290542636850924,11.11996638431109,0.275135878567749,0.0
25,6581.669714309562,3342.199947720996,1153599.9566787085,24660.092650150764,0.6836565119025144,3592.0884351407003,1.231428560900478,0.06253114005578428,4.465368447984534,0.43707124161611743,0.0
26,10645391.521005847,937418.0827907145,1671759393.4033575,56291536.94374665,0.7496726874093527,3044.8264086858626,59.33900253142483,0.09506448711436546,6.671259029610072,0.1932495369814703,0.0
27,10427.178527635555,2339.0526676591016,1874900.5424914267,46880.348592268805,0.6238575012719692,3523.9862669010117,0.8981998457334783,0.041384218628510716,2.737382051309153,0.35814479439163605,0.0
28,2696040.887164819,517662.5371672601,157950093.05051586,9953436.16178978,0.8004738956578112,2969.2452259120687,55.639454334290505,0.10328911132553129,7.597608744695007,0.16176211004019458,0.0
29,211730975.8811462,54479836.14283328,4513092365.784708,550181250.0934544,0.7293660783104562,3991.561679546465,13.817301953564437,0.17551354656596532,11.845031570076426,0.11579685389257045,0.0
30,4848.10042427999,973.1262790556341,1314925.763626277,25107.52288270338,0.720647825072317,3576.867387290266,0.7810244065285102,0.10039562192090665,6.274825631568795,0.4447233301456913,0.0
31,57887.817102939924,11677.07500495952,6784721.1549176695,238604.26408899584,0.661508224692229,4113.943992182147,1.76887285506029,0.14826766465056132,9.977212751204544,0.2451497329793227,0.0
32,12663529.568028826,935106.5215497663,2440506468.7613816,72792665.33898333,0.7317857286598335,3867.7526481382733,7.523662010969453,0.043888900132797205,3.166342455993481,0.2006177913090596,0.0
33,37127031.77780874,5051563.894205298,3568612706.729314,159365556.75573993,0.6371523110222175,4233.747333939323,4.432273043732031,0.166121084261526,11.910937489688092,0.20446978709851038,0.0
34,10476958.634876408,1888223.8409552642,928052942.0111902,40847327.56069978,0.7395649540649015,3278.831602853512,92.01927580551416,0.10411741458203246,7.583601768211875,0.14449217064650388,0.0
35,11747.291461636856,1553.9830551345651,2814144.67873055,62765.39345204227,0.6856953890430677,3476.5834808510967,1.5668034571090286,0.13259890609129785,9.324884664326035,0.21521645051236632,0.0
36,5977.150869410088,1751.0272412818365,1826325.0866295123,32075.511314428157,0.49226762343257835,3314.168151377019,1.7382436841678104,1.509059713639403,32.64012780598364,0.16604942387629262,0.0
37,4003385.32942215,482456.3468202998,331309215.0449359,17041851.982571732,0.7571658122655762,3591.7063616970286,7.610192737292662,0.15328955423443338,11.268197601838612,0.3701716054982991,0.0
38,245761471.84937635,80426034.92747271,4588491036.871843,586176468.9223459,0.48044274244042295,2890.0239882227297,34.31389851527711,1.4574003203157821,29.385341709913387,0.08691402085837528,0.0
39,10409321.639296569,841584.8612789558,2302759488.821759,61219249.198067866,0.663900934436492,3410.0006859012037,63.70215882929644,0.7903190158428223,19.315044014245693,0.1958134948733297,0.0
40,21625958.373195346,2298698.78333614,3928459008.151723,114076300.81196614,0.7091166560088147,3120.462893823535,60.01723433225557,0.13690266509838195,9.830063999596382,0.3007191753247334,0.0
41,128625.37311397863,15838.071843660651,14211718.85896646,570358.019411138,0.6696027530235527,3764.9464983039634,2.727182326321454,0.24171074858484207,16.683943207957565,0.23321797794776492,0.0
42,2107.098531218055,306.6623369490577,764705.7843948423,12853.130547361347,0.09271193178244383,3665.55179731322,0.8924634642717408,5.4244115381530555,87.81899256038328,0.475429915213125,0.0
43,5356088.420204943,795328.4024640359,514110139.81978,22422730.090797246,0.6834876683806648,3627.677181943611,36.65777259153291,0.08843171681702548,6.487355031938658,0.22599960882375394,0.0
44,5696.113879255989,819.709417051972,1580210.6476152162,31609.016524439456,0.6184561881461035,3699.8920671183814,0.8205319520858702,0.09941779784531501,7.037270891744141,0.34049892166975426,0.0
45,139684957.01954716,30076745.420961272,3095715161.2247944,390449532.83055246,0.6682954160150405,3441.648658773148,8.311510851055157,0.1586672049577275,11.040810290157543,0.211194065662914,0.0
46,3266.2126286165485,1001.5940050062561,1078018.4681637003,17758.41432717718,0.661049103750156,3729.9728934268387,0.4513656494560791,0.11007825655876022,7.724685470108106,0.1577160846369993,0.0
47,3622497.6202291637,341232.91395972855,438990886.17978334,17682849.305743843,0.7382344819176847,3821.449451517121,8.362324936388353,0.06639554362489335,4.612791830361907,0.25164992421843163,0.0
48,8138877.202864553,1704607.9713203986,236287032.92207927,24335950.290360514,0.6943703283006649,3724.9825849328163,4.77294040465466,0.09422255917922459,6.941387595034676,0.08472206127224083,0.0
49,6966150.299221782,2000200.495985302,128735057.4371647,17507569.283950206,0.7184272579160708,3596.095445236923,4.764997236108933,0.12562026666145104,9.214326120859685,0.2733339756259558,0.0
50,4571242.150274939,1179116.5594011592,121124425.97281902,12783652.134458814,0.755544270445235,3448.0507089095945,6.537001224151463,0.1039456113545321,7.549950759145558,0.11380123142776849,0.0
51,1398617.7095241293,403301.97169643326,27976006.05486089,3576506.146483077,0.45152585394193406,3501.0257102735522,5.448397050550801,2.8269665222049887,52.10462835744594,0.09621993427470574,0.0
52,32405575.80550434,3444515.4187461017,4534441972.591322,157419504.78178772,0.485048543746095,3783.5886667212158,75.97528654083851,1.5100020626752733,32.845486694082254,0.30008909444935,0.0
53,142998.33854284714,81150.1535745739,9547322.17753996,408996.6471355007,0.6335339636090801,3773.071390199836,1.7819913814037347,0.7042721633979961,12.742319386154398,0.2667373649205692,0.0
54,34576085.860108994,6490723.071148922,1895286379.9978764,123942906.4144598,0.7402799823987667,3401.8120803582638,19.245447083584843,0.0895009578621619,6.478932170457978,0.08934598424049277,0.0
55,14857082.337161835,1338105.895263689,2133336833.7214127,77185905.926747,0.7159833357467947,3806.114366965755,11.168754980283603,0.05022888555921323,3.4864984599075712,0.13403304626881832,0.0
56,12441.415029671442,8640.86025367193,1341608.7987417679,35483.4742738106,0.6528614516891224,3480.7279341909707,1.2393509855476461,0.07420755687888062,5.361624968629243,0.15348708965154384,0.0
57,1992408938.1849492,1373679293.1511264,14272330817.913046,2921607285.017316,0.7770053779342796,1500.6567552700117,81.91413980172995,0.15851399812730885,11.167171669168754,0.2872212911249037,0.0
58,10240.637911594584,4514.437673048631,1636577.9630584114,38062.939306945584,0.6469510958407286,3577.7896010195127,0.771539995911925,0.10111141791784739,7.191483005155559,0.28879818578981586,0.0
59,38319343.59857913,6393979.813332696,5095427589.345961,171185695.47385025,0.6701548322615021,3029.291497418886,186.0423433254321,0.09707274503213333,7.462439229102887,0.37216897374276775,0.0
60,9954867.312276255,910609.4305387726,1427788233.7740557,51261882.86018129,0.5677694939332566,2873.405531213018,43.322209265644865,1.5160883907546545,33.773175295192274,0.15328050943080826,0.0
61,8221358.2175752595,1246441.8660265363,647007688.8924632,33047705.16279027,0.6876050355335381,3665.346568643562,8.766963695816544,0.13802927613843324,9.921372287732188,0.18860373087233023,0.0
62,28309.413698955334,11099.204744330103,4999220.6472857585,116495.79497305336,0.6692147980837378,3305.5715940646187,2.65783500001725,0.0697098631130059,4.981506771081944,0.5852399987872982,0.0
63,109485276.22595303,32906643.581303675,3701899898.714978,317320583.56256974,0.665983912468443,3584.084838531585,4.788001955973692,0.12984475756561925,9.064867140659539,0.10429817376421145,0.0
64,73315791.34465341,7943655.613345822,7550432453.714892,336248652.406029,0.7268397738781667,3241.0474708810084,679.5144807354436,0.11094905422034307,8.302225314832155,0.32413544621509144,0.0
65,53334305.370603524,9842402.499224702,1831918466.3790805,169567165.20607173,0.712851323155845,3710.7808438486063,28.60340156890476,0.7495907631598377,16.247006491563827,0.29535360841032904,0.0
66,36430.26979788713,11931.117945108668,4029742.739525377,134847.50992953652,0.6649600729235797,3591.6859138149443,1.4092724485817392,0.09736974220103471,6.522948124791737,0.1773265045653438,0.0
67,4114164.6531715556,854453.0365950022,192665062.48197857,13449126.976837818,0.6579107703724977,3446.6618244033184,3.736377235721967,0.09748957277780361,6.7321488441918245,0.09919601725270323,0.0
68,1399506.4482220411,290391.53727347904,79374325.19415815,4883104.685490697,0.0956959376700624,3915.7537761677304,3.9013235288154298,5.525008738121253,94.72661960078909,0.13784766030807724,0.0
69,5929760.407572412,920356.4323967919,380889379.3827503,22503173.097460795,0.6454838766387543,3962.2513123930203,2.751092895256668,0.0913375249932975,6.371916762961928,0.1042938724205959,0.0
70,14179664.90180621,1426084.2683284858,2397323660.698535,75676850.21652286,0.7627380810941017,2835.9539183580864,105.58993835317636,0.1661644988487468,11.832208730289791,0.1448975424089421,0.0
71,47248.566429526734,28258.05289609661,1246992.8082004306,89451.39896683271,0.08206214994622038,3585.7005213850575,2.2214417883074087,5.486194799433991,92.2467691471495,0.044741705754845804,0.0
72,4950.460147349935,1088.1363502411994,1384512.3701028298,25846.849370748845,0.6419754396218369,3742.9240257133292,1.0470861082854173,0.7252888152464412,14.481543202230469,0.367783674642254,0.0
73,4116620.5625397502,586869.5004392606,445835515.17715436,17483529.13218567,0.7256101899182592,3408.541421091595,47.74803094416228,0.19845718787451086,14.515609548021217,0.32892305486739204,0.0
74,9604287.43065322,2186338.1026598746,294672913.9776396,28775753.885723848,0.11764306363918324,3906.4415136207226,5.1613629891099135,5.476940226934626,91.56882449593128,0.2904682860961309,0.0
75,58833575.368204616,4006019.2535065114,16253121465.782385,375638556.024506,0.6552127389435538,3510.778933458595,88.12189960256177,0.24125162758647348,16.583764740067384,0.2498080117844939,0.0
76,242407.7648814538,21964.915362641488,41043183.833153605,1274533.9985514006,0.5983619768212317,4250.784942743857,1.382204617601454,0.04571801624766207,3.126499974022802,0.23273926585414562,0.0
77,9387.53274257822,2712.9988625789065,808988.9802640114,30752.878705922496,0.6308644775478188,3727.1288532979597,0.9215195311235274,0.8048145618405392,20.40588639046594,0.1954244404119124,0.0
78,103819691.2829323,27612673.179513596,2820500549.9055705,279327272.39731914,0.6093555554186645,3919.119064052526,10.586576529299522,0.8820915202321291,24.997981799063353,0.23381166302824172,0.0
79,11418804.726907793,1865773.3227448524,1002362272.3679975,45728996.94918002,0.7862010315247722,2856.2209985337586,98.87337913170457,0.15046024280432163,10.877043020047616,0.14908284169524424,0.0
80,16172753.702823725,1565813.1473169657,3188143272.193061,89726236.76489206,0.7332913531897036,3551.1730341666034,172.696915436445,0.2193628159776984,15.58850832856433,0.14341784348086375,0.0
81,11149761.280585764,858025.6879732249,3361058811.559048,72529012.70505787,0.7124067941814709,3656.0727050407836,19.853942038404885,0.1270868613739755,9.285259799853407,0.34467643722719477,0.0
82,503419610.7171906,173024001.7240657,8944787784.842049,1116021584.8194098,0.7547630135081174,2326.6408107812977,175.56094128820217,0.10114930834901922,7.343417509829777,0.17833196036956692,0.0
83,40361038.26561233,24795426.406624217,801910217.1839379,78571242.12029031,0.7283746068211594,3656.009939479319,25.737184008241396,0.13641567929550896,9.890971110095059,0.1482614518922718,0.0
84,11265.916696757748,6630.138625825353,1644272.5012239595,36908.46975273263,0.7690131292367678,3429.702196263533,1.7428173208184397,0.08230853531600255,5.99789027499722,0.23362745727360007,0.0
85,12584841.822631499,4836556.585784106,739307694.6997193,38685727.087409735,0.6936408128268812,3421.8854427596652,9.026048933435415,0.10624554448785802,7.480409666675316,0.2092775497581716,0.0
86,81692.86305529156,19518.57283196215,11489518.249859298,359213.27070545976,0.7142031073380263,3643.143834356284,3.2121600841919378,0.11516783054394822,7.744165380408804,0.38236789752060313,0.0
87,170381080.22311157,49589077.13458597,3897815512.6595144,413918487.87816393,0.4814991211234213,3132.9055775455845,43.069043113771684,1.5775209725956159,37.967060973999274,0.2784311513074815,0.0
88,90423873.3349025,9856083.843593236,12643931673.659771,448808077.4931496,0.7277845745239896,3885.8214484754035,112.61444553020341,0.1058628022902898,7.812722627236695,0.21498266135066885,0.0
89,2547910.5437820507,579267.4579694505,75057382.06684361,7286090.188572685,0.6401708029264807,3404.940394906267,5.382289197104906,0.14775322914796965,10.245148705868683,0.26455514954896775,0.0
90,98213534.88263322,43876811.402993165,2393392416.4296927,232086123.70039076,0.7646651016891053,3865.9790492957545,6.195766099567117,0.11721285529140743,8.279171994397611,0.05357256205941146,0.0
91,5575.302340505392,758.8106717669627,1479551.6889586714,29892.373337814468,0.6397732111560572,3494.2949388151146,0.7365072521142806,0.07201524726464506,4.885936588497148,0.27289057054014393,0.0
92,7546.800754265927,771.4583085535648,2198082.0002449877,43915.11802381479,0.6534885509883793,3790.6404276693484,1.1462942962539235,0.13698856397461895,9.18847896744008,0.20742830762374115,0.0
93,44358.20918204838,5958.367093462031,5047470.258621464,185734.55838523278,0.6691985013082211,3812.3311662780325,2.7856581021253293,0.09985116473886872,7.038427812776827,0.2308251518829388,0.0
94,11329958.142310318,1454950.3295013548,1867383053.370877,55955352.9118549,0.7251400426050006,3480.388576404312,33.21611463316631,0.0617680487065865,4.450275320089267,0.3134078594633345,0.0
95,8635.431115080555,1460.6429536528988,2268860.873635054,45581.675064060655,0.6503019673614803,3483.466737320953,1.2569103042835315,0.044217869891906146,3.0735559925856277,0.22610298254769495,0.0
96,3038.0363695760816,693.5491174256024,977001.6046727095,17095.588493608702,0.6065025160932632,3651.924768671415,0.5120980146786304,0.05445903665728533,3.3614615321268446,0.33044954888983985,0.0
97,2631527.9227203457,444778.0358769797,131511602.5479141,9160420.25094917,0.6155541943011692,4017.818823102137,3.3890897563248177,0.21111759943817193,14.873582961750277,0.12299927353481388,0.0
98,593739753.4168276,259552161.8055446,12034017312.526814,1328387606.9635592,0.6489936476184136,1834.703851661141,9.501022274774838,0.11925995044057017,8.24713668628395,0.22682944177642167,0.0
99,2908816.9108756483,373261.7145993891,240817569.42074043,12286600.344126832,0.7601590964715355,3351.633790931283,16.048494726010738,0.09058398062362523,6.667042698628674,0.26273486688788145,0.0
0,600506.7418992107,37463.82501430095,205739420.06325012,4098957.2629962885,0.44455068648344653,3923.520273468345,2.8057002151075516,2.1375383231315364,40.43215708668364,0.552376583497748,0.0
1,169971008.60681266,49596329.559967086,3554600625.9384127,409328820.7095645,0.7134879814799742,3533.8151238251057,59.289186846686505,0.7426001161945655,15.687541615673245,0.26291075958136045,0.0
2,214481.3875902093,23885.910114042512,54796354.66097076,1247985.9001999947,0.662227041298545,3404.494785789833,4.844453335866032,0.12064947987723249,8.732631473442606,0.38241247121876226,0.0
3,51840002.30942603,7785992.329793018,7749390357.325816,245893259.50552884,0.6893905459391092,3348.25150106812,33.50409765887197,0.09299722615329245,6.63190948667625,0.28548035374217845,0.0
4,180832578.68759894,156291562.55585858,3369788971.280954,296930170.88515615,0.7169409645657006,2328.2063082885506,87.28600990592095,0.12775788941452051,9.091049855975482,0.08619696577570475,0.0
5,418253.51648508734,29942.076167200412,90527334.54124227,2479040.2417650553,0.0971824377947544,3868.24044467516,7.737114863998988,5.510353668585163,94.08097499256097,0.3431018271296891,0.0
6,1603896.3506337642,93623.38619817627,582141475.7150137,11216726.506916279,0.6951101128978144,4114.38851051869,6.834127450891308,0.23201286921380132,15.84187627369225,0.4108501112900941,0.0
7,22029531.08104042,2369489.78884919,2526483229.180208,104448601.55026232,0.7345571115110378,3857.1643465383722,34.58686460716093,0.07528067123829647,5.4791128484093266,0.12903562252135445,0.0
8,959528.883261087,181616.8460066155,73787831.1436065,3629279.136855258,0.6147474466626575,3796.4782346154643,2.159619429913037,0.10346699842851192,7.497458350944403,0.32743448433060734,0.0
9,2970713.11276218,554385.5699336145,140369068.75884485,9659708.380373718,0.7491754467796287,3423.195386701584,12.68244242817027,0.07069810790587816,5.133671863624739,0.33606559300947214,0.0
10,28761.921084305115,6232.175462979176,5589253.283170782,137131.71975854924,0.7618787308009372,3884.275466661812,1.7461441495988466,0.07560890650566207,5.711865698462502,0.4176061397386707,0.0
11,19091.99612632716,3328.3840839946774,3844693.779236281,93547.58112349089,0.7422635376213642,3660.865084705236,2.11592406018462,0.11093574865301577,7.427553308468177,0.13344428574481862,0.0
12,50488180.020100884,8088662.038048069,3029240103.19629,190470058.76286808,0.7013293976870209,3672.8827899107623,7.502660999199346,0.09344708297012394,6.701751049281432,0.10019140953772002,0.0
13,87320113.98666401,35693831.13090675,2924799576.5262604,192976208.38778096,0.7124860597473678,3796.5135774861224,38.62540236988267,0.209767380751596,14.406989625808553,0.2939590288153787,0.0
14,95087.99073111256,20607.273020047498,4491847.770168546,296443.26647402556,0.7057610991074441,3601.0119783935233,2.6933161094631575,0.10244075079489781,7.533364322455325,0.0817299171477451,0.0
15,62877802.74792363,5267275.410033053,9237798968.519516,330643953.7815356,0.7883930692810882,3776.619149000905,149.1316802223989,0.33937787630091754,23.102868363534604,0.1126915549287188,0.0
16,11285.127679872627,2887.792007286541,2304548.5497321775,52460.58110639822,0.7556569241821383,3639.1049082173413,1.4650446991903545,0.1252324738398217,8.783084374270434,0.16018199300576888,0.0
17,1968784.9492984791,658738.6339801146,21211994.034433395,4116621.756675341,0.6967301495704739,3455.442086093315,2.916118916141561,0.10273618084446393,7.6074654626966645,0.21309567744705424,0.0
18,127368.64375497462,62724.30915733243,4367280.051643467,270087.27123926114,0.7280907479168983,3388.750722970813,7.056769774585162,0.1288842386798251,9.09285507068779,0.3035335215908125,0.0
19,47067794.2505275,12152715.200601723,875889168.3660438,118937041.14471915,0.7376511265198447,3848.277945594472,97.79863699214644,0.2505578501873688,17.910075669589922,0.13199323913197628,0.0
20,3649180.8512405045,870503.7752725128,110682632.53112511,10403914.399825383,0.6555008717405724,3704.7459382864995,1.931473804914464,0.14559603495053838,10.240972894833861,0.2240914281266706,0.0
21,5375.642729086164,604.067768969169,1669949.0784536456,31483.003337354738,0.6416121240915936,4243.08718251668,1.0807545883911522,0.1224380277061277,8.151565533912887,0.23968812940023795,0.0
22,3607.5026768402495,1822.912058456714,388775.3375109631,11676.012853800781,0.06214572682291245,4219.573771442268,0.6216538006671785,5.423572855782521,87.16612932761505,0.38360793322979037,0.0
23,7807532.805908099,877383.3402020177,874691534.1559734,36087633.24453357,0.6990874420194657,3760.876853940613,4.076282257817976,0.15692144281269718,10.649980729117171,0.08771795465099219,0.0
24,23290505.34829566,3185640.900638406,1686311941.994648,92442678.71183343,0.5284829977139128,2726.577567087607,57.182219468600344,1.4580149596025218,29.228485385652494,0.12752622913929718,0.0
25,4390.1716526420205,470.5429869494471,1675851.47181055,28158.913899977226,0.6750153443603865,3665.842844370217,0.4751057045334223,0.11338480384090728,7.796489432698247,0.11331136398545762,0.0
26,5141.63886860087,920.985742697615,1430290.6305816832,28237.386399167193,0.5712558069308912,3711.484624543521,0.7914309398486322,0.16275180043232557,10.41997033518034,0.4192008640037723,0.0
27,629653.749407294,38503.65442950825,221754185.52302623,4337759.387006575,0.4841743603368787,3505.9785699791582,1.5507727603305932,1.4745638941319672,30.550013912027147,0.40712509695732835,0.0
28,986901.8813918841,71588.2238577556,195750104.91323394,5693540.948630052,0.4645132613578766,3889.2160088077035,8.031778982949147,1.601671874579965,39.17200136158022,0.016804503207872665,0.0
29,14069332.403810536,1159408.3063143843,2331498738.032116,76280467.22129028,0.67999129886864,3827.3416277938486,4.2249717134487295,0.08937357462475601,6.128374833314358,0.21297781649127223,0.0
30,128492505.84465571,53280614.28327985,4787530573.552173,287244038.595013,0.6778446883621277,3341.32296909077,39.43985305299827,0.12833900577091964,9.17467617913103,0.2976247206902947,0.0
31,6300605.686096233,980325.4871027535,330217337.51571125,22966119.921537574,0.6239302895246215,3697.7758205785717,3.6447495601786364,0.17689054816781552,11.895581512956017,0.243300486165832,0.0
32,91647212.32729624,15305553.581945036,6751666109.118041,359213137.5355154,0.6862636556591055,3936.3944286781775,6.765026648360419,0.10286817776682922,7.543466245868158,0.14918707812161586,0.0
33,1038281.7228344816,238570.62796885683,38887711.22029264,3079676.8922487223,0.7543325280816876,3742.7502227690593,8.685623618680713,0.12368990973559901,8.816131978337285,0.28636159493811225,0.0
34,50945.020057763344,12903.58979892508,7727584.459420842,217588.16251061222,0.7112362101239803,4200.942049588445,2.0880607185745577,0.12306115651247876,8.708165306279131,0.10787738919121413,0.0
35,48279458.24978914,23844138.503092665,1900663994.0505404,113320678.6780428,0.713914193866133,2791.9383583842564,138.0717164026927,0.16236974222010794,11.734453807143996,0.1992859132115881,0.0
36,8736841.757205904,981881.1031721575,934542791.1368558,40152011.347117044,0.7197509069859953,3539.04848798549,17.924801918722515,0.8646509908410351,24.300240196661512,0.15100530111109178,0.0
37,6159475.320262884,983868.8645351079,380657817.391994,22926632.136053354,0.6909470938386305,3861.3805140852937,5.837619344801962,0.31091944435743074,20.319224004412202,0.06331457552205912,0.0
38,291195.3246048956,32936.352248643656,55052911.475080684,1514487.2243373697,0.7052214997822166,3441.9993782179376,1.5329360316826404,0.09263923618222289,6.097653741768677,0.4560433246352787,0.0
39,57708009.011033475,12875858.71050835,3535295312.248563,185664808.49115244,0.6943001211833946,3904.4907212944754,143.91707736447526,0.12758647132074383,9.393022179804579,0.2067109537690378,0.0
40,9701.778830959096,1687.1942737995166,1312014.7624559249,39344.76581681467,0.2585511012757103,4328.820482202784,1.3661867286913885,4.053555151604057,64.84602206755547,0.42355974764157334,0.0
41,125301812.01428816,31820497.08920359,11555759660.122448,487493145.50339967,0.7101401835261641,3092.459186290089,128.97093574750704,0.11249066295423704,8.305312740116317,0.12059507090670596,0.0
42,81390915.93781988,29792982.55105725,2272971779.558987,213765688.35194483,0.7484427499099735,3661.548995655843,44.43814590773769,0.10826113326218963,7.821943706096709,0.15518785239225993,0.0
43,9882.732053197858,3540.284860287735,1981586.3119032357,43522.06677577733,0.6847044498832631,3657.3442976229753,1.4810582025610437,0.07638428951493959,5.596685658799271,0.449274555378391,0.0
44,16483.692888520793,2892.7298641849397,3520368.9584919065,81637.44395159147,0.722622381863234,3652.146487471944,1.9779229992910141,0.08352570707485292,5.9809030967964745,0.05044328092714394,0.0
45,44355339.47106888,11459211.260537999,665507725.1087902,109376925.9836766,0.3518851747312528,3547.60810935521,5.141305627205403,2.264201716375415,48.952094563599566,0.08368514955128474,0.0
46,8373971.583537845,1260553.1586532716,609817957.5111903,32507839.344725974,0.6723025624748475,3826.8606004066305,3.7237494260346966,0.1702633782494698,11.493240995283275,0.0644502626938587,0.0
47,27095023.92188739,4175334.9660124457,3883818395.253816,122430678.84559233,0.4929684598090954,3389.4376536813143,30.567585824737083,1.4518211984576905,28.986387558860997,0.25315934002116103,0.0
48,13095.399387940593,3402.71146739064,2147490.9821214178,56554.7798643227,0.32027747890631986,3595.7181773732327,3.1724305648608735,3.578839400800142,68.18711859664045,0.5226379769015067,0.0
49,7970.542781292877,1680.7666559596255,1901015.8519405848,41944.52123604482,0.5742929079041713,3644.5150547263274,0.6473373568196648,0.05774079768849143,3.961840233674846,0.35794372660667817,0.0
50,874958.0076278312,283393.9597668833,35608984.07424182,2577098.2607505415,0.5296478322565645,3921.3321012526785,2.50130966335863,1.4953665153585938,31.891522595705574,0.14034041987082563,0.0
51,3513873.110275653,416723.0015401008,387358031.29041016,16324524.358236318,0.5816172134394355,3471.3275249260187,14.82935225574698,1.445212215503973,28.480705235012987,0.343299339500063,0.0
52,4458.257396017519,1762.288447536508,1159524.2590532429,21099.827160743822,0.6944195749110265,3589.5312516903095,1.1679521793465437,0.10521771103138411,7.498904221794467,0.2105583824407862,0.0
53,346066.4540138943,31683.673309960937,59788538.01174796,1866113.9954134442,0.6839375422920784,4249.930690409256,1.4813052932884607,0.14110209187308537,8.849040933524899,0.1647978884183785,0.0
54,6666845.4380389,761779.9711991241,763944427.4270818,30977960.946314313,0.7509893316283442,4163.055337949311,3.9226406606732866,0.12547141009766918,8.728973030473476,0.1684046768813287,0.0
55,4505087.17831653,709828.4261227965,249362470.10232678,16519611.928203264,0.6771272333211616,3683.387804411361,5.913664089079569,0.14453194639327754,10.565775071664998,0.09322300523869245,0.0
56,2675521.70482867,880713.2692913106,39817394.554411665,6246838.727310201,0.22433101868556893,4136.531756294524,2.0693359069939126,3.457637213745822,59.710410990027626,0.0026608899741630025,0.0
57,169751.98735131597,128956.60487939298,4760277.631501034,312944.32369130774,0.6737799256205396,3461.3382432417325,2.911331942605181,0.060048533176623134,4.230375401127354,0.023593604691487642,0.0
58,47998713.34347324,23821996.774858583,1840072704.2617638,111919615.5839202,0.6434644350105917,2283.013575696083,49.852436552730296,0.07766498261740944,5.626816751911127,0.14786949629913979,0.0
59,27407.054425430913,24744.492659971984,1391772.174325269,49868.820788572666,0.6909163085067065,3878.1365661509267,1.5402325642177965,0.16420768383796763,10.865032010563786,0.17140586824045442,0.0
60,9844192.039182778,2500614.830065228,170698542.07106805,24814091.621329643,0.672198117426186,3525.868845798138,5.738151926178127,0.14430214368474797,10.492680824378308,0.34257152861857726,0.0
61,55318346.082155004,7223589.674210844,3709748011.241918,222626715.44383222,0.7645555259173582,3502.032883831382,135.0943331969431,0.07923792292579464,5.855693877398205,0.0818761053987157,0.0
62,638262618.2542386,185170575.11395723,21825625964.44459,1723942501.9008985,0.750082939185631,2613.641204686316,14.543261489939713,0.10976991178283849,7.9391975573018,0.12154465062074873,0.0
63,156808665.31019574,154011966.57929367,672534331.3073055,181339008.5124683,0.7140795844258812,2103.597119761539,6.795806279113888,0.1120768565572682,8.04877962765907,0.11139303427409704,0.0
64,13283062.329041261,1291879.0246214252,1789089201.3488317,66455924.901111975,0.6806103543980345,3940.705218929609,21.359165852295963,0.17362535237340992,11.642527452872844,0.07739698986994686,0.0
65,1004703.5183667431,195739.9278468324,47548922.375841916,3370373.8816519054,0.6795016990106608,3635.7916302517147,3.5457260530457955,0.12664287732862228,8.905092758506154,0.23100024752335344,0.0
66,55375925.67171748,10369472.204590369,3122116936.855561,197695791.68231568,0.6440648398428984,3299.0909711842633,73.47609615746772,0.15303669114059087,10.672098368319912,0.17996413285323454,0.0
67,265948426.97530755,111302532.0074785,6499246235.783507,589517807.5622765,0.7490497465534907,1858.7015364457188,1829.2655373118305,0.2141634176287411,15.008568380897469,0.13325558133618157,0.0
68,4897771.151990071,801562.3858546205,385875829.67717445,19603035.24273522,0.6537827414763108,3621.5765797636172,3.8023137278304286,0.10399570386469596,7.4468754763849585,0.2183650597412173,0.0
69,67384113.74637613,10496356.195766715,5470586596.124014,263139828.55510378,0.6800567632155353,3077.0027973024958,117.16825480107104,0.12727730402722032,9.274815972784817,0.30366792678652615,0.0
70,48706386.28816158,5074295.39277642,6520074566.780218,237637061.10142222,0.6168706052820581,3949.9557553700333,3.3858831801532383,0.16558636749415817,11.514518567586899,0.11020789285184232,0.0
71,17701925.559257835,1480377.0527918017,3521536437.5053916,100541518.70374595,0.8176649582953038,2942.462635545404,78.63227120283432,0.19243121654208756,14.037243027855379,0.11623595325662787,0.0
72,20513.813306142365,3669.692500907297,2856738.6088605863,84469.88371234883,0.7355913951293154,3838.2533284063675,1.934369407326618,0.05414196593622789,4.035382183157291,0.12654256281651005,0.0
73,16492990.081326593,1422564.3352503192,2282546769.184117,84986330.44131401,0.6555485349241548,3837.2414896770433,17.51550350387457,0.15096171464398891,10.13676903630905,0.17363903822603619,0.0
74,12475.216595807815,4632.6920667206505,2011498.2438187818,49973.99600212094,0.6641980112911746,3986.778340635749,0.9866264849139853,0.06822073979660308,4.63938070487499,0.28453697241363113,0.0
75,11122727.928002704,1881522.0303448152,1112066819.7043304,46846213.98022034,0.785131124491723,3306.58729389211,112.30643294161786,0.14364236582904777,10.51068347586714,0.12237997836869005,0.0
76,8630.647168288258,4407.474741994627,1003157.7551312189,25686.697150233762,0.7331276093474512,3390.394156798845,1.0198060687956998,0.0729201130644137,5.4314857852519065,0.3559900239031236,0.0
77,7070152.426204711,479828.24250099796,1828177328.968459,44409694.07084361,0.5136417566929653,3808.18153264175,3.9607697757480858,1.5283995571339992,34.46764758782917,0.3080607889890554,0.0
78,17113194.5708325,1915552.1650043563,2863061728.7187915,89586747.85400195,0.7220274062737883,3025.607480226571,126.33185714145758,0.09105232244556909,6.729263961746629,0.22527476054940868,0.0
79,20775290.59975592,1672308.2245540917,4815823571.161497,125543039.31733687,0.38576556357219594,3326.03904979729,41.582072709492124,3.608224217841567,69.89609005288924,0.25387534443870774,0.0
80,7894.2772993531125,1298.8842773381207,1698815.1552957154,38577.21348793732,0.6578722545666801,3620.1637816618286,0.9598199360702184,0.12145294732857055,7.686615210800616,0.19399797667358634,0.0
81,56210610.19447019,8305190.033144416,2917694424.660283,205252317.11589462,0.760240272151274,3078.810658290567,115.1455744509732,0.04553821394107471,3.3373402130941727,0.08613750259849738,0.0
82,293411.680385131,199901.8449007985,3875028.9474952766,449007.9295783042,0.6442292227642312,3669.3012536573306,2.091201174982827,0.7272914132266618,14.305573318809186,0.45172896915272753,0.0
83,15527004.281946953,3203946.7627919693,546127123.9642179,46987090.71645279,0.5792580720517837,3935.346421677707,6.580793383809772,0.15413575090769252,10.456698103008714,0.12038400079099769,0.0
84,283514.83135663066,35742.898761629396,28628373.799866665,1252758.1848763837,0.639395935487391,3944.616952609583,2.2951819425486812,0.16426576183788147,11.617245333830613,0.23699590258826692,0.0
85,53920.86243357449,17290.088011235122,4545486.132131044,171328.14789992897,0.6784485538603794,3395.1286545664457,2.325397344412543,0.8186229351430109,20.978457493013074,0.37037485460548764,0.0
86,4775554.336126906,561376.7128317486,385370922.3580107,20212414.233220644,0.22944835734193325,3558.845339718009,10.428171883149043,4.198077144730812,75.16745674821928,0.12583823067080044,0.0
87,15322486.336805444,6622483.085160745,427378758.25408,35857401.29152908,0.5983053523013558,3770.2576407593697,2.066537291617454,0.12178031561958527,8.08548823153402,0.14779963221636283,0.0
88,5148.235509232584,1620.4850185610771,1236010.5072723075,24380.703173960712,0.6397507780291614,3731.4264683062447,0.9497190005025228,0.07643440524693164,5.340476180280061,0.10741138094995605,0.0
89,85483.81281406927,15144.72941362934,13683510.345259383,409842.1030051686,0.6420743244410329,4121.659997499107,2.701503602264066,0.18204536308997757,12.589729293113693,0.2323464887013227,0.0
90,9103.84614356305,981.5756696075703,2124920.641032342,49541.38621242605,0.09424102074355745,4006.0354351220967,1.1531166328094957,5.479419283832746,91.63729297174318,0.49010243533917786,0.0
91,50135014.81770873,27150762.406878926,4518684063.214765,141714172.82144225,0.8183969209473991,3159.77011456224,68.21666086988691,0.1675709988368915,12.460250091080521,0.3589594337319654,0.0
92,28161.000712073397,2112.2938235170705,8444957.38456874,175564.16603369938,0.6158004946028405,3996.281769967593,4.29936911306811,0.1338932076104701,9.368804084221223,0.11250731196085628,0.0
93,12879154.01164493,1159603.3027077022,1750588203.7425873,65869160.88989735,0.08894534530988685,3945.7001246408017,6.175636096936539,5.479907067162625,91.60084716088951,0.14229332547408927,0.0
94,6188926.711635932,624111.8142225172,653288921.809014,29008352.85133145,0.7445755055306651,3835.624349362593,5.489885588518992,0.0572466601623506,4.059813171719187,0.1259075319922386,0.0
95,11413193.352456056,1321516.7926978183,1732706472.8077226,57334538.3441114,0.7327878094864518,3567.6980894794715,56.4375647475087,0.13842136081650072,10.138352470691888,0.24971276267126014,0.0
96,22855.48880513024,13986.0259831951,1935169.2127017584,61382.67885718071,0.727431250763539,3468.2131910658954,2.2394799068581595,0.1090911153126485,8.093040560668884,0.19426642892235702,0.0
97,60563263.701930486,6814866.492563022,9604324479.910849,310425935.15833604,0.6424395079338636,3730.511666230378,4.409062579868206,0.13642796233565582,9.229683865157513,0.05336936714101728,0.0
98,33967597.511876315,10481474.836545948,857397031.4996675,91369343.20504174,0.6347422394906411,2999.4036972455165,92.97035244609509,0.8214715657322376,21.55282196756331,0.10063956375528049,0.0
99,79124448.32027726,6263499.597327417,12859274006.43255,430617321.54227275,0.7450494719828342,3584.1547515200814,10.966115007453514,0.0762769151260481,5.03444503674424,0.1689355796101681,0.0
0,13455823.745256523,981612.6033392415,2959910318.817716,80050633.83236958,0.70327822548075,3495.5649758905643,33.60505425399545,0.05300770220510289,3.7666421182209504,0.24625329845918942,0.0
1,9899336.739813024,805272.1804548735,1559552419.5881095,53133767.918188706,0.7225419440519997,3869.2400081573537,4.536189058862041,0.02613980398985296,1.8308962548620542,0.17239200376175337,0.0
2,2059.0853941192795,340.91434089403384,854376.8535530625,12997.0842116082,0.45513622703235096,3537.0368024141153,1.1626310688876553,1.5104674365340167,32.9284065537783,0.24097690445421946,0.0
3,2579.6111050230074,374.49718033493974,1081300.2977732953,16582.123508602028,0.7054515065615947,3572.61811600124,0.8304067017614767,0.12841051510829518,9.146912021190404,0.23412785908786857,0.0
4,12874277.06279165,4753318.138540194,482091717.0297133,31239992.76521852,0.6564680308500404,3553.472055886736,12.959338201038706,0.19172441126374853,13.658654511539194,0.41347978559421034,0.0
5,8391098.90079715,1723152.2547018155,566847701.8190033,30986061.040296227,0.6623371601931911,3511.96525733046,4.224218284118788,0.13363771115574002,9.476051256821787,0.3375614202551762,0.0
6,199512.30990371085,133250.81347799866,3503122.277575453,323190.31769685703,0.6441874636580815,3605.3490123987212,2.0158538203295255,0.062227791599204885,4.435353333982543,0.2642427832508546,0.0
7,18836272.97262491,4484236.508810993,722772462.8525391,55188083.540851474,0.6813779842515624,3827.738877348417,5.654777095716104,0.10524200550046325,7.751445178313764,0.24179372901412505,0.0
8,70496309.9236812,7695836.738678401,5974888963.587645,308766108.73935926,0.7512089675610236,3881.630681037681,34.88400588432685,0.16041672164659734,11.150319810654661,0.09641947630338457,0.0
9,14206017.194940543,1087525.1331031048,3113897771.571917,84039601.84299909,0.7275210331167962,3295.3596620701537,110.403463827318,0.22961968749974745,17.006168304701255,0.39971648524765635,0.0
10,18818272.350880753,3061087.3248898303,3259375560.5814013,89913541.22411,0.6562053410563344,3727.830168720864,16.34309316326343,0.724541053936345,14.631289125871325,0.2669151955038822,0.0
11,19434.435906485898,10179.584737263276,2766241.5473808856,70894.71676837941,0.7364018910149965,4172.9325083350095,0.8846017243587526,0.07955842196600153,5.385489856103201,0.1370574235609577,0.0
12,1601684120.509325,465191704.53901625,57750791562.97733,4532626347.051928,0.5869281660228591,890.6586383773622,9.152202013263516,0.09251399102678688,6.746688567399806,0.13691967970682434,0.0
13,3934370.5242923335,871413.0348727556,209347691.2530544,13091081.574610936,0.7615412724737792,3667.331617538751,4.68289201181534,0.14171179618213384,9.626747117680106,0.3098505322777896,0.0
14,1668372.2478517317,108330.02883523559,448293842.4190316,10617683.899659736,0.4566837307136809,3981.9796130342093,1.608275732755485,1.5260664062728306,33.55801236095455,0.291232590497568,0.0
15,7777227.595917508,1447388.5567923118,650057513.4531801,30999591.274344813,0.7172440216700282,3639.0338668000527,5.3755103690470065,0.11186004711723099,7.987715547824251,0.2807221854307279,0.0
16,7062989.444382799,1537115.476811828,262226115.5629261,21951213.14469725,0.8191072039985737,3358.0906428828157,20.69611162036513,0.12783975892726263,9.126325152507167,0.1629775124577579,0.0
17,1057.3808997735982,180.20681167103072,363824.5480046707,6461.0162070777105,0.05165818514830306,3390.898719377665,0.6110596360717012,4.794419095474014,80.09815184490516,0.4420097914096295,0.0
18,7608.763637174654,1285.7438623149762,2204200.4577685096,42739.92435627447,0.6418892694083131,3581.4427105121567,1.1384654941496177,0.06193249826304381,4.415842882355089,0.3668062923937727,0.0
19,734663.1764009676,100695.17718677742,91889692.1545463,3389191.5651812614,0.6306667600041462,3900.869343725286,4.066326051348532,0.12510395112636746,8.933818705846225,0.1942220986309709,0.0
20,28820618.69506502,2103455.3122928934,7537235342.815184,177554991.09497947,0.7143834890381903,3886.4558383307995,79.75498675234752,0.09237024754585992,6.878242006675295,0.3486888325921055,0.0
21,99332266.56075326,13783660.318972116,11434274719.686468,437728049.8962237,0.6139466728920975,3965.5915909547857,4.784324694225973,0.2261697257091429,14.723787548030671,0.09171727989123024,0.0
22,16759641.346363312,3038832.731558287,616904703.3976766,54623775.996852115,0.7389027567492275,3587.2031185757533,5.806286299658594,0.11953071596136108,8.672934048524777,0.06711469468963957,0.0
23,10715.731208427756,2048.7652056495563,2027774.616336342,50074.68576293802,0.6861654929884967,3414.079487428686,1.5049483158860524,0.08759296871057672,6.100469446882019,0.25383633750530293,0.0
24,58153.467674158266,17079.583566054927,2439791.0894884435,157689.29179679128,0.7385958384879912,3262.0188735301817,2.2912691047585625,0.0900244336316108,6.459668503876034,0.5490028211460922,0.0
25,3240.1586731100383,943.2853182601417,1005879.4444564726,16986.906876164285,0.6862292230765397,3509.024446389496,0.6270800458242556,0.046182397009723,3.399861401077709,0.2597380514870955,0.0
26,2930.6620688503526,387.8693214065355,1225215.4908053745,19391.28777961834,0.666986349920182,3614.574253425346,0.7591494398440833,0.11360070326963508,8.115929219162101,0.6395650877458874,0.0
27,47738863.074778244,8106156.988741191,3264301726.1405334,181222172.75573716,0.69336689936962,3706.4632708444988,9.629007368862155,0.16337823544171037,11.587927545507803,0.18645506952764976,0.0
28,18629.022910823776,3769.4722739997014,1597446.0923884688,72697.51494841257,0.2765933008136501,4028.7283107573994,0.979173504438861,4.009677588120086,61.77652071159105,0.38184840272429993,0.0
29,48210415.47126588,8658807.574162345,3573770712.618136,187583899.10601875,0.5961077990200188,3474.4967108825813,5.582767804421188,0.08850151935210784,5.7914941026694295,0.19758896146387503,0.0
30,5906289.97496579,841920.3622292628,602591319.0631927,24918653.124985594,0.7897556023132889,3129.7846127105363,219.26146646747006,0.8170607781457064,21.130213830753025,0.16440874372871686,0.0
31,10125299.165181912,781035.8707069674,1753968313.0792465,56246733.36070801,0.6336294747731718,3893.8450776759437,13.100537452457887,0.14051122189671883,9.784457803652753,0.13168972713264676,0.0
32,11807.04403771448,6112.0070664613,1393906.0963102437,37313.97961633749,0.6108612962426634,3668.301581186474,0.5464358302024706,0.03854435026321053,2.6658419627089116,0.06204414773544873,0.0
33,4655.7889473914865,368.0030523993523,1604029.8596087587,29810.47438940304,0.47926799455178715,4096.3927139216885,1.306085521051976,1.5408098878863132,35.389412525832725,0.16717097966747313,0.0
34,821279.2968036865,67305.4191314196,133311169.63878462,4413348.993710691,0.5045477051387964,3837.023738493387,13.294766958167008,1.5324008771761624,34.84237494327604,0.08455610839067243,0.0
35,3405713.792646242,3352712.76914825,16601908.347120395,3902409.601565109,0.6164927529210782,3773.2211274682263,1.9700727907834858,0.7679068573470695,16.931647736234076,0.32875140400034963,0.0
36,5062521.473226658,1510519.315873994,267301020.75808492,17032850.21959679,0.611958487372461,3606.070898357613,4.520195381977652,0.14687220033409326,10.367997326519308,0.20269132029212136,0.0
37,47072074.13601627,12152690.712295704,882437632.6210483,119026378.85309128,0.7712209446440808,3343.7280171624943,95.95862339442039,0.104726326208577,7.667959834052948,0.07239339417790037,0.0
38,23554167.82018759,6947983.527647716,295384680.9724723,53517112.027638935,0.7666673070099256,3809.8358222708803,43.336623902894736,0.1824465411647898,13.40359691701217,0.21190122020471397,0.0
39,5339140.249810862,644745.307032812,611716460.5559013,24247246.500292346,0.09264568098314452,4218.548973921522,4.363318161973424,5.410802448019367,87.18625625124147,0.20894663487565762,0.0
40,33944.860416393145,10399.014987370098,2255953.06871631,98954.3622377277,0.7385362982246468,3457.0597825221143,2.091404809098888,0.14589495837865032,9.647256219725577,0.3949548558322134,0.0
41,4071320.056375444,853702.6430925056,170233068.25686926,13033182.164601773,0.6172419877120932,3610.2037399267965,4.177156698682343,0.1078969571058992,7.483261170801354,0.2359895753247354,0.0
42,46536917.55632968,6180020.283521342,3231705207.8344364,183425327.8054022,0.7374578098442809,3786.844245644381,140.74781616454206,0.11722519181865003,8.716183838937129,0.18145267213100733,0.0
43,11702449.451807285,1007683.078406166,1840278715.3114324,62359645.74884601,0.7138820630105233,3440.2827524567665,30.170842887648398,0.7679725031876241,17.608486834442925,0.17065258064211633,0.0
44,30640.812050312205,6705.914630999725,3516979.332458994,118555.71723963975,0.6488976268175419,3670.086779181399,1.4533677421313975,0.09304220331146151,6.610509287833439,0.17843837173774976,0.0
45,97655.63885982588,21438.146263063783,6644231.233589916,325240.42200635234,0.744159015843444,3323.8483180734484,2.245748536019771,0.04217114886697217,3.1607247806532626,0.16786137716164348,0.0
46,3598088.5712573575,540253.0653676644,303541336.17741835,15003224.577469181,0.46513330744110126,3470.555541116285,35.693213935392336,2.1267036139035467,39.75024217071676,0.14157598800125815,0.0
47,231201.9529060262,46833.3492500179,17874393.0183829,863274.3125255214,0.6849006180402791,3559.247973843071,4.02101717380315,0.03964573858809421,2.621222489192978,0.40954562826099034,0.0
48,23062508.679516397,19390533.75454905,503258222.74048454,43502465.246898904,0.5348532453874176,3901.1743092443035,11.13870031295538,0.13604676244516395,9.696262113615044,0.1559839986860906,0.0
49,11888398.642603148,2360274.902143684,834249585.3411269,44725411.78721723,0.6704061993539849,3334.8509272415236,12.47216890202654,0.08244218287437022,5.748183646285578,0.2734244103807724,0.0
50,14181123.940299118,2263039.8127171877,1109629039.5210207,55651054.670058824,0.6963406297513999,3729.389560244494,5.91967811722093,0.14167817081136702,10.219731555120205,0.18785240400621295,0.0
51,14426250.560110882,1062685.5281147056,3175076149.0446763,85749592.46956329,0.6895929314429398,3059.5789905613256,14.763291782931207,0.777218550166116,18.090158716374738,0.2582113193826304,0.0
52,26706907.954126738,3581815.652572821,2543029727.7377353,113986580.43863383,0.6025714846906185,3165.13282621106,47.00091018715612,0.8013301608590322,20.042226440580116,0.26052679509062526,0.0
53,2129.0435266210225,208.80770977033777,1105982.8031064624,15409.531353734612,0.6955440929684445,3851.006883806096,0.41612365447834443,0.04842959163698568,3.464018198812292,0.37040889562253676,0.0
54,8089.72985890758,1266.7731268221335,1773051.3812551708,41195.4470169038,0.6500828243807893,4077.0849353789695,0.8126810696821549,0.1337775883036258,8.703176117803432,0.3530060796435785,0.0
55,7746174.147936881,1217803.6840810908,693139297.392257,32335658.260526486,0.636104311993091,3743.5153557949216,2.4818667352877526,0.11974527976771876,8.674579264743832,0.0984148384940174,0.0
56,42244556.306261644,4618405.771567522,4822946532.709265,199587141.02559775,0.40308034193693504,4404.985880818682,5.546535143362534,1.4982361617993907,32.03666561439836,0.1452826697669321,0.0
57,1405806.533034326,244451.57028021067,107540079.145293,5475854.58871462,0.7291750773322953,3795.8132113050697,11.02065608908091,0.12925797788757237,9.526297427307027,0.078829470000763,0.0
58,10384.779054754326,4883.437310364946,890443.8542303157,26601.54952009417,0.6892528496170863,3435.066848724772,1.2706293922053815,0.1855057741446501,13.208811503814612,0.1935669700433034,0.0
59,41622269.605792806,4800596.598850943,4037727839.3942947,183815547.94001538,0.7723183181131296,2991.4211525797923,237.7686735720181,0.21061905900076025,15.29118706674178,0.20615513833283325,0.0
60,108941764.25424889,20653491.762542598,3460528131.483617,340088868.7818829,0.6283068855661,3637.908016895458,4.46091890898275,0.10047149375189024,7.3938221355541645,0.13159009682367165,0.0
61,57415012.4208897,6504025.110528481,4510203376.666428,245326373.22476465,0.23234659415816133,3785.5989967760834,18.967821676496268,4.243215019839715,77.31708259373308,0.09180251105482967,0.0
62,12172058.757524652,2491063.533602346,576306160.4328687,39106395.13959268,0.8022117905422238,3374.6472244962943,67.72228547971527,0.054013001640087134,4.105078170935196,0.1252199238342679,0.0
63,336529.5785813878,265049.1948745028,12772113.684181506,738916.0492899887,0.6996401365985447,4105.142981819814,2.0923825247830066,0.14966643307067445,10.07401209451039,0.09254102489853719,0.0
64,141281888.3221803,10397200.320567364,26474832828.691826,806840680.3638058,0.7184243168054076,3812.066666076422,34.17614400179699,0.04219611329495097,3.0588600697675306,0.08639840299873587,0.0
65,113891.23302932293,32709.741744912626,6427390.882667294,331388.55424634216,0.635151358847571,3954.403369121177,1.9481298289269617,0.13775770091274717,9.241838343387522,0.2987429855492269,0.0
66,63024138.85743885,9917614.613994239,6936643707.451605,273402390.02187765,0.7045491176214803,4098.050203243636,4.9728551655917475,0.09397652652278099,6.8725971615000505,0.20937038083286297,0.0
67,176206707.8044954,27996099.772114027,19301937274.484276,747142805.2586316,0.8029309898560049,2999.5481402854307,732.5544898179827,0.05775406131198624,4.24592057472982,0.14515480761835173,0.0
68,10334122.31554078,1837089.4715114054,376315569.49409753,33597717.84846217,0.5910456165461215,3832.5637535940705,7.758997776447579,0.7643531666852599,17.339887730420067,0.244329427191222,0.0
69,594348.0238435358,526453.4817283594,7914835.304428274,886079.6544126978,0.681544181906021,3360.693990772593,12.412511246266748,0.11815776654303614,8.680098082646468,0.05324573311098819,0.0
70,11783023.095947372,2559695.3515882236,714477066.5619366,42319535.44258857,0.6895131083913573,3411.9441507710126,5.5215820688284385,0.03862960684493037,2.9733481198589944,0.12331053390596221,0.0
71,20014253.67233459,1455812.321803536,5374737360.899573,124866623.80892198,0.33474352233787724,3554.883858555266,25.889535193876064,4.0584375613261825,65.31236721708515,0.3939429593750332,0.0
72,15428.333480548765,11296.863423619769,1236601.0358032654,39228.018122496105,0.268181169702861,3565.304369220884,2.3229414890826607,4.164177338396555,72.50608834006235,0.4271204138208186,0.0
73,152613292.12967795,24991953.499005537,11283858007.828896,581384682.5215766,0.6551562441308136,4184.885915833329,8.915203680664515,0.17513004617541358,12.849035502195608,0.1890231337757739,0.0
74,93868489.6477702,32228705.282002233,3624116899.708097,257505728.9280362,0.645967384032641,3545.8395964549245,11.780698119467951,0.11877879931548385,7.789072854269056,0.16594555129600388,0.0
75,95911.70155717012,23835.238656422698,3823816.9921892555,273684.79546069,0.775928458624225,3393.7461385738616,1.9693904408095628,0.11443148286311802,8.43203923918735,0.07508796317380713,0.0
76,12786316.654353727,2111788.9453006173,780555003.898675,47521904.68751682,0.6711081029855761,3675.1358918331007,6.421204021517693,0.15322120068186001,10.276952558542092,0.12122059682840092,0.0
77,20352751.158987835,2990399.64067652,1142499468.83585,75841482.7873637,0.7138240521574246,3047.1643946583995,14.919696586360327,0.1382938926294801,9.772846808784935,0.12952075174510277,0.0
78,526883.2120501038,98425.01357236254,34929125.57217511,1983247.627290627,0.22873022842721133,4028.787624593243,1.7460436130399777,3.499275347391557,62.30171702397824,0.1784954972386178,0.0
79,5189.311074762199,829.5102125301659,1684929.5673945833,30038.133517925755,0.6769909944460644,3880.820922589261,0.5371441261979913,0.05868555853612243,4.402027662001814,0.3652588476217431,0.0
80,71506298.74590668,9746483.95698915,6017004208.224701,298184918.81461644,0.692711113627589,3641.0003337742387,7.984625117888254,0.0885819175276052,6.554161431200756,0.17094114269503322,0.0
81,14094.704509013958,2317.778365893216,3804727.081501135,78940.00427512988,0.674503707996662,3311.2656042758613,1.8356083195981499,0.12505596063813415,8.391626282238182,0.04555635836786152,0.0
82,9511353.874146707,793154.2070391704,1647284989.9016507,52102958.14586441,0.7043462684165516,3204.459040776337,55.19006862866005,0.09366433878863116,6.786889788851889,0.2180492096933951,0.0
83,935661.3240791846,226477.3755674238,90219142.45650515,3767372.0828207494,0.6950482453890785,3954.297476451352,2.9662246795102853,0.17393135405622484,11.737659640273304,0.4735080925150026,0.0
84,111108.09350625325,24341.046691247626,7872707.832639364,379487.67093737266,0.7586305634251861,3700.6630254024058,5.952567732689706,0.05201479681100922,3.9317832486189572,0.024331667893686338,0.0
85,17458839.851851445,2869549.0304189613,1242832981.4433713,67423012.88145304,0.6626745274014345,3427.083193627754,6.532486528950282,0.10312884936936503,7.332031006388877,0.2898097703917731,0.0
86,40926.282311847324,10192.287827577768,3919344.0487853168,141738.84197390234,0.7389388971020109,3807.5568571974673,2.6846280107816414,0.0841422330860695,6.077251985165512,0.16484530574570055,0.0
87,6550678.368267922,1307482.9469170216,207975711.63573316,20291246.714008585,0.4509116350319055,3689.47832052461,4.047480255365995,1.5646259486116154,35.719971724256155,0.12232712877163507,0.0
88,4616.540691368589,1259.2500208194274,823710.4910215441,19742.89422876217,0.39623934952226947,3653.4904921852462,0.8856416648918053,2.783754517197856,48.769526950907235,0.10602496327824355,0.0
89,124191343.07331435,10313623.686702818,18399989388.657787,655293418.9198855,0.698074477961242,3986.0693928707733,44.92805640464598,0.12454598926828978,9.105692575754011,0.1120803380761852,0.0
90,14311442.930888902,5844260.11117846,93699590.61655329,26066326.97117712,0.6682600781840903,3487.8856514169984,3.7672230335058363,0.10891765607416418,7.906070002273813,0.24304176182706907,0.0
91,69592880.87821683,7958640.802171489,5796004219.657054,301585535.0294524,0.7329557034899347,3309.276087188541,10.641034217660986,0.1599525550716688,11.148941086744259,0.12886598067559535,0.0
92,34952837.23387702,6592031.259021534,1388709669.7181346,112134254.39416754,0.6602810498472821,2969.122561158409,52.189343481649985,0.7312248349830407,14.79766002287808,0.1721183564082359,0.0
93,38906636.42570701,17283515.16565307,277898735.4873608,67950254.95231505,0.48072956265184363,3353.0348229098113,8.645294629849209,1.4653365652338306,30.03956772645885,0.39917857922320105,0.0
94,7843.211034336314,845.7714223523981,2522412.746451999,47153.04892408414,0.7406385986812953,3885.775245946137,1.6088689391976543,0.05516934294683962,3.8792367165483896,0.27204111668966613,0.0
95,43182818.50187767,4844472.699148879,4956527812.089711,202942766.17280897,0.6837475445112169,3151.9097854043175,92.31478309909319,0.11286455128533915,8.337467373166467,0.22537131907361607,0.0
96,18380698.927622296,5036858.920476476,1550153523.4756157,70201206.480558,0.682486379197919,4004.7118521443326,3.972058818655719,0.13110610756934954,9.238252246700128,0.18343862271684241,0.0
97,8500841.841602465,2470840.894298364,139479593.71203512,20583719.53135282,0.7426221295803997,3854.4507512595624,11.745046355522256,0.1357113545852214,9.722454935647566,0.24415407103837808,0.0
98,104592624.47551177,36910978.077721566,2898386008.000529,264660720.4823501,0.6672513010140799,3720.3105898726867,4.971042874268215,0.08241085808890256,5.7121506850953505,0.13123229531530498,0.0
99,8850.105461564015,2697.907732446577,1910319.3517441675,41126.57569211048,0.7037009459794628,3590.083758860457,1.9013382269297587,0.7751876789390219,17.902963899158024,0.10645568495389163,0.0
0,44484552.96198882,9381321.1015273,2868741408.6068254,163315533.86562693,0.7595905234439595,3470.7227880159603,15.923366368866406,0.10191808336135325,7.097394311175234,0.08732434266307541,0.0
1,7981.502356696947,871.8332889940081,1853088.440614532,43360.79807467481,0.0971493782186623,3809.58139339851,1.1743276752236873,5.461534286592868,90.51041276618248,0.4322036480251188,0.0
2,105200.47334229872,15351.406300009583,10071101.106675176,427370.1456589809,0.6808588885807184,3626.854128522694,2.126797696029249,0.12546617924420636,8.377015470850065,0.14251718382679687,0.0
3,38869175.828679174,3632310.2617185176,5896385090.565061,202963440.77532506,0.688709283607598,3810.879935171549,6.463563201202987,0.15354872688996252,10.658380034375003,0.1624352069910843,0.0
4,478134644.51584756,230664232.3812186,10643002175.216831,1046852654.8459911,0.70900833609484,1708.7982161066627,14.662505448154388,0.11892852124097927,8.151811285735956,0.13092307104027193,0.0
5,46460.40877181235,11767.547963778094,7541343.052717611,202366.7230792506,0.6613939034337689,3420.352324719399,2.6709838756727167,0.17154760270823868,12.46036157519609,0.31566476291531065,0.0
6,24544633.128276896,5259113.932072266,718772135.4579692,70358004.51673245,0.6868504840762018,3459.3021983908147,16.670772508773126,0.14073758411435566,10.045128296475163,0.27540452210028943,0.0
7,2041595.601638758,189847.69093522098,243475221.45834097,9964915.110935839,0.3607619237412223,3763.5111205385583,2.1162519804871196,3.4339342781751556,58.02689123844241,0.12097216518449182,0.0
8,81646736.45118235,13512294.542539477,4559876287.859804,295354901.3539921,0.6791107344482991,3685.0497510435644,8.36412577642519,0.10378499736589922,7.092731576005822,0.2447464367206247,0.0
9,4347.941977472043,621.8544646529784,1496183.8771610423,26031.48397192558,0.6782990275357028,3626.125798159509,0.7820013394747567,0.0582759049094852,4.164024039944239,0.1479594603747519,0.0
10,3759674.1539554,1337012.8791259131,159162717.1125722,11004564.545904923,0.6543552870666243,3592.157287381293,6.315863969033346,0.19515670788275347,13.208726488693543,0.18276140911482208,0.0
11,10884478.561652353,715855.1747222842,2964946895.0023255,69470956.45835567,0.692173192918472,3103.334492938993,9.704895621764411,0.12978265715114815,9.485067085030803,0.2562584802589911,0.0
12,90510331.94784784,9713357.935832476,12639947492.210003,439343353.04989547,0.4776808407600644,3597.754654395194,191.10440688789774,1.4885095468442626,31.527982025780073,0.24219317226110312,0.0
13,4997248.1997619,985509.2008935604,480297916.4172859,19060673.634178672,0.7136792323166025,4077.5838481700102,9.973623812675324,0.10051639620984032,7.26893224738747,0.39889535624455513,0.0
14,844975.9049469115,66293.42251858988,156036611.09383708,4726637.222762775,0.5482241313898101,3841.7391499387268,14.37203680469314,1.5072674496685707,32.689637803713175,0.3835763604217439,0.0
15,49922965.0393846,5466291.26912917,5204126280.319571,229195517.0388631,0.6797406205945411,4050.477678592866,4.957576350224309,0.10224833813014733,7.194863855719464,0.15561920531936785,0.0
16,10277.218963312434,1568.7593362855453,3203564.7152354075,60822.70237087268,0.7355949198831249,3594.9980785547723,1.7706737339422716,0.07050218551460433,4.956149795874026,0.3383370179437711,0.0
17,6219577.1429102495,1044717.0331151348,449244189.99192685,23712283.135805096,0.7110708802400045,3809.633195748547,3.341760851736188,0.14444533867508075,10.120432979039453,0.12061999862359622,0.0
18,2634.4843845265364,584.6949075476941,973878.3965332936,15621.52291096827,0.7316114131982492,4035.6157454975446,0.7961619863785309,0.1709377525154842,12.478839200289263,0.4122813079241151,0.0
19,39966111.06995136,8457146.448855625,5463448147.18456,183854970.11347914,0.7027719791935156,3326.656028475586,60.057520282101024,0.07838733124856363,5.858516863549218,0.22942406209631083,0.0
20,6968039.315730838,600721.6731381483,1287006533.6397736,38597194.013333336,0.7363062969040443,3769.006871175301,5.461136545889947,0.030181940973141773,2.2938097732249845,0.22158046875017265,0.0
21,949713.6133114488,72536.3856523382,212000819.36185554,5605396.82684225,0.6691866794881961,3845.6931188694125,4.6698470261413885,0.2808199622225113,19.37781266006909,0.1778636209690456,0.0
22,1883.8194407595633,270.0631121669415,772869.5109519468,12102.82865612748,0.44053196169667075,3698.01040054027,1.0798675509563422,1.5932416195512775,38.69002420270773,0.11306453287954461,0.0
23,37990616.117657855,4354966.636425173,3897039747.8678727,172528847.15863785,0.6474438752448176,3655.3833390331224,8.241278162691987,0.1076322563651578,7.321842418945877,0.2732549470619684,0.0
24,5368686.5849108435,548539.3290168972,634201958.7180879,25493327.450651895,0.5108556191643459,3792.739867941723,19.372292029847028,1.5868112138485841,37.99123570697215,0.18505168225961197,0.0
25,403096464.7850841,91149375.57336648,12924757903.23373,1162228617.3302076,0.6401930841695694,3117.228131919156,8.28228037177144,0.16774109009685567,11.83713499297825,0.17199973119274048,0.0
26,2993002.1302192863,372116.4896181463,304035405.8962997,13277624.909893157,0.7004057346845175,3848.025906583979,7.104978728249188,0.08759963761534753,6.4163849675755795,0.2937410016325241,0.0
27,32268934.04171315,6783616.393865891,3455692712.4265113,124757158.42615232,0.7218290932440399,2998.5306359653564,60.546251293938795,0.04071735656271587,2.7581604792628256,0.2006707456197038,0.0
28,703945.7293332712,79217.44841285206,87204678.8164038,3330775.3630530694,0.6835621780228912,4404.982393255622,2.540861594808492,0.16841994308193575,11.36719038609765,0.10634339604889843,0.0
29,41664129.79901047,7995613.756054874,4054257158.365377,158505981.07109064,0.13045380111451466,3623.359822544365,63.68339955418597,5.517050804660213,94.6848184943999,0.2887252897096436,0.0
30,8858.427296171361,2103.307338597878,1887204.8448992926,41544.5852317688,0.6290287509758945,3394.2871826657656,1.55918811252881,0.06191887313760107,4.313186592084479,0.1012383156342347,0.0
31,1050941216.6869301,255560525.8644728,38004334159.71215,3081299980.3731337,0.7778430920028179,1819.3670321155319,11.616646746132075,0.11029189805308634,8.095366951915386,0.12706774930180692,0.0
32,50468.50990495305,14520.447746573487,4077459.542775509,173001.57456720556,0.6545902539098682,4093.9481204372787,0.9415462861672116,0.18524917598352256,12.119095759638096,0.44713837054419886,0.0
33,39201694.952201694,8056706.861898184,4351832880.326725,168458228.39753503,0.6468972241817721,3712.074163981516,5.639074017654073,0.10977181089068191,7.883278317327461,0.12381680700331718,0.0
34,6269608.621639712,1065003.2126944058,247253449.96705008,20844096.220446564,0.6963479747813992,3828.1158345723998,7.214979432748569,0.0990835753058799,7.156033687104831,0.07873912288610266,0.0
35,8585431.84887093,1304124.4381769935,1099237061.3504593,40653057.385014586,0.6361549467720329,3851.815296409638,3.246178485565715,0.13528389413290362,9.411280134920343,0.11956475585859033,0.0
36,17992.51091462975,4496.41292757968,2970967.806367529,78626.33217680886,0.5800840456876193,3489.510718817043,2.1178374693050115,0.0549089545987985,4.0496008726892665,0.14667101519556267,0.0
37,40029679.12274229,10471739.795416867,1687330742.4400964,122973258.67922564,0.6522758585303184,3731.692406187774,4.218155250813649,0.1267132401663809,9.089923580779011,0.08114367560180094,0.0
38,142936743.37028652,33347084.244090624,11609008707.794235,552790758.4925283,0.6787710773643792,4020.232049720036,11.438062615937453,0.07942911336113304,5.967518432530008,0.07046212439743584,0.0
39,4752.006878426169,651.2636462307801,1572130.2781932272,28458.076750602042,0.6673586977978674,3658.960146400201,0.643745577952316,0.0736644939156573,5.406007070033714,0.20205576193596245,0.0
40,13569677.98654125,1408251.0159559674,3197783330.668704,77746765.92022416,0.7480175466237518,3541.31303130412,42.95527756387536,0.07722080053769025,5.6886173617599685,0.40127898767322273,0.0
41,22067559.594385426,1577423.0352874384,7180481427.2147875,145983106.04160005,0.24913404459446697,3166.8308448775497,62.98262037863128,4.1317280173354725,70.68829830181254,0.41089447274351715,0.0
42,10902747.588011105,875753.5372442402,3403249979.010354,71345089.95320638,0.2971393117895779,3581.1053617120933,20.1148225119928,4.163253511376589,72.65067305511427,0.28558504350109254,0.0
43,14483039.284419652,1312903.965604006,2139512828.315295,75292912.9630644,0.8104587626419534,2840.9330909844302,37.87367603943579,0.1626489265151161,11.626624701498038,0.2074862728191483,0.0
44,17472194.020468555,4710903.9835912045,862185418.7533805,56012060.12272543,0.6780217413678274,3326.578881892173,12.106383474758355,0.11737795717986295,8.344582829783134,0.4364974031924145,0.0
45,10534886.668405032,782567.0463455502,2565287145.102572,64140522.15766151,0.5625121048633843,2961.849213914853,15.655334006042253,1.5261638905173593,34.32563484445352,0.2521950043642566,0.0
46,6254634.231476936,1033335.2000509836,389734492.3758682,22707397.951645453,0.6941090789880391,3094.042913997767,9.255752729344366,0.18677364691205814,13.014444584721446,0.21570446729926818,0.0
47,7682114.509054136,2189749.355546168,404414325.81123006,23544673.132525414,0.550058334943917,3384.583908631579,37.47469434503089,1.500694136772108,32.44684151467955,0.21774255269259335,0.0
48,76035019.47207144,28776958.767095484,1375154024.9988456,170159916.21956733,0.7144294083218917,3598.627622774505,7.381056048377764,0.07906901705474426,5.690299968804173,0.037331535744015217,0.0
49,13563280.999578958,1073740.419160473,2598285591.294086,77083681.45096907,0.7151936754347302,3436.7645807733784,16.165977002157565,0.8283265371739716,21.68342554349162,0.16033790531674955,0.0
50,15174840.894362155,2203095.1327720997,2073907292.7240548,73512618.42949137,0.7187676470241522,3048.0815429598606,96.45901822693452,0.14989605698518282,10.329174321484281,0.18221266652551818,0.0
51,10456708.913040604,815161.2916427251,1742895114.1352658,57494215.46464898,0.6166132005022212,3878.481347996901,6.694598092854288,0.7218831687369764,14.20992437088941,0.24357674323135478,0.0
52,12157627.454343472,894115.5847276201,3039894026.682026,74786720.24743186,0.5474133941045438,3147.2371018995946,40.981109547905156,1.519550305814753,34.041613252138674,0.28632220893809446,0.0
53,17644696.119516652,4963789.053592119,1190554086.773278,64206667.84319588,0.6247202475544884,3779.6359539329624,2.335672928101872,0.06590399061028371,4.649968909383776,0.14286230457952948,0.0
54,4445350.288904799,628853.7628190245,253638255.13550496,16799141.7340979,0.8060000844233419,2515.880591948793,31.57704415916955,0.13429203155342845,9.60005442856429,0.14587958243089613,0.0
55,51209826.28888241,5830609.630828439,6081583747.388676,237368368.39014435,0.7444821111522909,3119.150960550776,552.1417616967115,0.12443052904039967,8.960397078795955,0.4301404502905302,0.0
56,21520.844676064815,3587.4033222579515,4249997.963657076,109427.64464055069,0.6433651614673379,3915.814416318024,0.9540185084470045,0.16353394314305064,10.855278854444856,0.30242121782845377,0.0
57,6596198.835693466,1163217.3155920024,397645131.5644033,23797804.87289283,0.6443529940356103,3839.709039905175,3.7162858139955035,0.08615811294724489,6.051061144836661,0.14413265560542596,0.0
58,14681.434745251976,7268.8799844227715,1850613.6599449147,50785.55514977507,0.6746386434436006,3538.465189062833,1.2596531772471793,0.05039774803676815,3.4813241132585517,0.48677178246960673,0.0
59,32276.580736057967,5605.515659921812,4661886.886175484,142605.98935594902,0.7087724521296039,3668.8572826478385,2.580772861765581,0.2190617456629827,15.588965383778344,0.158174228614948,0.0
60,3522.0182588834787,656.0028262539681,1136245.7369832655,19948.708377869643,0.6459202734385572,3446.208994342428,0.8024220773659934,0.7107589372728876,13.313380785934978,0.017491934267362116,0.0
61,29648573.165861078,3292311.138487281,3034190755.734488,134945746.46935356,0.6980386593306335,3884.44292680397,40.826019416455644,0.839258874422524,22.33792278367128,0.2769119410268169,0.0
62,2445399.3102490418,172961.14250854548,690025227.1645128,15571765.822464755,0.7177696554302474,3584.0978528122287,11.825678650348758,0.22211611202528925,15.830635311591573,0.32145372746148426,0.0
63,5131.321960357356,1420.9324619510726,1395908.8022655218,26358.56298269869,0.667253603804462,3527.177063375962,0.9175957230154431,0.060905632785609495,4.515865949159315,0.3357278176560258,0.0
64,11557313.348730307,1324265.8628902927,2128936752.1125462,59554349.759859994,0.8097321522960101,3429.794254300914,20.22664181283379,0.1482158647227699,10.579235780626764,0.3020465418508786,0.0
65,4335329.894590535,790836.2527016925,230718804.9066854,15515450.778151423,0.16565622681484463,3958.0804615911475,2.2980130876991196,3.4730410909815737,60.62453615892399,0.16620429748429913,0.0
66,36087429.41156791,11412535.458872087,373222502.20977247,77806759.04810016,0.6387541509224424,3553.202169321081,5.898906716702848,0.09184190656588172,6.702572181182563,0.1238823706505474,0.0
67,3688445160.201387,985670627.3529885,54492657745.2345,8910135315.076355,0.714911981184437,467.04348031003667,25.219238610549358,0.09824958897580434,7.022716258918099,0.07337870487167691,0.0
68,20492.066398134783,8080.114411792916,2204730.346208914,69086.45180446743,0.7496474906843804,3601.378690957117,1.749795344807446,0.0974980641891258,6.752655912174623,0.21913158921098555,0.0
69,55944.92329598195,17456.957767402357,4697244.598515289,180843.0344930179,0.6663126934753916,3597.3730557239583,1.7873036019512072,0.7786258570127773,17.799544140265432,0.33360406293653133,0.0
70,7719.437623621668,2200.220296948167,1685450.1943738274,34249.106409287066,0.6414561986688779,3729.421311233352,1.0221666559703868,0.7702503408180014,17.08579297483915,0.1876607990909381,0.0
71,189001630.07469,49671395.261823535,8010167596.475412,564737805.5256572,0.6772187816651735,3209.8662970301802,39.95921080854105,0.09209954940836748,6.928053943275185,0.11834668142337507,0.0
72,16109921.542511184,1607049.2142974033,3212136164.198542,87072410.75541908,0.7222013029161174,3694.3435144243113,38.093116280375625,0.21647031346255668,15.328931841446703,0.35888482826718343,0.0
73,2118.7262449310847,269.03259137175974,716631.3588079333,12649.659110512763,0.4013674432227381,4381.5209490956095,0.6996001639756136,1.5533333111457885,35.35749397162741,0.3647184090979987,0.0
74,33381045.351283677,7138311.039403474,1927667477.2408764,117581001.96480966,0.6850919792030302,4171.3181152215675,5.071743305014475,0.09254163873143621,6.778544851561956,0.14628471831037365,0.0
75,9817908.435494501,926432.6699811881,1333559300.8343525,49643521.34923786,0.7371880759024976,3435.6397484415497,44.69543485119143,0.15020703959905646,10.365507389524332,0.15150511615738885,0.0
76,7875.183196888922,2387.805459408804,1924522.738213942,38570.260322554495,0.6536497929662897,3825.5263223228176,1.4323350566186601,0.7324893084699601,14.704279990581293,0.16305559900546204,0.0
77,7110726.410535124,862265.2464116303,684691240.1668495,31700353.876701612,0.7712104865460165,3214.7974355116194,71.19353267057863,0.1485386297740426,10.121845190179343,0.20785756351553691,0.0
78,2546859.4100841377,401472.3373643334,158240013.4315487,9625024.450205814,0.6830207422863838,3954.6844016337313,2.423274808787786,0.13665162788287813,8.872532500170735,0.1468223024222044,0.0
79,517.3221701785507,66.68305877453615,342292.49145862344,4071.9833896001664,0.08770064301486476,4100.390576079913,0.2954681934228384,5.4313613611234945,87.71171491210428,0.35065944404083793,0.0
80,25006.038736498147,5178.187810957937,3280696.2907194872,105448.86878976403,0.7263137624788264,3892.875496640221,1.6833676074634536,0.21321428156697397,14.643177459349943,0.19975213635354272,0.0
81,1159647.05824147,595377.7151881382,50654567.45051682,2946427.315439259,0.6941552387802381,3744.825306154744,8.064123246642614,0.060850027142150064,4.365872297176956,0.12723916604700888,0.0
82,8170246.699298022,952892.0096907106,795269837.9236677,36527251.50422372,0.7622416083527895,3583.041580964917,11.108882113105306,0.09978481365090683,7.065214747984823,0.3105913809776623,0.0
83,27136.327009332854,8422.10505968534,4876122.663850712,121804.14667773736,0.6360672133930829,3878.212289243546,3.7688487788270346,0.760239893271505,16.868854384284685,0.3874587903347913,0.0
84,5205.312111241028,1248.2314641302823,1487595.1578703427,27714.172538573494,0.6479711765948104,3823.827436300535,1.2545162990739944,0.7714405176706549,17.985542869894942,0.21142375120371454,0.0
85,553260429.006785,106332373.30236924,69986396556.01964,2484122072.416798,0.6575838837703272,2891.6927372489354,14.739198357959157,0.0757730487322382,5.478757336910441,0.22403911535679158,0.0
86,992971.6156337972,90217.12490008741,149289100.68479538,5169964.913928423,0.7284120500553636,3926.2339328242074,7.1528807773964775,0.18641905698762304,12.579113982233048,0.17633884006537232,0.0
87,22755862.885847054,5172154.031435268,572594032.237366,62306940.31422949,0.7075104198124058,3414.4746854993646,18.351008074000685,0.13814628405454066,9.978158370217148,0.21549002722038926,0.0
88,2731770.4089859547,464184.38006513834,265732292.94290894,11279460.24329969,0.6371845775681776,4253.906170622631,2.2072327314884554,0.08410389136895188,5.307234011888973,0.11249137250007597,0.0
89,23412863.96457658,2624936.4011236927,3399610181.1131935,115403037.76387385,0.5038560486710306,3360.3703448969763,127.00162438356813,1.48929518580742,31.756329862973438,0.1807879909320219,0.0
90,88241996.80477896,11045778.283932101,10583025711.831995,411331030.42224795,0.7363560894171495,2891.6055488056936,298.2523666236153,0.17028726444924064,12.037245763996001,0.18949800917631301,0.0
91,41387406.41531001,4016702.1009361567,8454853672.938425,229211366.04988194,0.7037167044858527,3708.881327085172,7.136978363129472,0.08426799915640189,5.9360597723075985,0.20730583886992313,0.0
92,1342559.337790607,95926.23600070024,471151649.94883,9079426.735795727,0.5193136902988926,3136.36649840886,7.370502523461314,1.5330927780012193,35.04472269153088,0.44019780365833994,0.0
93,4137.7189836845555,494.4815508669295,1382126.356850535,24691.852164964213,0.6001411226925155,3756.0299736205952,1.5680972196226572,0.12471206286810288,9.360515000415191,0.2934112898165994,0.0
94,13202.69103088064,3151.703161038299,1893437.058890231,52971.30339616169,0.6204293707657886,3657.853725873195,0.8955586383957496,0.0791365390519485,5.571619270715945,0.28370553521179853,0.0
95,6226.053224080204,2721.276566086942,1161102.621455152,24795.353175925287,0.7137000228665158,3532.3748485811634,1.0247972859458878,0.13768304013851312,9.485356719890861,0.34464208479140906,0.0
96,1534.8287029199164,138.1029136050809,694901.7610461642,10448.39730093137,0.29109670910636726,3890.957576503588,1.0010086030457221,4.085642384248866,67.0775626625641,0.5577178509883441,0.0
97,8615615.052048959,998527.7242085354,979243674.7741406,40374894.298470356,0.7475646823398463,3342.360731098135,66.21206846785252,0.17773209075734142,12.642063632490043,0.15624168078225342,0.0
98,14304746.133176606,749547.4494973856,6256488557.878852,107085351.91467316,0.6611695552158396,3783.568187000241,5.178305753291856,0.7962347821937178,19.491802070176334,0.4410060556940138,0.0
99,2112675.6913387575,200061.53473987992,341475394.41836506,11049693.803479232,0.6555930076107985,4316.248860694952,2.5713646704912483,0.1075539341406115,7.503443119533982,0.20268309106836557,0.0
100,753168.7405024016,112274.19188679082,43230425.148557715,2763133.6864331136,0.5277746978189121,2950.468571913878,20.13126272678029,2.2217236060903494,46.35026927067565,0.24004555461320753,0.0
101,13105577.056325177,1543343.816229193,1937259181.014124,66194573.48110984,0.6879607201517672,3637.5260231072166,12.673169616260417,0.13790040166040257,9.394078957590507,0.3662536342130961,0.0
102,80381618.54548906,29130768.01692059,2076427477.0159473,208401448.28480697,0.700487571952608,3735.968928292199,6.2148272589336155,0.10610781882833971,7.542117405632726,0.09248259638507454,0.0
103,3513686.4830935644,707077.3135815167,184021096.56160855,11579703.654598307,0.6949698154863284,3902.6643097947263,7.952902160897456,0.7289349525694078,14.652293406488633,0.259956159779198,0.0
104,20910697.598161206,6856266.294368881,602346729.3319232,57526479.703670725,0.4045776661167677,3546.6360690725915,3.885093275309776,2.160666102910895,42.12723593541382,0.07470659210072321,0.0
105,8241823.479926139,1102954.4024410963,628289163.7824628,33372916.40779225,0.7246682501258194,3553.805732271143,23.687738088363812,0.06829169644585856,5.164878189514866,0.12397643395302917,0.0
106,40382575.6571268,9647448.141407916,2042545390.680387,136855734.53151718,0.6720985328531047,3589.287139020164,5.160160587525186,0.1565157398595156,11.044841232359277,0.09862184282886347,0.0
107,17784853.733062517,2868680.6388696157,1078683487.0160902,66208312.24273783,0.6424655552117065,3950.9058050406625,8.532215528972594,0.7381338283788285,15.703666848157274,0.08502842030793728,0.0
108,3099847.312262208,534328.0459417672,126171312.56120872,10389006.93677124,0.7468079198366191,3454.5701268850885,9.982129404265839,0.8177194816933102,21.264934113481928,0.3512973732801354,0.0
109,22356.707532206397,9894.327015172848,1706602.007520826,60050.04865091748,0.7612407647887484,3232.8162765243133,1.9025563233356426,0.10620416845273564,7.653616086894099,0.3116888717708328,0.0
110,1221032398.1686127,533782312.7871412,15364181202.668524,2336248105.315669,0.7477516393635361,1935.1593442445283,209.5879961589303,0.17284718746894398,12.49641351521764,0.2755526486300407,0.0
111,28622785.12395052,7212451.550570634,889777895.1601181,78253762.8282922,0.7810626441351919,3591.6603400406666,105.50017048447103,0.10047108337237018,7.004399996313052,0.10270827639581082,0.0
112,186760782.005954,71240361.90219092,3238630953.671418,409434340.4152022,0.7127611303606686,3504.365988290122,17.989757550080682,0.07750720058966865,5.680223547510707,0.12726350161807962,0.0
113,2295123.4786948054,524981.9827987596,95665866.46356338,7208311.293091561,0.69922230222096,3578.241380024884,6.8192463716989415,0.07302695578624467,5.201074064557804,0.1602563359313624,0.0
114,90830.05644759214,86854.17890865222,2048416.53950205,127776.8405906151,0.6696435936425382,3577.6691369783985,2.1989637803159687,0.08289153313240982,5.884848074499736,0.22242603565306818,0.0
115,683801425.5251654,424932835.04238397,15295330224.394573,1355118560.1392264,0.6656519892279394,1298.9447810247325,9.504462642647596,0.1291179354706995,8.89140404871551,0.20033912963422218,0.0
116,36531904.433255464,5398454.97581145,2453178315.3902445,145141324.79012388,0.738456759090454,3676.649263325394,11.316010999390706,0.11737706975593012,8.493959779689797,0.10434949974668707,0.0
117,399021775.00820357,75620324.44289514,45459051559.68106,1722895927.0870616,0.6704848097617055,3288.0880742175987,13.630541019461425,0.15325504008781038,10.306509923637389,0.19544861586253243,0.0
118,182306447.8944615,32197155.224861015,6354627847.938883,584391819.9553375,0.7105496082492297,3768.7476018798243,184.22574405941637,0.24502148758733844,16.753614042341457,0.135599225059812,0.0
119,30316885.644378982,10425234.613703694,1087177530.6907933,82024546.45007335,0.685029626869646,3843.125713185234,5.122725412112919,0.17039690073148056,11.716050228325896,0.30563357498650817,0.0
120,30513863.976670016,3685862.3296702593,2652125210.910636,131095431.6634587,0.13633951372026792,3732.4607917615617,20.70846684724553,4.168904236842453,72.93099680858117,0.13706597627559625,0.0
121,11459673.705138765,904626.3007583661,2220052344.616462,65350661.00570428,0.09361151006218775,3200.1548977211924,81.26619952531628,5.520701361602872,94.9363308651857,0.21149708766205047,0.0
122,3493.9265827350246,692.7674580140856,968934.9948490724,18429.45815133546,0.6312773915183645,4350.472104159997,0.7017768841539469,0.10293879967952461,6.960874525947313,0.14566639334921502,0.0
123,28012839.895911716,4438266.746265212,1882511305.3861084,108247587.97872964,0.7455620770179452,2781.8695118633786,128.8587145069861,0.11759384320296178,8.591868110040142,0.2440056579572042,0.0
124,490390.7319745392,53226.499719132764,78140613.54940765,2509378.425444356,0.533772769708375,3436.5859645835108,3.189332377788798,1.4825445643623367,31.235713162284707,0.2636541293818642,0.0
125,1098244.0159231252,114348.45613230365,148799045.25492522,5440850.048380731,0.4074330992505842,3958.6627981395054,2.3775647157470936,1.5749369197038612,37.2542007342372,0.2824087550740723,0.0
126,8918.02859974965,4056.045901150669,991984.1042583056,28807.49158920361,0.2826280260702422,3463.297982089546,3.2180854903597034,4.136654057125073,70.99539995956886,0.476048961676974,0.0
127,55820534.725670755,8634487.969283003,3476998685.2451696,209073740.52510563,0.8217019826627595,2042.6196136046788,281.4941852438925,0.16226095794576728,11.654632097082446,0.08801767392333548,0.0
128,7630.687895011537,1631.531952005838,1750332.2946546772,36834.20116323633,0.6571285176995249,3415.197627825242,0.8317471050495078,0.05108694530582385,3.5906483511518035,0.4210571571884645,0.0
129,8235.1833713622,2470.5480156470867,1315774.803225349,31664.050903067568,0.6185370822291327,3653.1013873345278,1.0507209532555448,0.757455681369809,16.610009943533193,0.0560434791650742,0.0
130,797156509.1590374,147582961.97097838,30683541555.60036,2580575964.6275325,0.6998523863488758,2342.532890413638,10.745625889854814,0.13875459507690255,9.65245323983822,0.1402699228310747,0.0
131,128316646.10083535,35733571.017468885,10488210577.27206,471422487.74827224,0.720920939642733,3770.4709860047533,39.660803492984414,0.1176432454827446,8.687618458705455,0.17243405887913507,0.0
132,26232.00015574033,4588.178365399015,2184324.7437818325,99360.56690340118,0.49206386262086055,4404.954238686822,1.0928705278755897,1.5090468091640017,32.75499885890973,0.34564731490932243,0.0
133,74748.58991617154,20272.5826325998,7811418.569354499,277817.5025358209,0.7275032020803521,3981.6581774166557,1.7709542685511916,0.06083864530076886,4.510641187988955,0.3746833952247063,0.0
134,52992336.36063139,12407804.919763803,2582889270.9968867,167002173.55242458,0.15995171515210665,4032.1498250554296,9.993222415297094,4.8241753121786415,82.01119262728405,0.1606155361254414,0.0
135,31619997.437878378,4606461.905857367,2152470013.6304903,124935772.06879136,0.6032972180064659,3881.900090951167,4.1548819835148825,0.07512363416168873,5.57350970319275,0.06804881106065455,0.0
136,65522010.19317832,14507273.36394856,5730308098.32144,256304856.1844635,0.6563391844738578,3464.1563036213506,6.688726435397703,0.09207980914042686,6.464520185901371,0.1919163986304976,0.0
137,7347.81702694119,1185.475483549079,1732268.6191089912,38291.59427441725,0.6512626517655096,3704.5085414524983,0.9990310260754535,0.09357159963877341,6.480419814878784,0.16820845551995456,0.0
138,6132.161027951696,755.2669706753616,1766609.719283528,34649.70832463432,0.6585459479984885,3753.1155476474833,1.024871595306694,0.13210259586952455,9.163567287128062,0.2348098846679112,0.0
139,144900158.48824412,41580704.99209585,3104684588.483537,363127461.93859875,0.6913449549997825,3902.942658319615,5.535742632971195,0.23868394375730978,15.44556125192905,0.08119382184546266,0.0
140,25336332.457428038,3673892.3110015555,1535268419.1107724,95881995.99479246,0.7008837922079627,3852.138049170149,35.3674870962791,0.14543524548408432,10.481400202891603,0.13595890409451702,0.0
141,6536.078909689233,794.9464939719121,1982570.2570660934,38241.5452306957,0.6927220286188934,3644.964858324298,1.6547805093129695,0.21256529500026788,15.019292196869316,0.1183060757123994,0.0
142,118090853.62303948,9009386.011779182,25496780355.290012,697882561.7644236,0.6662462275269985,3704.8540639036755,8.335518394144449,0.11843667873037518,8.647925042992023,0.07600525490680854,0.0
143,8241974.473282133,718811.435479365,1366900112.1406932,44106345.221476205,0.5579396632259065,3972.1801800344338,40.64829979870926,1.5202540271540226,33.86758760606645,0.30119031589753487,0.0
144,3502.17596686662,721.281289253326,988835.611889964,18117.643474741548,0.6167274331381005,4073.718061443984,0.6824397061639015,0.782900471573321,18.074219252114364,0.15257044384583995,0.0
145,211650.06355900006,24372.288219677594,34189170.63991029,1061619.7415724243,0.299556635629351,3587.2441237717926,5.706986648438474,4.1256270904202905,69.94297610265295,0.3366997375627907,0.0
146,15136339.072610993,1553127.7533055344,3187223641.8226595,83812294.49575952,0.7677854220061592,3386.6596272012603,21.291805382864055,0.0298924138204689,2.236581366421285,0.30924347851069184,0.0
147,2934343.883606725,525606.8978562672,286457072.44479245,11722844.847955985,0.6791878360085376,3569.1689819672374,4.1321617770950905,0.1702641961730169,11.892995382428747,0.18216084390627435,0.0
148,8860534.143892016,3321443.888461594,270267729.9073781,24091568.279509537,0.6554027160977389,3502.731161783093,5.932320427265213,0.061348803206654964,4.438641511397091,0.10256178690716264,0.0
149,49689014.274581864,7293949.927603205,4202395178.380796,200485264.30450478,0.6275051680984876,3527.3310790271403,94.45671197972189,0.10674642539987148,8.075198337723748,0.0551097477725469,0.0
150,9465166.127115076,1057728.6755295196,2044013398.9952385,52939296.93533307,0.7088851032016373,3397.1690178877484,32.893731814048834,0.1342377875014451,9.999512997997844,0.33860490487974243,0.0
151,95124758.13477378,11551398.048898244,14217406710.005894,483007347.7959932,0.6521443010355874,3309.0080806304136,135.00993341305647,0.22170990636745183,16.146541405176684,0.2640479846502107,0.0
152,652606.5541580952,151496.95491052928,22517707.431020413,1868212.7989689508,0.674395401832504,3438.030641685687,12.202735485773301,0.13578904732206426,8.896881053322414,0.15036381191827797,0.0
153,460893.3914991903,53467.30642917814,59417727.10927252,2161091.7600622317,0.686301692247042,4052.6894684859726,1.5382785091153672,0.13712602745628227,9.99557125424887,0.22864456415173195,0.0
154,22098672.09672897,3959306.9318855656,1165977925.1085036,78483045.61189984,0.703247686006432,4113.238513073657,12.892831136104261,0.15049217814097543,10.413082983856247,0.18523274551733585,0.0
155,11114.190949327734,5376.518849426469,1404644.1293039985,37511.33505786223,0.3108936839759419,3504.287130058325,2.811038854673563,3.5186066655979253,64.1434482385864,0.5304766310395508,0.0
156,7914.201230642415,2354.090190251031,1981698.0857658726,38180.92937452057,0.7430835256120474,3688.597751493389,1.1729955802193515,0.09823480493117351,6.535582643444765,0.1758326228057732,0.0
157,14036442.277330283,3502936.8336685584,516650434.7486057,43089048.46882379,0.7972038389010632,3419.155068764708,45.04988167248733,0.7421703418995306,15.86415307534458,0.06788852421163756,0.0
158,34199275.60184226,4671278.199952955,2220932263.0373907,132923980.36481044,0.7506385745883516,3900.204537968918,4.257865462236121,0.06575662983483958,4.8915934800450795,0.21970184702164627,0.0
159,71426.6506539509,42877.14844950814,5599699.865011601,198732.82745594555,0.7601238461789033,3563.8772946661657,3.634879722006576,0.013558680821594926,0.948573029121522,0.5925688451576226,0.0
160,3963619.4362007,745791.5030581106,124400246.6782101,12226101.291464176,0.7000821734498923,3405.626423448848,4.35789591936611,0.13961572810570927,9.85720444739464,0.13668312588704531,0.0
161,6195.223806673366,2580.204204158099,1292844.2235282764,26458.12979816003,0.6926834084311053,3589.8108052736607,1.3500271018009227,0.20539616794305812,13.978358635081221,0.19760296825778306,0.0
162,8602.862947703485,2117.787110911464,1971017.1522613275,41899.62629716456,0.6705973941062753,3624.9768561816927,1.5888274412450651,0.1474188759619417,9.849187725127754,0.12084919051684737,0.0
163,20378.29044772704,3816.4975502658067,2733526.3135054642,91386.32474701894,0.3937731960094443,4291.178424969199,0.5897242383218606,1.5704575612260117,36.138400049915724,0.10102886195380638,0.0
164,44471686.32874088,13316554.741008505,612779317.9343945,100647003.5180517,0.7725594985503608,3349.968139138208,20.365699313393996,0.12318381103292406,9.013000330233192,0.22615454401560844,0.0
165,825394818.6022513,98738028.32882798,68323034377.894264,3504278881.5786943,0.6876655467271199,3060.49176702815,9.022782444352131,0.0556381026918781,3.889935584832422,0.1725202070489347,0.0
166,7811.44027749871,2731.215152248539,1905744.027646883,38369.4778438536,0.6578701388176553,3670.8174385807006,1.038053936271376,0.10059114724615811,6.985791041374014,0.31740394743538125,0.0
167,8494726.99749056,671608.675540857,1621853926.1377046,48358923.04079694,0.7333411198819233,4014.470976850507,11.41766317334038,0.055223753408651266,4.019614084533866,0.20628600230427502,0.0
168,7859381.037945494,831609.0050945254,1106663046.805879,39396986.37826668,0.40378268918551913,3581.205747984419,50.53669384004539,2.1275416333084634,39.80474945422385,0.19669135106313837,0.0
169,6490075.833709119,1062915.7837140644,365600060.7917455,24161232.443811253,0.43093945025761543,3827.0748237472426,4.28113442650327,1.5227683803835501,33.452391377862575,0.45598658199112935,0.0
170,111160449.65527828,20034694.279794406,5833667682.095316,384627365.1290839,0.6930883531903457,4244.8432391961815,6.962131769014342,0.10589512426251746,7.306991134355064,0.12204522505908685,0.0
171,492240938.376753,75245144.04670721,37859221032.28892,1920790910.782083,0.6924267808989584,3817.939316165086,11.821113630903552,0.07919964783211438,5.476438296050136,0.16177042801792416,0.0
172,6901.770256541068,1925.199120356801,1564865.4446827825,32415.807826604356,0.6656023608939516,3557.297205958098,1.073119598292425,0.07776553685458146,5.617200589880115,0.2775261296004465,0.0
173,16933469.464110468,1198807.1491762046,4410223180.61061,106032988.55606067,0.7184890262346173,3436.552108247385,78.91844691740944,0.14080112485728663,10.245948116576262,0.37083469455752205,0.0
174,27883032.635823734,4892468.645714779,2079621765.220667,106370946.81739932,0.686021704556038,3846.998793568985,3.6991566052598075,0.07998552022328269,5.799828802933995,0.06293619685061284,0.0
175,114050914.66044822,26367652.705205344,10269771847.284216,435949361.29280615,0.6789489023046663,3307.729671892932,8.425676525331696,0.09892836798855145,7.0641398645242415,0.20897170134511187,0.0
176,4007.7233185323253,1209.4913544848052,926518.6023083826,18117.876242906663,0.629419310001067,3352.4342873570195,0.8351382379157192,0.09353692075904183,6.378079971602345,0.36132688110629874,0.0
177,6758898.10709821,893029.7852945905,568415039.3687665,28606075.444855757,0.4091973804914774,3745.0011378237327,3.176802321960295,1.568765746872034,37.1256109046604,0.3676586513978222,0.0
178,137175936.52398437,26196489.0490507,10293542991.227432,510893889.55237114,0.6171984825933159,4104.196286844743,5.2861068582446435,0.1505707172323974,10.075346897125455,0.1908805631763337,0.0
179,13532968.148688,8357278.050021304,806741053.6413226,39309649.016261116,0.7036738821838603,3597.2398515126815,4.263944844595356,0.06250127489822307,4.529754229946623,0.06441123609158331,0.0
180,7884287.748878159,1724156.728769206,561018360.5307207,28220263.490826022,0.7363891477552837,3745.421411257247,12.010958290088833,0.2689848978176516,18.82487817802322,0.2777501824843284,0.0
181,5972.616797216843,861.1403208040749,1444563.9643075739,31487.30052880094,0.6462341973535732,3766.9857272921445,0.8711710376321473,0.15016071707518516,10.411543629456796,0.12900197912463787,0.0
182,101710235.52166185,24134237.54125408,7402418343.58032,362132242.7815328,0.7139962347564939,3489.065174477266,9.588716065707604,0.10598591482916486,7.482701926296327,0.15591945630794957,0.0
183,4768886.42512681,490769.3546826087,650580681.0435771,23857969.785250068,0.4458950743494759,3318.670070693281,22.01415353661732,2.095216633218058,37.27904059870023,0.17021677819023326,0.0
184,556244.8979617095,43808.910004254256,139169875.11594978,3359446.599752889,0.5012096983895222,3973.1531881912297,7.08877998601185,1.5990884707832476,38.77427777979542,0.251309068354299,0.0
185,10535362.817978539,781854.7814954472,2573054615.2686396,64178549.946619965,0.5233676965091398,3046.275467715622,11.490453868716783,1.5021386055326889,31.923153705046815,0.2841548184405073,0.0
186,10170384.756386872,870528.830177523,1421062425.5610385,52566596.738066226,0.7113286211929875,3761.9274957807506,7.302949251294821,0.1394924946457044,9.752114116976397,0.15174030181267498,0.0
187,4493.320803473811,1168.2526952896255,1124408.6218588043,21408.35462847897,0.6354411858229433,3526.0314897682965,0.6218361712607443,0.076214736822428,5.433591673230604,0.0973801938515148,0.0
188,2474.7807970608446,223.94184841730845,1282677.5267511257,18156.38223071396,0.8057299413587249,4006.6764141235276,0.556897483274923,0.062248392096466175,4.747907582543237,0.23275355573386702,0.0
189,15340079.229872037,1551411.278270164,2718667062.079507,82012576.56598148,0.7111758756085516,3154.7921896599278,69.90754595890671,0.04271604299811234,3.0205967416419894,0.23847568738622896,0.0
190,9822763.54783358,2423483.610533124,403943075.12696946,30889788.268577874,0.5858714536076548,3863.6385631870494,3.4296653875850955,0.7461255883194481,15.719896406560043,0.1209102284498624,0.0
191,16648982.899833754,5411969.000882699,397423520.152223,40965191.465104535,0.70125865789076,3677.8247778592977,3.840169262952646,0.14242351759612157,9.838935359881889,0.1091149590619785,0.0
192,60250599.88272147,6617185.815951889,5013874469.986264,262798224.7095584,0.19198412577543972,3863.3491762361364,13.624026528998948,4.807400899296183,81.04527006372247,0.09102822468046791,0.0
193,6592928.0321322,2933720.0495117926,334645337.2601422,20433335.918245766,0.6728928651717474,4032.2559590693877,4.4577549468383495,0.1437817696279339,10.281459652243946,0.18807919199752843,0.0
194,49661359.127412565,6642048.593064786,3218874187.095435,196192531.9606078,0.3304709547907874,4069.1824436181287,12.528541248337858,2.287736336258162,50.05976778399411,0.18635981950576727,0.0
195,3151.1060562571547,928.0130381501953,819510.6852522014,15439.421993368082,0.49007922267193493,3335.237837496189,1.3809523044092662,1.5334005804160127,35.02701274613683,0.3383719270016517,0.0
196,38901.56531061443,4661.307316590712,5677294.536168871,180429.13481029382,0.7251083407240768,4064.9360079342987,2.898191795628907,0.05537345576061057,3.893506090122645,0.32022215126212533,0.0
197,2228.591980216035,432.68904236643647,1031755.9952198213,14864.37632789159,0.6724489356603202,3906.3277379532547,0.6396785105518764,0.772757039177396,17.930549806942373,0.20485302157098909,0.0
198,45876174.785759225,11717674.770310782,976464138.1862373,118252096.53311792,0.8441029510433502,3099.715116561346,101.89249940703026,0.11647969684868924,8.573616743832591,0.13089084384849964,0.0
199,544169.0873848961,80439.89030128373,123838608.12762432,2987195.0134598305,0.5289913666574438,3938.6490023242836,7.738136176558993,1.5894917170747735,38.05744535054099,0.3586710363180084,0.0
200,419415.7265605776,58645.14547450854,27273123.09501766,1610406.1521318234,0.7840203538710161,2907.5749161691942,9.831875679104257,0.12101007439302994,8.836439122795793,0.22518584695719004,0.0
201,35945.588021388896,30708.667445378884,1176176.6049622532,59416.72822306148,0.49910513629957415,3592.74781398573,2.0556537159439663,1.5133597652396797,33.01474913750968,0.22038343729520976,0.0
202,25692562.141347125,5234261.780998876,1308349726.8099363,86135469.90929934,0.6484747390860262,3558.53179925165,8.771550528306001,0.16664632113285985,11.025411991376247,0.23718619625270565,0.0
203,8096248.019916798,551548.0668275413,2085893621.5532765,50780446.49744294,0.7587928253655334,3027.726649389948,4.607159258701158,0.0811492037604773,6.001276531970293,0.29998902891248325,0.0
204,727565295.9077048,249606761.76244864,14590922254.482498,1679627348.182445,0.6678212995135114,2630.4670704751175,15.755213183168495,0.22747097105731723,16.263617569937757,0.15422289628019153,0.0
205,120416.08257116182,17872.11716091991,20479307.562102772,607823.0517910384,0.6275632423824696,3999.8562625895843,1.4079636251383738,0.23139377832619995,16.1407691279366,0.22827435238862104,0.0
206,17896473811.439568,4116222560.5610137,367914148740.7678,47979662994.33975,0.5945090670341682,1383.8686302772953,466.92262504263505,1.4052792005920811,25.433800703668158,0.08142555219831406,0.0
207,25347045.745728664,2915957.6889630416,4680493323.246434,137362001.76471657,0.6415653027757612,3670.172454974746,5.5049461302103735,0.16741983264537658,11.150794880645277,0.11979332905078434,0.0
208,11412266.676222246,1165471.577889012,1653844030.2731347,58313763.194502756,0.6651753758917319,3794.2146014114023,4.503634620393896,0.1243905891095654,8.332011670052493,0.2007791430634946,0.0
209,15960312.205179263,860966.8974874526,6213531963.824244,115460566.68170626,0.46227085847043964,3300.7754094734473,25.582138592231054,0.20309117832826526,13.696838206482695,0.373555552923499,0.0
210,2476.869471881488,408.265119847072,882412.634752598,15293.433236077408,0.37787604369392674,4008.7236172011844,0.5814967709784035,2.803849393940473,50.08937481448001,0.15858880621603944,0.0
211,2752385.6872193436,180771.73207051895,661385258.4328243,16965064.364902683,0.508918694175064,3683.187170756355,24.96350786391583,1.4714642549537778,30.449434487612354,0.24465114604782848,0.0
212,2582.072143395828,662.4209188486867,914099.6277899364,14775.552856270393,0.2623782144827792,3840.5057957144263,1.2388171938604977,4.131889440664599,70.36478958424631,0.1403982675730581,0.0
213,70630459.53608899,41139556.27849436,3790897659.760582,202605002.19953996,0.7873706318461264,3660.968077603272,87.0732769064186,0.17634568136826373,12.931353613836695,0.23304487730740162,0.0
214,8196.673287125592,4060.7152498838136,1100362.4241351527,26792.031164838154,0.7705041493917182,3550.9189636412248,1.3163192395905243,0.18865902345725774,13.460525833375453,0.2236444833669854,0.0
215,12481021.080473606,1464226.2280834601,1718154786.6402924,62092364.251447156,0.6950375320409437,3869.889702803728,3.8462437285578215,0.12449306898769841,8.518213688163268,0.06903838850867813,0.0
216,1929942.2650799856,1403196.2543592372,24045645.977586858,3266289.3670156007,0.7614305377424978,3545.277296329142,3.686009373031484,0.04863360365454783,3.655793014451683,0.16895012375300467,0.0
217,6049771.618992745,1557937.665017199,472737684.7220267,22319983.08738762,0.6463594728094832,4043.922371981829,2.7141145907801025,0.17175792737652823,12.043128665452343,0.18042398234553902,0.0
218,58633101.16091013,5534273.939884642,6712067543.495411,284129071.9591156,0.7337169794002047,3834.258382584937,39.087622747468295,0.1286252051137165,9.106050964281227,0.19117954008302632,0.0
219,2573900.181895162,300365.3846523638,216537053.62672538,11060309.794783987,0.620176813519768,4083.297941254757,4.784440673798618,0.798966287878859,19.876764127850358,0.13973673619255988,0.0
220,8265147.011568678,636852.575646405,1995728248.4791718,49737023.02644245,0.5543192140912307,3356.2612984842135,34.66663492379106,1.4857243579270212,31.595461689688612,0.13072685157889424,0.0
221,40182.529216199524,14361.784066553188,4071226.5429643216,140021.32079367907,0.537063093173071,3681.1046961728093,0.9495431572863584,0.11153510224370242,7.40608393983055,0.1991728751245495,0.0
222,3470.9305821761127,365.81227883345696,1246056.381104478,21763.667024041613,0.5777207600305556,3911.722649110224,0.7045329407070501,0.8053195348536206,19.550750729553833,0.2714273704898174,0.0
223,1594817081.5490592,203849783.65219313,127535957269.9762,6681552158.286684,0.6288553518265029,1737.626747976522,9.957803063099973,0.11575006910120562,7.623830954055438,0.10145609441856669,0.0
224,54097946.08882588,5877536.52532188,7473150778.455373,266420544.05666742,0.646161871795252,3970.867521810948,4.816834820980834,0.13926160568370988,9.806326072621093,0.21088077789201135,0.0
225,13925507.285420954,1265176.1357920847,2765910582.1067476,78045095.8869345,0.7584993929372332,3074.008218562846,271.7152917847632,0.09455229978889727,6.938938491948545,0.24388139845093063,0.0
226,874033.4955171719,64007.15449837795,214555998.15112457,5366054.109474981,0.30506145989239936,4187.484942059102,4.425005124321284,3.469538935496059,61.06792164793202,0.17875472362223357,0.0
227,58073705.49766855,17509948.598184593,2691336351.790061,177524486.94244936,0.5506442299945148,3761.7343167352033,3.5075308170544943,0.866746624683487,23.600795612858878,0.24241611869495241,0.0
228,5965.059405406992,2192.9223646786068,1037419.2686535014,23727.000919639424,0.6754763937318503,3701.5470507713367,0.9843144546285788,0.7727813759794266,18.035711627273763,0.3350081968823673,0.0
229,4858.299067304608,732.8377718772954,1651927.3880067081,29337.975006915403,0.6561034701853916,3757.876545856172,1.028809434570624,0.10082684706803721,7.300229145132107,0.4531882877850798,0.0
230,84910399.74719557,17340748.81920474,2068839849.6035297,244987064.38181505,0.6994609477480431,3552.0952328867024,6.6389398887495075,0.113617537130186,8.176177243429951,0.14410568372245822,0.0
231,5802311.502605211,1199973.6258875446,238969016.02900362,18589517.5091895,0.6123689467099658,4182.5545076306435,3.3358931309691675,0.11091892641750851,8.297645123332764,0.03467014126985035,0.0
232,6409736.128238025,649508.0645225609,681800197.562428,30110454.842045613,0.15578175792819018,3187.65276709994,16.596934836090355,5.498805526095561,93.93357934748722,0.4134380863029341,0.0
233,996016.191244556,77827.2491796178,195198847.68265927,5663572.00782164,0.749357305456226,3805.108409012856,8.97226150303335,0.07040165703059831,4.8075791962189,0.20042854500294824,0.0
234,1113063.9490398783,95863.12706187848,191215208.44180277,5981859.827890948,0.7397703227178989,3775.4499152665453,8.179105077001486,0.0675513212385428,5.179425240282062,0.1994418571411513,0.0
235,12883364.881533215,1116945.990095171,2601309764.2748137,73393686.67404461,0.6936717987274034,3092.889855619629,22.25631916256124,0.845096386858813,22.824312874707456,0.14734172804161652,0.0
236,84330408.76261307,9497527.997077337,8382272311.313321,378452638.69626045,0.45123086285051955,3751.154704051181,70.4002650045601,2.8087343800621527,50.983886345891584,0.45319782038793177,0.0
237,9911.612451474004,2420.8288548755872,2061385.1841225699,47527.13142557161,0.6629548354522156,3745.163434420148,1.9141700242895916,0.10424311769340049,7.510955139752636,0.19676520685419768,0.0
238,203437.2397670771,20819.924116018334,22240723.404840056,942302.2774163934,0.5044822995585787,4167.090396957775,6.203142278948719,1.638291860994466,41.96372061490864,0.11043927756573639,0.0
239,3972.3876744293384,877.6830935749767,1118347.7037479104,20605.41188435696,0.643379758877316,3409.9715346043376,0.6334697721889712,0.056001966136539405,4.01002942863097,0.26003252533856647,0.0
240,12025558.102149833,1115147.273031387,1742629437.8934307,61909808.77864573,0.6698513476596546,3399.2857232139245,29.805040963240216,0.8000846937018103,20.01007947187436,0.18317614650775318,0.0
241,18746994.619839773,2966544.2521230546,1938869733.949688,82285525.96007124,0.4398841001645507,4168.5528665757365,30.374779946477332,2.787367403234122,49.345579077582975,0.11266753624696756,0.0
242,190368697.85527804,185779202.10580134,641202143.9811096,208234556.1296246,0.6170599713664876,1529.481052683611,30.951305272590865,0.1512258407997714,10.866234172484956,0.14506122271564734,0.0
243,110816691.81847629,13603158.307374869,14185410798.196583,529659791.8832146,0.635231399079814,3544.7756615317658,5.0986434861476475,0.18983791453969365,12.714559238772903,0.19709554835302245,0.0
244,33947376.23150222,11429705.104212636,1667133710.696155,103879244.60818407,0.659418315680002,3431.9241954100776,7.71400463682426,0.06016953833985674,3.662646202955453,0.2216069157784508,0.0
245,15652915.322563142,1551033.6314715843,2870616796.0941415,85290155.6464422,0.7549364082873739,3118.1400653440933,154.5684569361846,0.12963891740034308,9.225148091679921,0.28245217245741133,0.0
246,67804676.42340907,9663784.463083167,4810370650.095498,264524148.68635517,0.7477429294731631,4175.98355899409,53.19575414727857,0.14429619847347547,9.584958833651013,0.13519834287653662,0.0
247,308127673.7130848,100225180.4236189,6076448033.037771,743555022.4703894,0.6567832024901399,2461.4877662627014,5.40075983572367,0.05755232940337844,4.318324069495171,0.058948102323697724,0.0
248,1119.769984652908,142.3079181220985,492180.3965832096,7472.481809829299,0.21890528016214478,3953.1377586893514,0.7595718963844316,4.091734358522364,67.15367642962534,0.6852196376173907,0.0
249,13754458.97484557,2604211.2529553324,845754982.9852425,49673481.01881353,0.45568708377538536,3602.5881973981855,10.016022554434256,1.5140522664674645,33.61040831072031,0.29203904347152426,0.0
250,7455.875298974488,1965.8175706861234,1154863.9155831053,30123.06673165759,0.6933025402664584,3574.4021506414715,1.459203312115908,0.1379848648769939,10.158944302798869,0.5595779624348688,0.0
251,5266044.45213827,1122274.4868184286,306707578.4282952,17697499.41614621,0.6715049181609916,3824.7211285852536,5.0139458849310445,0.18870072569042734,12.737525369709699,0.23903605160511887,0.0
252,149047.6088864593,29092.770476434944,11590570.367976353,553698.5198463247,0.75208268419339,3745.6585274209974,5.181918683593688,0.07910480708413851,5.56526157807328,0.28978084651745223,0.0
253,8032526.395281596,708580.2153198167,1153171392.3533716,41558293.522019126,0.7121758565750025,3023.0644329734346,21.167437688682202,0.14175390607277888,10.436521682433948,0.310233311316182,0.0
254,7544835.196765436,768230.3650952468,848828027.8108457,36016035.73116426,0.7563933189919305,3631.1941217812787,6.76983518191447,0.04530984154865232,3.1267350053221605,0.12682498671252562,0.0
255,19147.50261473633,4717.833017757165,2289332.660324241,72705.39851555871,0.6436324322253243,3603.2067034110464,1.5469188768078628,0.21694951498747156,14.271441247865898,0.2483159963353801,0.0
256,6234.818737656819,1810.737431034926,1392650.0606627478,29416.32444603483,0.6215445331511611,3534.2811829388734,0.7441219386065882,0.11987341370470102,8.432152213955929,0.5269903298873848,0.0
257,7815.262104397605,4966.352573316112,1203015.6638907124,26464.236172873927,0.6556060795350922,3758.5188476466383,0.6329677797899672,0.14354709254116074,9.750889839603415,0.22977884331748738,0.0
258,21248547.370013494,4574023.304001749,1265341458.9441934,72057161.37915094,0.6151663049930948,3867.755972837965,3.3758239502741434,0.1186240907042655,8.28871583853254,0.07397117214665776,0.0
259,163122457.3255445,15324412.392393539,22013735911.43557,821864722.9305618,0.6045074778734455,3821.8424475475426,8.343468692328836,0.14034203033809245,9.37074083293015,0.17642024258373137,0.0
260,9929040.191290336,2771517.4109721845,724652316.5786078,36203011.55707496,0.6866870814537712,3889.695598217188,3.5207465122516743,0.0649084115667911,4.2945480623848855,0.18318702994930505,0.0
261,3587791.6878989837,438205.93783963955,249916575.1392703,14598296.985151578,0.5255438314266268,3765.463092415049,25.360398151629855,1.4561677725197966,29.42540952551468,0.08871782737563666,0.0
262,46619240.85464432,8547291.222461361,2166845191.697709,160933551.01643422,0.7098375301260577,3642.3414799412667,8.985732338121576,0.8068062565439732,20.242829299498986,0.20108430955636683,0.0
263,251002995.6334683,50826260.91236459,24040268068.36445,1004608045.6882576,0.6759647972493668,3883.210670153706,107.01426369102744,0.11873979466216503,8.786235234372505,0.19070052946255353,0.0
264,89545258.40557788,34037582.26789664,3266448323.915967,251941311.06094813,0.6986463496231939,3436.179880413223,7.711759122902573,0.0882512980415144,6.335321257955225,0.11341731836380856,0.0
265,5453807.201675737,922611.8623490192,282567560.7488987,19456346.587041646,0.5751443544081533,2846.206525541391,51.59765163419816,1.4970235975472874,32.15198605574454,0.14796442213373864,0.0
266,6067822.958902886,893592.9759778123,563497268.3216617,25345247.31644775,0.7079750818718857,3974.913355982982,1.7284000904852863,0.07641470969838693,5.588144739117427,0.19873100540797833,0.0
267,6657659.389332977,929890.5890001433,443828181.86218643,26062371.49208412,0.6129312751340665,3730.2816170780725,2.811203118130767,0.07531761844886783,5.360313190223621,0.28110125979517747,0.0
268,1232.9291207204362,125.3491727294683,560376.746020206,8448.88009910099,0.07782568161040168,3849.971954319961,0.6764985304943721,4.779365929024746,78.90887961387799,0.37920244857419905,0.0
269,3101229.755624778,2824892.261216068,36292608.38433455,4522822.3409685325,0.767289354740417,3720.1030580244787,5.709991937727351,0.05027424775941336,3.4368955427118095,0.24486370394137696,0.0
270,23843722.196115874,6212192.385596772,382119700.92345405,59052190.553449854,0.7992345543917916,3534.781739547886,43.724698462959026,0.10692696415094236,7.7937434042978335,0.022636715394838924,0.0
271,2855283.033619744,453802.38151990867,139640727.97199947,10123499.376115091,0.7953146339093276,3731.234055976892,25.829561532056847,0.13978481678057486,9.962742927467833,0.17762251217946173,0.0
272,10745.248327905138,2541.59549009254,2172071.680581651,50222.71512006359,0.6567830535425798,3517.8966412665895,1.5238526109117867,0.030010908952048342,2.115778496548765,0.36158071436798833,0.0
273,2287.0468006639767,178.42257222934305,997233.7181352044,15905.904526808681,0.5137663149410386,3720.123566191868,0.9792142660321417,1.4474718659420163,28.46262337183785,0.48046369441096226,0.0
274,50001651.85842655,10408977.440145524,1364249368.409473,146863088.4551691,0.7078936099396207,3276.816980129535,13.811897876956337,0.1082086880633411,7.744174489880041,0.04278318794554354,0.0
275,2391.4113726821543,566.1150238602659,873132.4590183332,13794.447337738127,0.5200272089705635,3665.0175147956434,1.099619866680288,2.133333483246207,40.321321367981156,0.4604922153464728,0.0
276,42872918.860336125,6267651.825918038,2246846651.281233,159556385.978177,0.6636044704224024,3634.8552577410364,5.93550339084522,0.05928045330396303,4.468183870623532,0.09127953890689361,0.0
277,7313.322862073697,610.0245016675416,2504602.0856508603,46797.56670670655,0.6081573174935366,3985.098834985275,1.141742988609611,0.0944449550266139,6.439466038034725,0.45712958265472947,0.0
278,676804.8440975558,238418.61048639994,8695390.79400128,1390557.8838254618,0.7310714139617301,3522.068773484646,6.223389367765648,0.08432415822321052,6.178149986332346,0.35418221011849926,0.0
279,446389067.1615125,134601683.05170923,6978611884.563536,1053736326.7438215,0.4003420080234963,2371.683498293366,24.51185631969405,2.8161973530853017,51.347029395499895,0.1492547674893809,0.0
280,36544604.732001044,7548637.136579499,3133004838.505305,146125411.60590255,0.0887842698799927,3946.040430898347,5.776971672332576,5.438371447370555,88.54980843984421,0.13092314461878352,0.0
281,28590.80614342417,5539.209030952792,3786474.161858037,118630.76640439554,0.6271135998991847,3953.069330543776,1.546418649555487,0.7813009083237961,18.03711924388752,0.1965664699337777,0.0
282,816114.7412243086,410882.6207101488,13789374.657398736,1646639.9407404768,0.46937360052640226,3700.9258849347198,2.6451452709653784,1.5382976169135232,35.09331784594896,0.27231992381017384,0.0
283,3813495.500583163,536687.9393798631,309673560.70981014,15467826.944645632,0.672069109473043,4027.1164688766153,4.9375273112366065,0.16068135921681578,10.588180522439023,0.2016582899087017,0.0
284,6538353.259227098,630615.1684441966,1054379107.4542862,34285320.17871787,0.7290579349838604,3629.3806871384613,20.36013658635532,0.12916508968561988,9.698791278400247,0.2285835064360435,0.0
285,3040456.5756051894,475630.27439829847,176730763.80330822,11279477.236897014,0.6652819392584481,3975.903740978844,11.742190198210855,0.10605904248495915,7.613941904858708,0.3494978504680342,0.0
286,291433.7363295114,57627.27389424628,23782016.346519772,1061256.114240472,0.6804548623201809,4095.290574781978,2.038119377794132,0.13631600745403896,9.090901434805478,0.13648005451473524,0.0
287,31937.3005166845,5138.747886986233,5205056.9512265045,143817.16178586744,0.676767614728295,3789.1465347926905,1.440290871662022,0.8200621818482471,20.903070774886054,0.21400886784941497,0.0
288,585891029.213563,179437931.14762226,10651166865.797764,1374113683.2121851,0.7320355758301904,2566.112282588425,167.05873350879426,0.07098857446601876,5.283877646946609,0.22255555984018396,0.0
289,18314.924030513204,14177.894867886434,1342908.8551751901,42164.81333294463,0.6773570456810798,3558.304986876605,1.6366253575833756,0.7613583616324879,17.02224580560328,0.2647779853747257,0.0
290,10830945.856685637,3611050.7850117222,476987496.37116337,34119285.70589867,0.6052278038881813,3644.0851132808757,2.3201452016216253,0.08894946294598105,6.472611739375806,0.21359667363820284,0.0
291,50685142.11778565,7473705.400142339,4469274397.453625,210446558.86470294,0.6294531947739099,3917.753707886564,6.670990488939471,0.7346235250746697,14.909315888391038,0.009717598865521,0.0
292,5706293.107133006,725639.4561175547,633575916.0899965,25967745.83197458,0.8362608531620623,3306.164439418462,186.39358011338382,0.15193592384437826,11.363014988823625,0.20812508094513776,0.0
293,2787.888754149713,967.8565788533094,827892.5488311003,14359.4757060238,0.6991330726179472,4029.169078237882,0.6954043616696961,0.2429412922757826,16.51606317542383,0.06443088672914313,0.0
294,15932264.214163046,2443925.0090713995,1546278243.125906,65243677.008793436,0.6081821237234303,2576.1187488403884,315.2417335293647,1.4622723049534443,29.77157737406434,0.2832723485208812,0.0
295,8317.614128184276,1696.333847062972,1818957.6709286142,41186.926741555355,0.6467659261178359,3356.4789994101648,1.1102783364565836,0.06377540832941583,4.44025204158105,0.4588231374955369,0.0
296,11205317.001213714,1637131.7844745577,1603960769.4082398,54154888.5621136,0.6783936116929457,4141.76651517542,4.142610627455964,0.18322291148894304,11.754389126129023,0.4078119718256141,0.0
297,8341942.9245381905,569488.433125153,1807104949.2302845,49979268.228427686,0.31202014125393535,3467.7435693827433,5.85382200522708,3.484176393697281,61.67043940166858,0.2922630598667821,0.0
298,3593.3298733926686,827.8227648807173,857656.8316729327,18318.372750987157,0.08488848942847221,3884.343887726339,0.9969176162261966,5.435512196922707,88.43208641624787,0.32784982996549145,0.0
299,50092571.010593385,15562836.167947447,1080829680.346541,127076820.07889116,0.6738767589124764,3424.2392414277865,11.910342753753975,0.07133777440989597,5.226448966099281,0.10174411765241682,0.0
300,24161206.036248386,4270869.99169372,787335758.6365455,76745422.89045419,0.7107991932460914,3768.453314046967,13.16976464783708,0.09339017834190733,6.754742416098878,0.06839938468421007,0.0
301,123420.16116665844,119981.57017413976,1790225.1000859444,155196.89478712226,0.7397961220576867,3734.3817779342808,2.1415205193797684,0.049899501488221885,3.702005901441926,0.39845121633771285,0.0
302,28330103.97354135,2427917.5969710522,5668513556.321524,161111391.42161137,0.707288961646834,3084.8176449476323,101.39048075819771,0.09004360054487322,6.58293965407173,0.1919829719637367,0.0
303,11185575.091137145,766041.4177995131,2516881284.7264647,67639916.50720735,0.7313811404364335,3866.8961220906594,14.011464228421449,0.04669813263303668,3.0478318166851266,0.25524042059233265,0.0
304,3988.932863130496,737.2174069102791,967617.3278444406,20354.554887348902,0.4802909580567259,3411.436862180417,1.504385524519378,1.6311983066454103,40.905035459610204,0.5904362762017193,0.0
305,2124311.951847158,275058.77992913645,188412303.72449,9143685.397437772,0.24279026298344233,3297.8704270825456,7.330352507388438,3.6146294971743322,70.12199835027965,0.3076964435803891,0.0
306,8631.141743023996,3868.3918711310334,1629436.7621994126,34312.8910749167,0.71114209996146,3388.1114306779605,1.0242997095803408,0.03772967352513499,2.8301112528628978,0.17723341848032062,0.0
307,2573.0827530372508,465.21842703861176,963018.2747609079,15701.810595398914,0.6210148229974137,3683.838793707404,0.5008629144399135,0.08224342921437282,5.991335655784527,0.16580479854228125,0.0
308,74706975.02443536,9496269.615373628,5918063416.006309,311594897.57837236,0.6353683296221092,3578.0990688049064,7.226551905181184,0.11090745836838974,8.048497861547288,0.1479200524607165,0.0
309,354943.9428817397,39906.64433948985,56702212.65730683,1786463.331991765,0.6907944254228017,3623.315001103636,10.753982905331984,0.0741756818790753,5.5039051297697394,0.13969555091134975,0.0
310,10724224.507187352,1143168.327773122,2388866516.248319,60528410.868622795,0.6787383083190506,4158.244807722755,21.75069995602546,0.1398266659594669,10.01755460355714,0.2981596516746513,0.0
311,988496012.1777561,162930839.63798687,72035042050.45459,3835934940.473756,0.6915933496085998,1800.6012233697993,7.670352629267716,0.1292272821767236,8.147734743550014,0.21455486258106943,0.0
312,674979.8621162745,64983.45597770859,133638831.19963364,3667825.317237524,0.6838404011519695,3558.7934625194102,3.73612236864815,0.1457645628191095,10.122464573137055,0.35379483581828225,0.0
313,102431956.35002238,29893904.729697444,3137542266.651076,288214526.5790533,0.6831810449342164,3614.606680215713,7.185775528129474,0.12897570735845462,8.908154105703508,0.0915649553930084,0.0
314,90718511.05119836,13753614.022182528,7354293225.426755,372461425.2538888,0.6651128431783487,3802.326845441904,7.6996359348061025,0.0769394101314254,5.391969386889476,0.10774436770869171,0.0
315,17979337.323980846,7247921.412233573,283901488.01934355,37943304.578539476,0.7229832947120174,3462.427611212578,12.787478126359284,0.1504965040941631,10.38388473702877,0.24143773606514174,0.0
316,139019261.69374746,11449773.938341765,32330248041.773285,827487428.2876049,0.6228758732648908,3819.5136763637183,7.154478308044259,0.14743744593602584,10.418813690519737,0.16489146036666874,0.0
317,51744.0651224614,40321.87434898226,3441652.762202634,121539.50428218339,0.7519308183941336,3618.12992635432,3.711338792586529,0.0871298330255584,6.203215831351727,0.2220223505673238,0.0
318,488879.18458274007,45334.96604753418,118473247.45887005,2888181.5976719847,0.5508851346566757,3562.6868230297796,5.1863166780421155,1.4715638241850755,30.28149718032855,0.3105746730263142,0.0
319,9353294.39718302,1446503.2425369967,711197922.2036484,36798943.479211405,0.7351973882632407,3446.525504198039,22.78352160331565,0.1292641030085658,9.476853674657729,0.29767521868204333,0.0
320,17984391.250994343,4530383.734765896,858468887.5369118,58197090.46294153,0.707746070773225,3610.7180654368376,25.918044485768615,0.11591097494211011,8.135046182938709,0.2500178243552642,0.0
321,466874939.35950077,79890484.95020658,23508713097.34819,1639594287.2914186,0.48279603565894486,3298.377827180516,7.636396647371751,1.5200532360714059,33.1630842825851,0.097608209437219,0.0
322,11012496.709704533,4818726.055625595,606588774.868545,30794781.66456654,0.7025169662116143,3420.3229527225994,12.745702036257875,0.14026280082397946,10.132492579397061,0.29104253530404833,0.0
323,170314218.89192462,49608284.73336339,3672710463.013785,412644891.5852891,0.47556314637561786,3160.058652645621,46.4694604987223,1.5417321266762696,34.81673161540628,0.2852008316611807,0.0
324,200673248.42809346,60396684.08216715,5638953707.081754,541775234.5564281,0.6676360729708531,4041.5745129984452,7.559468299167157,0.13737307979259042,10.062018765514953,0.08102103251554349,0.0
325,9043181.497585353,1922990.0824483808,476817699.41672933,30902437.634687006,0.6872092195676276,3451.8590577846544,5.107147929688528,0.15190478851491235,10.254718555057751,0.12280501739964933,0.0
326,8635577.9258359,2815528.553244181,372090089.43488246,26619142.704320442,0.612466100273602,3595.2484931096033,7.221637337253455,0.19723520166763783,14.450010187989093,0.3585389162082581,0.0
327,22532805.777942214,3190464.4148321124,1588122267.1013572,90683278.06377521,0.7208303131688002,3786.8574886797937,7.920254549369948,0.10640978489471183,7.570276911876296,0.21159295261621866,0.0
328,14007365.805335503,4654178.578040523,298718240.60230523,34723009.54848443,0.6529620686669672,3832.5728376072657,3.3785833264812664,0.13215235618840201,9.381656125571855,0.10005347981811125,0.0
329,5180649.041424798,565605.7038977679,599419253.8389997,24195620.23780313,0.5697119890277953,4179.063586806532,3.1878051529263653,0.11602426762503519,7.527982246443453,0.19966195769984482,0.0
330,8541370.579412682,1627619.7728976386,643098989.9961519,31716107.14813913,0.7921269833787772,2872.5731047077234,139.30072692365312,0.11512901427319386,8.500277399769255,0.15713534286956501,0.0
331,12446.401407299974,1692.206516416539,2739897.88119658,65558.77180624052,0.6411979751927774,3750.0767460790876,1.3418650077916352,0.1374202533548047,9.68859860951271,0.3044203968170311,0.0
332,177017.60033244072,50147.2248526287,7942181.75079398,524783.9488161858,0.7017158454651843,3516.493593348767,3.673795691208611,0.1219728703193926,8.601553245535268,0.14819990866193652,0.0
333,26528.124541045807,8342.580304274756,2379389.0385347563,91984.59642932004,0.7045154693557929,3795.6153263725528,1.329863007827618,0.1299150456646257,8.987448020312259,0.3805949885561555,0.0
334,285692.50203824067,111961.73166502376,10822268.397799607,731714.1465652584,0.630942161768858,4234.510423776891,1.4509879884613495,0.14724326532253293,9.314545189459487,0.3968697552581925,0.0
335,7812.478964287179,898.7632667933824,2335930.120606959,46553.11887853843,0.579935551579434,4034.5590490705154,1.158547913290333,0.0924253450530382,6.574224137455343,0.48892135147358223,0.0
336,222583604.2316104,66623328.80550814,8904417550.895836,628838645.9529978,0.6256879802207376,3537.5907639383504,4.476803146123379,0.1286238408450174,8.797019307099621,0.27745571085369836,0.0
337,59933044.16133831,17467806.492090777,2331702232.049684,185027684.0585488,0.6158949025470719,3678.8320388816733,3.836818561100282,0.09270052062745124,6.385943159041348,0.20827283194520277,0.0
338,732.8636224030435,44.207959359734915,438687.5717762842,5777.542050284634,0.4379083521519786,3987.6502248191427,0.4482282622172506,1.5320000484161311,33.45819413254278,0.4033476398243074,0.0
339,2247.6826589479533,327.58656750631553,898131.1750574699,14107.505451222329,0.6239346780941861,3587.6145417810076,1.0278668580087396,0.22834894072853648,15.223448263773633,0.5084206871373788,0.0
340,14221.300991130216,2468.491350298932,3455793.8290553326,74389.2213938652,0.6573539189045707,3626.65388345257,1.9372895660530018,0.7308022954225379,15.008266896945894,0.40797600665643563,0.0
341,20509.68381843234,3857.0097768077576,3263520.4616468735,89549.48891156973,0.7375935446661022,3567.4479474026643,2.2207834697879574,0.14904757486199616,9.908584832998294,0.059523540399165166,0.0
342,12286744.560605614,2634332.6156106894,2052871420.4225278,59515198.463778995,0.7692478444893701,3563.96901163929,17.260020166434703,0.12591404359021494,9.06314176408818,0.2716002360231237,0.0
343,1040.6984216180106,96.41318661182642,541397.1756605951,7690.982096643742,0.08815157927236203,3955.829791901179,0.6021638811162789,5.46175185456717,90.30399681305629,0.169473583152178,0.0
344,5282306828.167141,2148315734.8153715,42055071647.08887,9877500789.698862,0.11640083912472166,323.2279020567304,22.22664919344986,5.481032493592101,91.84478982599519,0.02060180694112122,0.0
345,15938.252227499886,2098.0302857682245,4048173.4452746636,86298.89932892952,0.7348768358442374,3895.803646134642,2.8023420766689657,0.05451333158618192,3.9055268573786264,0.16843989899745562,0.0
346,28873.48707957312,4677.532354601725,5113747.746114189,137466.0468252951,0.666283411043199,3486.9834150753854,3.120437779230362,0.7832045605268075,18.40634839296757,0.26337874695421776,0.0
347,24561907.086931158,8080212.219787126,1453841071.0424361,79570427.23333187,0.7190137990114518,3801.7308842672064,41.28964058008876,0.11880311099330818,8.662635160718674,0.041602840241138736,0.0
348,3451062.7565044477,491658.22836627223,177276268.71254256,12709742.174600478,0.6315273941352341,3731.6215008800123,6.351407188618886,0.7567737987335174,16.80876740981447,0.12736272046030583,0.0
349,73289.6972480579,8450.035924409032,11180305.999015102,356528.26937240374,0.6607371635698003,4137.713366720056,2.336959428745786,0.058658586612722365,4.3783832630486526,0.613812409745723,0.0
350,53709295.95216093,20279864.306469657,1519020590.925156,134943110.15340036,0.6940434266527499,3642.4310701285985,10.098427650932887,0.15801771815708507,11.15980907780096,0.08196867847228569,0.0
351,5939.953478412841,829.9298522850426,1540012.0723655475,31677.810555236192,0.6882238176021582,3813.833160190382,0.8819214576815722,0.08594237292118194,6.064310481734493,0.31330316422970234,0.0
352,92268512.11649981,13178795.768652838,5134796551.084088,343733660.77810436,0.6550407216618185,3606.839086433158,9.293474732477751,0.1896847487125707,12.96641667809605,0.11514436475457104,0.0
353,15224338.959514052,2137516.556536923,1812162583.264049,69602457.13577683,0.5987455653532521,3902.3364127368295,2.257614080173707,0.10326146508937448,6.946769559713625,0.09497261605776536,0.0
354,16644.758976653484,8083.163101080894,1869667.116916629,52536.47550961701,0.6657168703250551,3695.723897468718,1.616025908434843,0.10981434014799847,7.588720518685463,0.44792020590978254,0.0
355,6948.336133477191,2025.6443192420284,1486751.7587329657,32631.291670795927,0.6318290057297418,3582.2507942709153,0.8458280942823091,0.06763808751877845,4.646584664161639,0.2693744919873469,0.0
356,9837194.4767395,1173582.4487328853,1185948474.5284395,46162348.494893394,0.7901590567577461,2966.529504936053,93.25996427406953,0.14939886050148754,10.742402760750068,0.15983517116875667,0.0
357,40723031.08999982,5786995.887944855,3787878806.331855,174052703.08956593,0.6798119101203757,3724.3855416076512,4.932861907123816,0.11089260634496947,7.890244306071628,0.39586223663645104,0.0
358,11464321.654558258,1016646.9339258556,1755531383.3192947,60503694.30921441,0.8181999613790666,3537.8218709800385,88.94467608571473,0.1769846442847915,12.302635839976734,0.12142702029915126,0.0
359,7287.660183897242,2847.2850882383746,1788120.3210570565,34433.22205481301,0.6225606693044421,3577.909775814515,1.3631156038739936,0.7618575223728337,16.837345720010717,0.3038368179532887,0.0
360,8528239.48828953,751256.4727457998,1324035661.4225612,45063696.498487234,0.7546880359935862,2958.2001389081997,54.73498646212323,0.16870513929006403,12.076615508778765,0.16809265131229853,0.0
361,142873884.96137753,11462118.728059087,29654584516.02314,825676886.6393726,0.7403273687758718,3663.241497204627,24.487660312147796,0.17562387972263985,12.883805320085028,0.2172761330257898,0.0
362,97020920.41042407,10963304.931378001,14071545398.869333,467850870.2592909,0.7267683675148509,2941.81617126395,406.3275537930706,0.15661032932451838,11.320678276016682,0.05957047186366444,0.0
363,5435.5443076021065,1601.7525506420245,1177798.5524834034,23701.91552411897,0.6310418087479965,3581.7833328662928,0.710834712195537,0.0579383606271473,4.140726575963751,0.194142722950416,0.0
364,8394106.535110055,746739.5048925504,2001133741.4504268,49193884.13899002,0.6326151169463214,3638.52750800601,35.94751733760992,0.1555836959549329,10.840742006956173,0.39192996782536943,0.0
365,46419300.989536956,8970203.908844445,4255927639.5072403,174837387.21686077,0.714552502955314,3349.677902636078,46.644481478434685,0.155287954254797,11.06359498663117,0.33113088497920296,0.0
366,171895.23575434013,18805.063126468875,18129714.88014516,777811.0188175894,0.6563487664065706,3705.0425280822237,3.530594221951458,0.19151367336401917,13.76027141047777,0.16247360265472643,0.0
367,1701764.001027085,187838.71847096397,429118481.4872964,10257126.384855185,0.662799512199375,3293.5085705173187,15.738428381966724,0.891287670354614,26.477515805645645,0.3697391940187051,0.0
368,32594065.66353345,4707686.183862585,3552048326.9940057,146689129.97919047,0.7147405959089257,3967.108845332127,8.248512027639407,0.14814881499776372,10.384861381071032,0.2552481227923073,0.0
369,31837.715363418607,6506.148085812606,5046799.367919986,145652.1667672677,0.6304018811360022,3519.0241452564865,3.0012630021688693,0.8470745567785585,22.551148047046496,0.08986943743175503,0.0
370,9836.174234017675,1779.0085187294765,2196928.0307753063,50803.70507843583,0.5916011691091956,3749.1981052378233,0.7721370167745187,0.13663682907200805,9.159339416173626,0.3565259432641273,0.0
371,128217660.22582713,53280598.898959234,4486967288.763704,281444902.04303503,0.2408323349115719,2167.545166546122,39.61131927993753,4.111425790816181,68.93841731057186,0.34909646848534465,0.0
372,5154.305580628391,394.48237637712634,2133568.4676739066,34937.26950725722,0.612890248401394,4071.4793012047335,0.8920367889556481,0.7394801399721032,15.402328914727633,0.16367159477012924,0.0
373,125516.27882047482,35972.98118269487,6403331.1184466425,363938.5587796411,0.6732858265403593,4129.3839337185755,3.254977753478526,0.1456979838503943,10.405983096650287,0.2879439575325926,0.0
374,7496.889121039017,1262.322745102373,1725141.6677761693,38569.80965016396,0.6947104651930812,4024.353011622376,0.9929960408856454,0.20025005481713168,14.090273323098796,0.27858184688370397,0.0
375,23562574.07479395,2197302.7624812583,4361350530.250364,127169230.26040912,0.7258083724476745,2957.5423818619292,80.78980459382872,0.20708236418649645,14.928721677735728,0.49713227712832264,0.0
376,682502.9038004971,151018.84808462005,42958389.679695904,2392606.7475991636,0.7100572140441115,3827.3329154365074,2.981410624367896,0.09412733864067749,6.915030268349243,0.1564264372592704,0.0
377,38460.57182663148,23950.063664208687,1554246.354741302,79560.83258245431,0.08535955749700712,3668.757445950991,2.530886279225244,5.512095196525507,93.91172486265154,0.3656856369509562,0.0
378,85474.58408186956,23479.23863776907,4189802.539195323,247199.53342349306,0.6582479921928238,3879.33139389318,2.5314473390709566,0.7827833634952003,18.585999880498793,0.18232348490358294,0.0
379,5460721.0228542695,810752.7258779963,543207811.2479193,22947663.80603728,0.7224476364895545,3689.534748860654,13.039356954439912,0.1482850968836395,10.226975881051139,0.2818320094441176,0.0
380,270189868.712144,26355567.711157367,40378121036.070755,1380611803.5487864,0.6299238919074056,3895.2438076250505,9.422201143256705,0.13487007097648016,9.517856845514137,0.2732106856999296,0.0
381,14058534.64805249,1467143.2167220204,1830898092.2548668,68724362.12257263,0.725349136986311,3496.91371963828,61.37505245504212,0.72952612308442,14.552544780836161,0.1261790214600824,0.0
382,5108.728424950604,847.1174401381828,1809793.6786356955,31222.858599692496,0.678911626589523,3435.9836698354975,1.0057748621284455,0.1449791332521598,9.53382132907047,0.3237816677134235,0.0
383,5967.447349909356,1145.023221178964,1446658.9608372804,30078.83760779967,0.6616942637448169,3699.7782463819667,0.9541413981391226,0.08574052934150345,6.123291408921686,0.3218696285803332,0.0
384,3528777.2388692214,736265.277303865,220858056.14581698,12409726.833995366,0.7108051040951298,3925.873254612513,2.028491997532433,0.10543942217269402,6.894613186000299,0.1587870117026246,0.0
385,87364043.53592256,46456140.37675772,1255904244.5487404,165430994.57127064,0.6910750004622606,3636.9713181493626,6.311672998525565,0.050283247512340166,3.5386899044964637,0.35895805891099336,0.0
386,36007524.589056276,5505059.5654577445,3914308960.951682,153480067.70077094,0.766785307195351,2996.3444505311254,252.0502831967825,0.14519647275863568,10.329388107888397,0.2411254186262892,0.0
387,35908924.3633069,6205960.736126543,1663977942.9921846,123129063.73719235,0.6429809824502353,3841.1177704078455,8.23156844914895,0.09800843900988285,7.272482060973921,0.1457762377002455,0.0
388,53876155.863744095,7724453.278131237,4417385500.478492,218043169.91435862,0.6466213602903202,4256.93494264956,6.398936264414034,0.7773387152682459,18.21245980859588,0.16989981587730796,0.0
389,135349.8380371779,14680.647597735957,17384961.580209706,640803.5933976542,0.723334017502626,4183.682029626396,2.4484080442279836,0.09894158067136498,7.14304545413969,0.2531513197417166,0.0
390,20629272.965961296,1823187.8006762762,4283065940.5814157,116854983.27681156,0.8029323863952967,2986.049608653231,692.9044543519531,0.15893359511081417,11.772582693417576,0.2643328399904149,0.0
391,2853.002970279149,514.2998600823598,891029.2209524227,15929.304434127396,0.4249913166743674,3548.824461318282,1.6184320792616613,2.3644709492009897,55.2391984560585,0.5048645325909853,0.0
392,11790.947835893247,1291.9675337945923,2817988.0720092976,65236.215283041376,0.6668034024921414,3632.8920214785367,1.2512265105258646,0.08820348887909998,6.2059249245862915,0.2054577878629802,0.0
393,227913259.6858744,52641203.787642375,19220867817.35208,864885333.8978113,0.6770615627955773,3166.428608193777,20.001559461008267,0.19013604211284188,13.374323923041327,0.17086821533402746,0.0
394,58023494.18488445,4894006.796725456,8485544059.764366,303819313.5764115,0.600646071551967,4050.5850677864673,62.793061339928684,0.18649762949592114,13.512223318167468,0.05883945975883483,0.0
395,70064.4469951507,17743.537421494555,6433834.072388388,256128.88606273165,0.7280461349105318,4038.0342674035546,1.6338526054878066,0.22150585756490945,16.170041659083957,0.16239623294810104,0.0
396,34310.06002697718,6469.393910459157,5931074.845503573,160690.103306909,0.7317026929531405,3901.088517112179,1.2535322967927869,0.0844975411185791,6.182176107458565,0.29316652201855126,0.0
397,16550084.007629726,2794045.6110163247,1490318560.553126,68457720.24600631,0.10100243683840934,4069.7745048987967,3.892912854979243,5.473578758882247,91.0053953887681,0.12899052106054135,0.0
398,7773.337421441649,2032.4572670684254,1297655.4656616882,32188.075016271196,0.7053255799331717,3843.6331739237694,1.3515116020465754,0.22646026698384097,15.894148414741917,0.2540897995639092,0.0
399,6915148.062347086,1508237.6503366276,187915270.78103912,20095499.768620644,0.6155243680336345,4032.337266023819,3.5332862342222158,0.21239775843658873,14.545338717942665,0.13225556151916182,0.0
400,13857.575613453568,1563.2812264286363,3593787.4352857294,77691.98698780061,0.6689382122219384,3619.5042252329586,1.6106032415812654,0.14456467206100942,9.969503485367039,0.3349602770134789,0.0
401,9944277.562817084,702765.1999212967,2635070872.751296,62303478.9388413,0.6998612958456233,3828.6099114113013,20.915121341270268,0.1472463750284782,9.899011651769289,0.32438916391870565,0.0
402,644090.4191238349,65685.44975616143,111056395.92713885,3363316.120102686,0.38912598542633053,3432.960874429418,2.6719189219274275,2.2303680606816494,46.667240676069845,0.40444251550036414,0.0
403,168035385.94897646,163345588.97573975,638945063.1332879,193085155.2618326,0.7314577446716861,1906.3150923930114,3.976193373716324,0.05316384071220313,3.7662784912832974,0.134584079654272,0.0
404,4070665.237989621,491803.1776385731,513067606.0412916,19603432.36945968,0.4468034884854112,3960.4169391987107,16.760678285605255,1.5046855947091804,32.789213209587615,0.1489103997882774,0.0
405,16453122.707611188,4118086.057381992,335479303.8772537,43542812.180967174,0.6762668645137486,3479.9467063049337,7.930266875589033,0.10830408292170368,7.720732601094019,0.10887175389398299,0.0
406,2437.47024352207,404.6073495085883,954438.7938330946,15265.63867511268,0.6457723739464285,3774.7119648090124,1.0581074376778612,0.7748357546868843,17.594112174560205,0.2503944313682965,0.0
407,23701710.861047782,3160319.930550554,3555260526.984047,112474220.93591587,0.2643037143639916,2970.55880423602,99.93335031280519,3.555661466065896,66.95290355174141,0.2673188256452588,0.0
408,11529.902095984296,2660.196645584463,3455452.929765555,64643.79842811134,0.7494454033329732,3848.6017985425797,1.5686399284244283,0.14744370359531098,10.59124901246322,0.3726507109075176,0.0
409,11947950.519204253,851811.105105743,2739921504.2549777,72107251.9501843,0.4437811539010904,2440.4984511771663,99.34060679089617,2.214212474168272,45.95115860614718,0.24688999596621883,0.0
410,86083143.42381503,10136285.112682732,7963317946.534365,377089579.3575245,0.7170672570671742,3630.988561836385,12.83851646829972,0.1086921652679452,7.487469554398139,0.09733998721959704,0.0
411,37056.057039168154,21525.301304846264,2238529.5514494525,90600.4293058522,0.6636025620138817,3553.629350715316,2.307056163455929,0.08366644994150266,5.4865349771332514,0.3204231468803692,0.0
412,45079.914468970055,9718.257034922068,6087733.621377069,190959.86510381778,0.7347536011986706,3634.8195538995624,2.2165071193939667,0.039351224270186336,2.987765773517309,0.19362359218685554,0.0
413,17294356.051599324,1457402.5377490285,3873996076.3461976,100995547.69233441,0.7697494825042139,3261.3748063163275,336.5842668088504,0.13320952976278272,9.666428271675267,0.32074887864114143,0.0
414,5929.889621117864,860.7692393864824,1572362.6757672653,31752.920519929718,0.6446562214715024,3424.155433706932,1.0737093665998734,0.1770008228357039,11.99831263209744,0.1589661606072797,0.0
415,700994.7022452792,133424.22400546103,43095851.64469255,2505500.380360814,0.6899371844597972,3370.7260524417406,5.307549674370973,0.16286324376507108,10.83606593637511,0.29546549183885235,0.0
416,69729399.10662034,15981807.322043598,5339834353.877455,248511469.390345,0.5105702727759638,3096.9753489774175,128.484835235085,1.4921954086839517,32.106068727980855,0.2659340210342816,0.0
417,73188.03403639834,33115.410861302735,4793341.820203016,208560.047517407,0.7094584451504012,3712.346046352467,2.416035103818955,0.06366967786550104,4.614011305375987,0.22146585716379735,0.0
418,224929081.42981476,32032446.318572193,20171567727.05105,949336314.4730972,0.5941596939567528,4099.721448666098,4.7144720864874134,0.1704686762128625,11.461284566546063,0.1470764957418656,0.0
419,166091449.08189029,49074742.90093416,5950400858.204501,486377180.27851236,0.7052077475253997,3596.7821752198342,9.834403866247932,0.109773005744277,7.913098025353757,0.09678283888858714,0.0
420,9176195.43307413,660305.8470023614,1940215742.5303855,54281109.986362375,0.5673740693800295,3788.886939024841,5.400050926106432,0.07460922809562591,5.382120959657534,0.18824688889426097,0.0
421,4440870704.075176,759364317.5334604,217954371872.95538,15321569128.855526,0.740460171438461,1650.8656224895674,53.44084319871349,0.07843877714302457,5.904663495690642,0.09288818265364147,0.0
422,214401369.01102147,67670128.10534161,5621641839.991632,544150116.8355825,0.7021621715614763,3367.2526185535576,5.93667542853395,0.1853402406796553,12.347255218347234,0.1697027875568454,0.0
423,9810.62328638462,4104.0182306329025,1636463.9172332473,36796.63966567451,0.6392692179623249,3782.6331455811987,1.1676062284307773,0.7708811535545279,17.62524813215914,0.412721909596955,0.0
424,128561594.08624999,19055114.74044204,9462840298.276598,509286036.0215783,0.6962987542766353,2978.9370041445786,102.54615379408787,0.10157356643446906,7.777750540748268,0.1707068790910709,0.0
425,5351.388651200987,654.0838722327268,1580425.3867864935,31258.325916183083,0.567338535031593,3567.4950957493725,1.0365647210941138,0.7569141174998678,16.580172041127316,0.11735128602220762,0.0
426,25884037.764479525,3494274.4035992227,6066672117.114378,138492105.11238685,0.4507220036326598,3607.3371965287506,77.23920764741764,1.491659673082019,31.744049336577973,0.3168514556495219,0.0
427,39712.85342941301,14209.470194768684,1511712.8399912654,92065.26614123395,0.6652680669460491,3522.4143387446707,1.1975074027331611,0.1548190616701648,10.822589161943746,0.5248964996978088,0.0
428,438689.3270942946,209032.70966913173,20089105.756889604,1247633.1744890448,0.6519873022620464,3926.775481949633,2.705191855952652,0.21658526489533142,15.031937951825181,0.3048893002188878,0.0
429,33124522.255174123,3257189.6290887953,4226070681.7722254,162994179.1318044,0.686560617507914,3870.474911187246,4.978274618978863,0.060507675852948674,4.512920210503069,0.16150460868974034,0.0
430,11556071.743015414,4862851.928913622,373299791.55707854,28094054.900576986,0.7155286258032232,2979.656154033767,31.53198464303407,0.1285106683895548,9.591604566473592,0.39935332693426684,0.0
431,2810.007654164541,295.5282914722593,1095707.5946921012,17743.77580785759,0.5183332752978969,3681.5930999748625,1.2115753830712201,1.4787926489378418,30.838062195785074,0.16064764382088925,0.0
432,5803.075176538531,1843.5961197387328,662488.8959862794,19062.05383962539,0.6541117709293751,3893.6452040154068,1.107587788485729,0.8297263621248903,22.118203275186893,0.146652482420697,0.0
433,54396.57388313596,20102.855179132155,6256554.5135598825,212389.1830931934,0.7604531482182577,3881.520428877265,2.8652720471772937,0.03999111662700692,2.984943257831992,0.28251385961843906,0.0
434,7038431.903585285,1142214.718455584,640606690.8580099,28881689.707790256,0.667105955592464,4270.769953576544,5.352088353661931,0.16222862134765262,10.9132556939467,0.21771753370488145,0.0
435,10405624.027496602,751511.7057067911,2424146544.824356,63068829.68506441,0.668000398684327,3329.5192436126536,23.307297223186946,0.826864392367141,21.682814871662003,0.2667386362177254,0.0
436,15815447.165002663,2221757.227904263,1093868592.6708293,62536913.23677848,0.12918736944325818,3339.4582892872577,11.176319459932554,4.2392665037507555,77.71946185723984,0.3253990306472468,0.0
437,4528031.589178035,651690.0333621362,547517451.1008933,20360373.838587444,0.6718632079453181,3468.5289672102,6.469914423452634,0.06096837053078312,4.43820694016622,0.10713860388655753,0.0
438,12633.083637313568,2045.1869517677983,3200094.4313363135,68820.26307858925,0.642057163327685,3581.9263140325493,1.4733567142173858,0.04150136248249279,3.054739091255898,0.18768198729554783,0.0
439,4650710.272966634,670647.7473671846,617550492.779984,21492419.044031672,0.6549055867033527,3934.814053382855,7.426165464446344,0.13407492557090883,9.418216705432158,0.3078152342967,0.0
440,19363397.24583099,5181703.563120793,300481077.4150852,47376017.700164035,0.7693797801042116,3845.3094711838394,6.645871370386503,0.10788367492099518,7.847437102169067,0.04126785968647966,0.0
441,4777946.82645291,649088.1728343827,276168173.25218314,18266959.62451518,0.7691614026558479,3536.2306040386975,16.128270999840893,0.05230454192022602,3.8171570811983755,0.1328450232120179,0.0
442,488647.7268047109,171928.9376934502,14833804.621727377,1290816.1698898512,0.7127158826061004,3833.4549053195296,3.784604023696136,0.6834261444268656,11.785852347739873,0.4264933652091113,0.0
443,2374.464666954939,331.9897000161669,907181.3975194062,14921.314123952165,0.6311883687909656,3466.343454553359,0.620403565410152,0.7193577973090559,14.027190947176198,0.22510442418613952,0.0
444,80293866.36140552,10228220.733856987,7833944164.011469,346544540.6046819,0.6838493551616857,4282.455622763113,48.42908379706046,0.1886767128642272,13.716128981217622,0.2837118502720353,0.0
445,486277.8246154719,171871.3308450465,12232085.21902451,1261748.7429000377,0.4792318050030069,3292.7177230115826,4.409417334119282,1.6718822722301554,43.923125891931804,0.20459516785434045,0.0
446,7608810.478923865,1262473.272313404,879236729.6104332,33027287.455350198,0.6177684605936069,3719.919843198074,7.914111090997164,0.11732941257393312,8.688760486267332,0.4015081499998108,0.0
447,103168029.62304124,11459121.804467475,16200518982.81474,527588680.1547306,0.6852563653183137,3736.0463822030088,6.299636562053552,0.07454607449560084,5.411571353719085,0.29760643597550857,0.0
448,34359.72833031747,6534.731112541663,3699583.9171229415,131543.36440736748,0.6643487727918276,3644.3097776605564,2.1546417803793725,0.16285857368849488,11.243329408637052,0.21038251408732905,0.0
449,6209868.5602643825,1132008.51463287,297807205.9897411,20908173.333924662,0.7221879620822821,3771.9020240010423,34.101195996593425,0.7635989562357903,17.19988748829159,0.33187771190222093,0.0
450,1307452.4543824275,185249.00910598293,93637356.83595702,5129814.357566268,0.28533289810580287,4063.0067877476995,2.8868156663528732,4.104644702289628,68.22606048259226,0.23024909486078476,0.0
451,31440996.478736676,4498435.2141446,3924504186.5648537,145681623.43104437,0.6720530187402112,3482.2205268809894,3.8578538388403825,0.12434896300384031,8.073660999794841,0.17783847004541561,0.0
452,7290557.139949342,699140.1088970623,1894343089.5926564,44016721.703505225,0.768123873104944,3057.5518245305966,16.65725437611296,0.2436705451494811,17.50507432381286,0.32722997511349716,0.0
453,56841007.49248073,32006899.77438917,1832890749.8810163,134224681.91948706,0.7048719441881401,3348.051770076229,8.760714665745075,0.1451281579010512,9.705681489402439,0.20220248177447878,0.0
454,23173175.170868713,4938489.426197996,967456875.7939947,75527299.16258965,0.2960310068041546,3738.6964913781703,6.643796333478104,4.099569664403922,67.9753654925826,0.11282243326011404,0.0
455,4947.629119392121,791.8906022251085,1134330.5568312788,25591.34303871285,0.09404580381423984,3898.358076230935,1.0990416328968455,5.4752724496970355,91.15556009196638,0.3564457863560117,0.0
456,37534.29376557669,20170.155784896295,2474422.456014726,105951.92565932409,0.6856225779922905,3657.3015459467647,2.0765350778708576,0.31221849764540976,20.559168967918083,0.4071116595418036,0.0
457,5966.389057393501,629.0561542099971,2033448.4083872396,36907.81996295894,0.6600612196201557,3938.028414832314,1.5238059071089387,0.06184568235989838,4.408391101164016,0.33580065473108256,0.0
458,5862.415763209928,1113.0661999161478,980154.6999310367,26604.674707268212,0.08373073829509935,3803.900712881202,1.7908553124664168,5.493121741011308,92.569897809535,0.3049974895890608,0.0
459,31000826.862945694,30442276.09666751,95634165.10407683,34167754.298320495,0.7359546528475672,3286.315875138548,12.431105895885683,0.15703809032065044,11.297504129701313,0.09906643653652968,0.0
460,44623876.26644449,19600385.65119513,633741579.8892019,94363628.05473937,0.7001415175058241,3610.908689572252,12.00472023875217,0.10498255346336594,7.119313466736537,0.16254605284680398,0.0
461,18997.84854709523,6395.630613705371,2889657.9302527066,79104.7582286936,0.5961432085786021,4059.0359378288595,0.9586877789817257,0.1752172807149086,11.935873447516467,0.1614799889127361,0.0
462,6571824.780142893,501044.55721371283,1290232066.7420373,37741206.84563033,0.35739533090781733,3920.1172975967656,2.681002529705987,3.4627141712797824,60.00841800166022,0.12476345751500337,0.0
463,2685056.9454422104,379985.6370003579,171153289.70784348,10459416.792710714,0.3711967788562191,3882.1128683639804,2.564246798140023,1.493192600380744,31.969063025473844,0.42584244940626476,0.0
464,832.4711194383208,58.54978590214345,536153.9095866625,6783.858520468461,0.4263502667188394,4069.985628163298,0.4874039464076747,2.221606311053633,45.74679575198537,0.17665230769314524,0.0
465,58091629.21563417,17866290.417355455,2881156942.8307214,176546448.843619,0.6632871017474781,3689.42444045081,4.700060147579861,0.13335083004729312,9.08042717623262,0.19143951211321422,0.0
466,5473562.1149849845,652604.3809632484,999472228.8222103,27115794.373427033,0.6261618290309872,4146.296213704751,6.271459775240791,0.18262053749992804,12.550171827441414,0.23701236257133523,0.0
467,9059801.339033173,1063483.088300644,1303694990.095031,43675242.53778281,0.6214813247437714,3901.222443158932,3.9602982660325465,0.09251180879009402,6.426867019260499,0.1852180985829611,0.0
468,44499630.97796826,6102032.844461763,4213413045.687674,192300336.67051962,0.6712750401827936,3829.727744337744,5.782845375383528,0.15756166288510806,10.335696469869438,0.15769167531492995,0.0
469,14929897.55690828,2842591.0751585937,730793173.0960379,52405061.34441976,0.4211283321943279,3651.6452929561515,4.822802111703966,1.5821624572356678,38.205818981356494,0.3104458090381745,0.0
470,28675113.63913262,3298218.087398713,4659102338.636205,144734090.61905235,0.714830851026401,3139.299687820733,182.52846161943214,0.10998113574705384,7.9983438140467005,0.27895654157408367,0.0
471,7733.669090892535,1881.2780175056146,1680766.3111870487,35917.51441337306,0.6414351620939021,3626.832492485193,0.8970852002496926,0.03776911025648122,2.55596735391826,0.24422581403215168,0.0
472,9715.11906016218,1949.5238365098242,2423159.6593266926,50452.01376985087,0.7368436990493433,3948.31773497041,1.3782988333174515,0.032559540121824784,2.30710401274183,0.24870965147941843,0.0
473,3546.705864836048,871.3777928378142,916174.7612293952,17399.711051847415,0.6211016687493338,3433.413078654312,0.4058868398876408,0.7070625107659915,13.007487579712267,0.24986265709919406,0.0
474,16367973.729726326,1514767.6741518266,3975108606.6034026,94893062.03696242,0.7782377188975802,3391.3951090926935,37.13673473076034,0.09625615248318242,7.16878798631217,0.3545873503195223,0.0
475,23316523.28879877,2758050.890581847,4238520188.1608987,120973876.18725848,0.6096958684438174,3646.612844403907,20.139129071316905,0.06636235404448945,4.545504939408049,0.2557602507867557,0.0
476,181204.29166293927,41936.31733116043,11144714.629943449,601389.4990368711,0.6618402462486849,4153.370501781032,1.6772864928294393,0.12185378089439665,8.854940935960418,0.1880330632846607,0.0
477,15205289.686604118,1104027.9862967345,3417758883.8172364,90975446.5870692,0.7752982955998641,3313.540030935872,117.91025180983908,0.10962713402566333,8.174174313725612,0.27949985530720267,0.0
478,8968445.573420767,1086944.4019144264,815518174.7705477,39810127.33224162,0.6697137027315128,3702.5200718965834,23.80068241599347,0.09985230913333573,6.687273961832813,0.06434717450543971,0.0
479,13757161.79463762,2275149.5590479285,884994468.1478958,51705152.73151404,0.08103600337018466,3742.912864215038,3.7557029639904185,5.50541279056906,93.09959710957772,0.3011309575800612,0.0
480,141421337.31624988,35009525.4262803,16694090613.154125,588197802.371947,0.6592192852306279,3799.8388147695377,5.01888220048526,0.11892570267439825,8.827244069348078,0.1318420442692639,0.0
481,26840.26512889032,11614.81913223104,1225533.828226673,60549.358246859294,0.6994811200574833,3361.250030162628,0.9641139035449364,0.050876416555160106,3.793674048465982,0.06779764563138176,0.0
482,21776239.10497865,5032525.944488419,1004084510.084842,66437591.6856759,0.6520548154218644,3993.2193035578675,131.53586282518543,0.8222177531660708,21.561965037393886,0.10714745996525425,0.0
483,1645408.8414087507,104166.15183905217,511515120.33688796,10924474.851993073,0.47608425842951385,3502.7989909473495,3.638367141550075,1.5280486475078494,34.70238475149002,0.32231518711423823,0.0
484,313003.5822835174,61594.796364828464,10823417.716023704,953810.8114106376,0.643884948148697,3816.5845165660544,2.088816958716073,0.0888528758883389,5.747965772637213,0.04051927515774013,0.0
485,29696401.70353063,5351417.09154627,1905563430.04724,111646828.4875592,0.4644927813573143,3588.5993675299833,33.37240324647891,1.4598932436054557,29.51463928953417,0.1595303267146281,0.0
486,48686107.13823821,5074746.9630112965,6346342014.29788,236854440.77938575,0.626558117442283,3878.3364327617282,9.438925346934923,0.09213936886832333,6.865126288096896,0.23088082976451757,0.0
487,48507907.33830265,6066826.894287258,3132923623.440335,194048068.73593876,0.7197573804860438,3761.556150111381,28.21344105955766,0.09075849932201141,6.471551157294982,0.16832184739342754,0.0
488,17842171.189690273,1173169.0744974713,4199723740.9887276,109923228.92397669,0.6771378000733336,3952.305224666471,9.090780267714061,0.14744816500956395,10.28735413191866,0.23837175069121147,0.0
489,16495788.691640135,2316716.6721793795,1705319684.132291,71645049.50006145,0.6506508128558585,3739.4456221161645,2.7831557755670353,0.11493044371139342,7.8103538146768825,0.17503199969801428,0.0
490,126232973.98768583,16714361.798725223,14906029755.59968,573091731.8562913,0.6807063186733397,3856.947294979629,126.77220273836313,0.1776869012761682,12.18533357292427,0.3090925581230409,0.0
491,98951264.27438295,13220213.12937373,7442530721.987093,400988635.06634563,0.6279624975973664,3869.200174219797,5.580841174614626,0.12675872857607046,8.925640629080394,0.09358901612736181,0.0
492,24169.163480451294,8192.256226853642,3783115.959979427,100692.15018030046,0.708917953155744,3828.1740703252513,2.245224100671516,0.11404213019716573,7.488989125185337,0.2887152547742168,0.0
493,143668897.38368085,95054198.9980484,6415384122.799818,360893632.87161285,0.6548821170862155,2600.267835385668,2.2378185846584633,0.07051505616787149,5.081207706921896,0.21068484852253963,0.0
494,232889.82549524255,58642.35026648043,14452090.957999468,744252.5175552804,0.6938540017182383,4158.945406206653,4.130333559081472,0.18418436971380975,13.341861503249243,0.3902181848027773,0.0
495,17586230.151706077,2871192.9175703,911611782.5258316,61345826.28966204,0.63122655585874,3878.89861520648,14.602930229342462,0.7977568951431409,19.753778989484157,0.10046937717599264,0.0
496,763362.8581579583,61944.74409822031,145555280.34556466,4230652.853360603,0.48718650724988566,3715.978498113425,4.114743266199121,1.5461909186103948,35.20438078092576,0.2709113416559292,0.0
497,464030328.70427084,141173912.86465383,11318376395.22551,1151824182.1848645,0.5145730743874065,2500.5374447149134,168.55633133379865,1.4248557072143369,27.00721441806928,0.19637719565535317,0.0
498,173063.740234042,95569.56841477849,3857636.259601125,310448.3579507971,0.6304959554146542,3704.695615074808,3.601383282931178,0.08798570195985925,6.089917590043259,0.23591727995978942,0.0
499,5825833.09755574,847154.6870701585,788403682.3133382,26322368.43324972,0.630594626067665,3842.0049840368047,2.8308655252855037,0.19652562382436392,12.919011201772088,0.14412066908059004,0.0
0,17428337.116328906,3086825.335064405,922144042.118191,62095077.32247412,0.6901651617865555,3884.244520088131,3.027890728205631,0.12345673619671968,8.427736106746064,0.11380724787202381,0.0
1,3041375.1842161696,446354.8691255888,206269831.73214248,11647900.376101285,0.6745495276388267,3728.625460738029,4.599046923793482,0.15179923435746404,10.47672174315574,0.12438072014561781,0.0
2,92951279.99722035,18035922.400889575,7316357852.155772,357111994.53348565,0.7537913735692154,2939.575308045387,124.96438587092365,0.12525889020476483,9.077784598822904,0.15712534133323514,0.0
3,8900430.41862451,1469223.141084444,560197177.0462339,33101198.794484455,0.7367753467029157,3669.777420097794,10.381577212003654,0.11984240908851813,8.648768813730836,0.08391800409704613,0.0
4,491446541.64278775,153655902.05776402,6389568534.3789015,1087048118.5657957,0.7633858993762406,1965.3700272591186,106.95135572368608,0.07904824652219258,5.813925988738203,0.10080682504241631,0.0
5,87346723.30872466,9624137.580008708,12005983294.284273,430764732.9076985,0.6693096499635075,3487.692396558872,12.023970748241348,0.1989061980705693,14.22594428311584,0.22492926479824607,0.0
6,34347965.78563234,6777900.946547885,1291220772.584618,111080596.87159805,0.4335003077486633,3670.0300688465777,4.150761680143474,1.5598568251728806,36.370494176492414,0.05589434470485834,0.0
7,425136.2551901437,31846.43570145494,131038508.09989218,2756798.069660797,0.5427945720037692,3811.089329169541,2.032434783649902,1.5189558849179874,33.81161307971307,0.23484304145919674,0.0
8,104860.38591811364,13565.009377659826,9817775.22749317,435428.68947251356,0.5684440910312292,3891.2873816173465,1.5925173324746709,0.11201432520075275,7.937041061803326,0.16784260577751803,0.0
9,1684709.0506675667,105370.33224794867,530020338.643787,11235584.939912964,0.5116806236435945,3952.057355174566,1.9810891674348958,1.5171892877782591,33.72671547358562,0.1298348869546156,0.0
10,42502507.23405309,5234953.654928744,3929297734.1458282,182889497.93930972,0.6189398259500146,3936.5904936448705,6.560976978727669,0.8156722258101521,20.913299137472997,0.277391069678678,0.0
11,20243090.565773465,3691751.5057584047,1210562101.7620392,72256787.62368885,0.6052156202047658,3332.0550458854505,75.59430453921543,0.7107489836111076,13.793586831490293,0.22809181339118403,0.0
12,8609535.940951008,1536922.1978940726,508187837.4561424,31204197.336444646,0.6225668250228468,3730.7678455991527,3.371801296669466,0.2004837982833793,13.907079150100614,0.10751562168021322,0.0
13,2082.692037559414,492.08702577060194,753844.9050132956,12252.218144170538,0.48174330350488087,3720.6731062225413,1.019380463683223,1.5797479972145625,37.729927004178094,0.3358084783494104,0.0
14,14789057.27035651,1831271.4806275957,2075014516.0870433,72306014.91813147,0.6610770227157767,3802.2948279669695,5.147721695996713,0.0973678234689384,6.882759115611895,0.2269643371973022,0.0
15,5352966.024785784,433112.8452273921,945466841.6229244,29530775.56091667,0.8060536901480315,2877.5111338230195,41.489849854122944,0.1522461893082582,11.313577788253614,0.24210330566487145,0.0
16,17453703.515438564,1440741.0183918616,4621628640.895736,108508651.00415239,0.6663239522317647,2940.491689588128,68.63741402659238,0.1519379566830958,11.207064331489235,0.3004365316415572,0.0
17,322988733.9719946,168353930.65561348,9889670925.275301,699904766.6907017,0.6540847485678356,1984.103380233812,63.489881590595715,0.13283468510688676,8.781880387058992,0.20439973225927496,0.0
18,224861151.4419825,54473991.41274518,13922105337.072006,785878972.4173326,0.6881780266189388,3330.323445877968,4.177211626004489,0.030845147138148475,2.2517670287862486,0.0285882445097304,0.0
19,2748.0038921867,435.591111348037,862797.0221355997,15834.261138216267,0.08937548539269088,3686.5145350273633,1.2463603698355301,5.4671943679178625,90.8137310892855,0.4212207378097817,0.0
20,1510212.6026403771,514461.64297246496,28870390.022177033,3467172.406991792,0.6791246594038393,3567.899458091839,5.165428719167927,0.09530766866105615,6.828066240120377,0.09251991830231157,0.0
21,12747134.49713493,1908000.998782549,1370248216.20547,54012019.20731489,0.7464556243063514,3334.3627843817053,70.20761767382177,0.11220068503739453,8.341558973709644,0.19808452419582295,0.0
22,13970241.687325254,2091858.9219765502,1935774587.339625,64718360.79164405,0.7419768194232301,3695.822582532553,90.7706438802972,0.09835697250807866,7.1583108695005375,0.2154795915539795,0.0
23,18380583.258992475,4600514.595836699,315675780.3251633,46484502.4541009,0.7288466221217307,3428.414160974464,6.922443246124478,0.15304400623508546,10.782793180959615,0.1117495597787185,0.0
24,5397681.474530372,830664.3501070276,578154385.5050726,23164670.875100564,0.6389086006261107,3773.425647391683,2.7039721864138047,0.07473318404818956,5.471771783676736,0.24830847593413752,0.0
25,12011153.515638424,1192437.7115675998,2039721732.5662282,64327929.85389205,0.6635580293519768,3195.733665446698,81.00857794926536,0.8005870666905267,19.918490690661923,0.1503367962745001,0.0
26,9580950.257944483,1696854.6956508537,1117806402.5077524,42181380.92751403,0.7034837256959505,3994.3692159883203,4.332510948642312,0.1539902653754007,10.010832106756194,0.24049727729514975,0.0
27,6245637.405426832,664867.3815009415,713303158.040975,29619332.673668433,0.6784595626256997,4311.48588244792,2.2502547065648844,0.08611202080543875,6.052397558748875,0.18774477648206575,0.0
28,17235659.575155355,1451571.9849668331,3874346639.9412336,100731704.58344439,0.7513279659361781,3128.4827543672063,110.03493463193722,0.10453716860407854,7.686489358782373,0.27813091610592516,0.0
29,158633.4306871886,144681.71123681634,1950556.3590246537,228910.24202306327,0.5322439505697265,3353.4813122318064,1.3170031772874036,0.06104450679709705,4.656699738670499,0.5988801482303122,0.0
30,20049746.129260227,3694034.081903337,1008116396.1209778,68923124.73318459,0.648006249102853,3370.768419365426,108.84508536694891,1.4410713156847403,28.355575681544444,0.16358874391315636,0.0
31,14320053.33636337,5853401.707644111,92352108.53642984,26051065.991020832,0.7511589729650922,3556.037819398284,9.71317895225946,0.1054319781756913,7.6148805422771675,0.09871790903773275,0.0
32,27427017.136316825,5555476.691569746,1269371032.430227,89233029.21736687,0.7099921215464166,3161.19744144254,735.5113771767828,0.752473677633509,16.434381286177064,0.12084525551000135,0.0
33,231318.30606163037,43458.93640643563,12605881.26596002,783612.7569258666,0.09373951577030457,3828.5882851863803,6.441999665935045,5.4832462496150995,91.94373756835321,0.2551725709821968,0.0
34,143883045.8982723,15538437.285575608,16383713558.227184,679495410.0965052,0.6927118738012645,4096.651196435888,13.629990510339,0.16674220872101123,12.277117607494361,0.15687413372887693,0.0
35,44319745.72279111,4629081.840395903,6017676325.827678,217190340.57744646,0.6993774070627196,3384.239833549171,158.12608233877123,0.07905392515174628,5.9212531285518155,0.12932121683232675,0.0
36,30408.303509006277,10926.980662095113,3985771.5419211322,113785.48285562087,0.7628103436208783,3608.1021685006963,2.9415378221443196,0.040702012244098015,2.7695058852200076,0.1915003424928035,0.0
37,3684177.506313165,1481652.936655122,45851462.55189766,7364011.289604081,0.6412500212939848,3911.057810604084,2.895935700317593,0.7132856924982943,13.711885253248203,0.05353221195882507,0.0
38,227360000.50555316,41106436.1453811,30128880751.06778,999067734.0844129,0.6318622959238696,3707.743101878236,8.893606309045314,0.14130376708483228,10.013737484732061,0.18808437101108633,0.0
39,21177637.462709256,3176305.8154305955,1527507299.688082,83103713.07682385,0.6864055611332454,3843.360076263505,6.243349677889294,0.14426716978834922,9.326094327665967,0.12082009311404106,0.0
40,176262445.2870851,49153815.62879024,10035757635.119019,582539620.4935325,0.6928614044629988,3258.97968964572,46.09953507856033,0.06444949225977839,4.63439872782119,0.09115340385989183,0.0
41,4485553.091668712,627793.8663469872,393374449.01901555,18836263.5637696,0.6628662964416322,3381.04336303757,2.3048001881215887,0.03624671245264723,2.6551686135043395,0.1486332128630205,0.0
42,9194836.936244404,1973213.0018808632,418730737.0739034,29431469.978449255,0.7763402294471207,2717.590369616138,59.63784439613226,0.12889747986199024,9.13641883657031,0.20536895256751514,0.0
43,67621.87301053018,17932.552872517528,3285555.0959113175,194763.74410848372,0.7001528954805227,3344.346682229467,3.324074490955587,0.1066003830189608,7.584056992154585,0.27539866068886926,0.0
44,16951184.771264676,5860666.734350432,323142116.4774806,39663868.616922006,0.6065910913632602,3773.1753812016855,3.001107741692596,0.09162441059170581,6.303228649039869,0.26512860935115046,0.0
45,3345693.9703627815,417704.2743149938,577807309.5443099,16470932.260303807,0.45952179490459305,3790.6076047519964,5.839271342463079,1.5432796249402325,35.713705395111354,0.3487386473416014,0.0
46,17699.696244584724,3103.943173809942,4065050.7426339337,93127.19190467488,0.7118599392740796,3677.640336539527,2.8385729326001288,0.15202967559389347,10.751932999772244,0.16021502724546557,0.0
47,20727451.847249527,2570797.451976891,2218443449.623816,95479515.00708847,0.7224716302463167,3831.650582656335,1.7054539155869353,0.040111542137990064,2.6597037439651174,0.2043113945797087,0.0
48,9750.644459339248,1196.7472250136902,2634360.242103012,54645.25404458912,0.7421410250469604,3844.4600930815723,2.434429626705091,0.18287183492084697,12.199533172204532,0.4694325654024285,0.0
49,278966.52099786996,26967.89199016699,38834151.56266754,1401911.144257444,0.6767762038711101,3705.813966429184,3.57136459478981,0.15708280445973158,10.30959618418741,0.3517658820277097,0.0
50,11851447.380529143,3724992.6435545855,385165087.03801715,32301706.438715555,0.6607175298749443,3309.0364520833054,12.790949044985458,0.11199673066006754,8.063705621835311,0.24810408409138296,0.0
51,18162.791525880082,5022.185151319754,2245482.697365773,67067.02691864468,0.7036175802770452,3978.792750185973,1.8252611219776327,0.18072552701387562,13.187919662206877,0.183364394000278,0.0
52,7958.2111213668595,844.8067979634234,1501954.7789376776,41059.31010309554,0.234590459720018,3733.3533261096177,1.2643928979357253,4.105238552895711,68.4058280812695,0.3996114544173337,0.0
53,30991.336513784237,2742.2620682216575,9208663.62455634,192721.05131582913,0.6695649266137769,3358.3370403118265,0.7666915846180917,0.06003550725839233,4.2352654342986416,0.10306822021766514,0.0
54,5917.512416057323,1355.7078830373891,1487822.6679780486,29699.953433448758,0.5188651900671349,3582.9431972546395,1.54245561587318,1.5024286719362023,32.550977555181774,0.4150436837733694,0.0
55,10836252.10735222,1368379.2546919067,1772472938.5749097,54122598.78996215,0.6230677470291506,3812.6116151418973,5.278130855751468,0.08839689076758991,6.357842485366906,0.2437476280176279,0.0
56,20965.622569581552,9062.206544303777,2884519.1877759993,79890.18037780609,0.6818200620275489,3626.627520978596,1.7359683118634592,0.1502283845170327,10.560270532423136,0.2149527779301577,0.0
57,557341540.7395439,293838388.07497215,8132927704.548286,1059347944.0823361,0.6724492652714973,1898.3916220785309,6.8342304196482875,0.05216015306577031,3.6077323720067396,0.22362273984160694,0.0
58,906664.113985426,316040.7862545346,10452335.338987317,1883877.3879190772,0.7990332794407248,2508.0034715198267,9.263577486129591,0.7512685416578679,16.283069470052425,0.12407429900065116,0.0
59,24873.26499611443,4715.1208978200475,2804911.5465237694,97282.7261884523,0.7073197643422681,3918.087454127118,1.2763268857154717,0.02945047833102592,2.0866007207411768,0.6585603052117347,0.0
60,24496.350060710516,4596.367282486168,5436015.449256258,123585.49083303248,0.6783846412919239,3659.3894080606306,3.0037740157911585,0.14095861933465031,9.695266303438782,0.37553629275739614,0.0
61,9854.56290308762,1088.790709190705,2712135.4094263623,57146.45920624045,0.6819045506222371,3737.282801412188,1.4342848661163512,0.13000325433532742,9.173394525065087,0.21441899645608548,0.0
62,3155486.1480724523,651467.7733730805,128449062.32741885,9968896.861205706,0.47526522181591807,3899.1775919194447,17.48835278387606,2.8221065024530274,51.84894040270134,0.05173453992530269,0.0
63,2648.41553501785,397.4565210125721,1126370.9788186417,17277.37873352712,0.6709328865216124,3584.3161926244593,0.8509743138018312,0.1255644222980224,8.659031297785493,0.23930986448676925,0.0
64,703039.7692418417,318016.7513567662,41919399.32296226,1981378.8025070815,0.832360109671716,3648.5696601516547,2.656097736818531,0.07366665619975184,5.41903888080591,0.2636120499243522,0.0
65,10354250.017966151,1171471.6169444076,836422212.4743657,44545034.30023061,0.7557973846825373,3710.5467204305996,41.364249827369555,0.09713225878449583,7.274300077019506,0.10455831220958668,0.0
66,25510957.772164583,3898833.5510935388,2288278282.4027777,105977344.81996332,0.3677625849924342,3719.1147097329585,71.69094054671262,2.160610035732309,42.200017977827976,0.05813925425732599,0.0
67,139935592.27167267,12158758.113683231,20616829451.569424,729528417.3899225,0.7251049964603143,3948.241187510128,8.939157290150328,0.12788653796545307,8.962249081810503,0.17380569902397994,0.0
68,2124279.2102665827,321204.49787408917,167583346.98307353,8467376.089659361,0.6956300243771891,3479.805193277877,3.8007309977400743,0.11159218837065188,8.190795490904115,0.19527442285997515,0.0
69,100480.91087589329,71614.11879989183,5764618.480200531,255667.12123680874,0.3721098586232583,3840.876757206566,2.446366692913883,2.856917826552693,54.44306547464019,0.31629681674729737,0.0
70,8948761.88568002,1088099.5554456054,820234300.7589303,39659641.856307,0.7642678583567016,3675.349682862441,28.614721602538804,0.046817077246493796,2.9851278321307246,0.3267301205558572,0.0
71,8774476.93963467,1034005.2180499131,926753390.9906213,39705165.35552758,0.7064167576511821,3684.820474798107,3.1540630837655623,0.17824166384570095,11.97096249455427,0.13925373482341274,0.0
72,21533.416121550043,6690.939126554217,2848876.065662476,83915.83296490321,0.7592983795076506,3599.262198454566,1.7285009426125981,0.1286385283799018,9.178251441027246,0.25478572705532126,0.0
73,1251572.8191117574,232345.80736249275,118206386.61703905,4810420.508321581,0.7018850827228343,3979.386089176381,3.000612906309741,0.10682416132062889,7.507460625695172,0.12981891412656202,0.0
74,38542.63589252497,10727.174259052552,6420712.42888838,164397.09503334772,0.7626748639532793,4094.8268808974453,3.110046329086583,0.13119020865900274,9.331931556227604,0.29620123496048983,0.0
75,68956590.29307699,12287419.491338482,6168062986.710954,276362605.1897314,0.5509650950508659,3710.490697484875,167.62613250912423,1.4753694297887403,30.63304240867127,0.18976415180827047,0.0
76,4948960.143713013,424157.15559470997,934406003.670496,27877334.4521415,0.7559735901814196,2836.753776350088,76.68629731971717,0.14344042509161517,10.457471462237537,0.221150118766179,0.0
77,13207464.453709137,960372.6607068809,2693890336.752858,77188344.18256857,0.42924417118187314,3351.6418890215446,27.326863150727036,2.8111131179266566,51.236287207982684,0.17508584458439516,0.0
78,32198650.594905116,8329930.602693823,1492930984.6631231,97388790.57532907,0.7929520462148305,2854.648571292976,153.86933280562062,0.13344712531479005,9.644284873606793,0.17365218535691257,0.0
79,38022383.90049009,5315371.439014534,2682566567.3650737,150308095.33219352,0.7333362575948689,3541.0409846160173,189.3545056251432,0.12819198515875083,9.501046701959982,0.18454199013519798,0.0
80,1955395.3384015579,535278.5641317866,66925939.97660849,5486789.109910228,0.6856362497806009,3710.275284245404,4.420469861192136,0.08530381092566622,6.104662738465214,0.27159405828419697,0.0
81,855757.0017965663,247750.42597194514,12441143.515946308,1972477.0221879142,0.5623201815701605,3801.0387471547474,9.994371068085483,2.1556785915277255,41.94955686839637,0.14605752630762386,0.0
82,4309224.66852304,748968.1724136106,384239385.52892005,16240865.298824335,0.7412058408695156,3319.4323631617576,15.140376190989842,0.1806146251133363,13.07738434207855,0.36236252200241137,0.0
83,20844148.58874263,3012685.939449909,1371701971.8181129,79657971.21233717,0.7337636314914556,2813.0494987624897,98.0645153277043,0.18585000787091585,12.59129040088323,0.29901170152362927,0.0
84,22156.132705540804,9052.566138529615,3235233.193841928,85778.26999610485,0.8423903740838524,3652.1266001541035,2.453842894884453,0.08716261522412436,6.077792018096739,0.25323165159274214,0.0
85,42672.14405310452,12859.239216639642,3353127.4328538794,150141.9665684434,0.740246323184635,4086.8362030370254,1.0936683794342343,0.27168173070640594,18.067039164098734,0.1706715424541166,0.0
86,31797057.12488394,8111490.472837737,1096176162.8877397,92278098.28233883,0.7484926147627381,3382.374931768064,26.169785886288345,0.10792213743766119,7.8791369895453105,0.21147857368625048,0.0
87,732752.609995341,59179.553262380105,121464599.92077088,3985597.842289877,0.6408971334077938,3614.8489753462613,2.7970613802155353,0.7252885824768749,14.370481686863831,0.20553007293939804,0.0
88,11535771.223729748,1446061.9100947825,1260202621.24887,52601705.129388705,0.6374974023589859,3568.0750182301263,21.23668250482954,0.11636325640599558,8.341151966904373,0.166433420348981,0.0
89,39724.52018836813,6577.57951039374,6629137.259279771,185280.72851999153,0.6163316328297592,4188.208245814433,2.6232132244586857,0.7866134970947549,18.297455960516768,0.40224132047103206,0.0
90,23836890.653388865,3768204.5146781253,1569119814.4380565,92413621.12909639,0.4893246076747185,3860.3582260732787,21.50636800567491,1.4554024463518567,29.300339895247316,0.2813115363370925,0.0
91,779606.8483478451,68291.1958532864,127046682.41472225,4104079.9808128336,0.7312638263908402,3754.355647060301,1.3595215818754576,0.062013485378646926,4.508058923232649,0.28789652588167175,0.0
92,6451670.869439656,549262.6073606244,946290961.1703447,33739539.76465787,0.46768214483702897,3422.7663804204476,13.634678844418769,2.172379910467807,42.893461095129865,0.16419567204469143,0.0
93,5332.97679441736,1274.9925883229885,1141586.59534156,24082.727306003166,0.5932659096448851,3225.904751944141,0.29511222909016277,0.05995954680714703,4.2128522237019626,0.39330103847402975,0.0
94,54317459.22648462,8752457.386503536,5155025509.324926,227250395.0590698,0.6994869234477232,3876.301931936443,6.227698248227962,0.09664588204600308,6.997578801760996,0.18750919996189835,0.0
95,4279.463583182942,1077.1737087090569,860243.6722710055,20310.276882958362,0.16621195823344806,3573.5199510024977,1.1772765711092383,4.147685086835043,71.40780501614243,0.26120794244258205,0.0
96,3463.501785396626,672.3859479309591,1217390.1599386751,20048.483162796496,0.7184086661168112,3627.711848634559,0.8935278583087681,0.10383542731861928,7.08637773538412,0.14576335142933294,0.0
97,45129.22459869367,10296.287463688015,7029394.088872468,195749.14242219715,0.681593402321137,3533.0093106710096,1.4158345904373153,0.13021092973076237,9.196732558257255,0.3702312482750211,0.0
98,1411315.1642782933,336783.48441871663,46337425.02643166,4021472.8946039327,0.6644792902591233,3228.7211606858705,6.279997878259923,0.12462223407300224,8.818009948401839,0.1424151312456204,0.0
99,57741501.007328525,7660240.536168618,4289662745.70601,235110646.60582924,0.7060437237732138,3396.061689785792,75.90120578987613,0.10134512880676319,7.401142385556932,0.2827106766543976,0.0
100,9356994.0715839,532618.5341488827,3507565429.0215387,66482576.65089317,0.6708090646096739,4154.5914400615975,15.638398665075925,0.13529610914044543,10.083957982008165,0.3886623827156295,0.0
101,20660248.46193642,2942593.511735519,1836398712.57548,88113138.03299013,0.6652837693445405,3536.5295080099186,10.938801593363364,0.1298509344916078,9.137684338219675,0.19077611534541228,0.0
102,41665423.39416578,7995625.374092427,4089381026.53963,158577281.54772028,0.6854114979856167,3561.916431922142,59.32126824624277,0.7865550037734163,18.84258027557504,0.2873093903053478,0.0
103,28362154.8677981,7647278.85463505,1130865306.3110785,88462606.81744106,0.6482279107375872,3821.79673170131,5.776588807493792,0.06952204335744501,4.879528909718589,0.10361099733957435,0.0
104,14425627.475663383,3047556.795475915,951000760.5234289,50679037.63454805,0.7249978680268261,3199.9544297740476,40.572717938994245,0.09142164909546899,6.4009820868045795,0.28285285167965996,0.0
105,9465639.937539544,1057722.1138571315,2048830799.9001064,52959675.275581464,0.667220335433748,3137.9075798197605,30.759174643808976,0.12824445935740894,8.921521723943677,0.2815826921921871,0.0
106,33059.103062517526,9444.872291715574,3356309.9081120365,125675.17667203184,0.461158983206981,3831.929727686599,1.9437014359693714,2.228752005792875,46.03300867222149,0.14966203424630706,0.0
107,62569723.0285786,5937279.815286504,10796130832.719015,329841985.41395587,0.669072795806886,3547.217513395637,22.319481748156996,0.15377274176647723,10.440739664642493,0.4078766242649577,0.0
108,10522936.096881341,2008513.2077207707,623079264.8422564,38216420.207937285,0.681868602391357,3329.8876578697364,4.457682603557652,0.1445122135669772,10.447086411538912,0.12604207786447727,0.0
109,3271369.6959554637,604907.5201782826,216161642.8666497,12110573.388700206,0.7684046407563687,3349.479623863547,13.046668449837538,0.07278908382524989,5.3514230098728515,0.13811218950112544,0.0
110,10638471.848758675,1339681.642637738,1587159288.7323282,54041333.386816874,0.776242007032264,3515.424924856566,56.18289667442569,0.1526118806434768,11.430919623053663,0.178349280544305,0.0
111,53658.211576465066,41136.77068222065,3069832.1989297057,122202.07958411735,0.7050326871001303,3434.9061494316365,2.2336626628080607,0.07958678526210364,5.723940351620075,0.458144252122288,0.0
112,7058032.288202012,952311.7532821458,568633416.7725595,28722630.45621262,0.7267642906208193,3485.489093672818,24.28947027752015,0.1297452904812202,9.522636458681012,0.21233306073231892,0.0
113,20609.75889473028,3118.7307476948677,4212035.723302824,103292.523375066,0.6681256289496236,3240.983281187543,2.160157121316881,0.8075633644350386,20.432843607546783,0.1115268014686341,0.0
114,33692.907068531626,4447.798292796014,6966826.434590971,175931.59612703178,0.569656116286275,3638.325773860075,1.8108611620579356,0.10203357923119186,6.944533660222596,0.23999165943589973,0.0
115,11526.071386914846,837.3810487191852,3868085.396218044,75897.91624595069,0.5605587122379465,4242.8398144943485,1.001136101144526,0.14729639867961106,9.955841171344122,0.14561443047956396,0.0
116,17966999.90707253,1388640.968073394,3620457499.8620443,103798777.2853423,0.673400481741573,3286.835731558648,17.919935128080624,0.8099926557217983,20.509563172708862,0.23102637413317564,0.0
117,448081.51967213943,111795.98760236322,10559766.772618927,1160418.7528947205,0.6912391499592915,3649.6047025911444,3.412111157006613,0.11187743422626636,7.987886791742065,0.1995683415972354,0.0
118,182591521.73989782,77288876.2331706,8102823917.889053,495620890.1837673,0.6941252761977752,3008.5301509883966,7.93311723828321,0.09467566244235429,6.488495599426221,0.2078697572020826,0.0
119,5357.020610757164,1736.8094804630625,1155370.3416168017,23749.099795635506,0.6815534339223888,3594.961072060254,0.8698946080979784,0.0962335860271657,6.612955026498296,0.3601131251452251,0.0
120,3595640.491791729,1188997.2368193148,52170554.01294665,7852878.781408307,0.715667250868518,3894.444425106998,3.4838675198963647,0.09854337122051371,7.122492418713497,0.0730602507124616,0.0
121,46353632.040567,5418308.610987002,3802611910.9053392,198385309.70841962,0.6523121567164711,3850.780047887648,40.16763628851918,0.19215501595966628,13.268919771915488,0.09561032206548732,0.0
122,29164637.562932827,2119359.9819989954,6577117261.330913,173797735.76064575,0.5563504355004063,3537.2090377188906,186.31588385629206,1.513663442592859,33.32557449556416,0.10787403675371564,0.0
123,11328554.578892069,3611675.9912628843,632916027.8885853,38521788.64345284,0.6473910158150857,3692.1807893377236,3.9993639481996848,0.08940167786121452,6.701556735091806,0.15940829760059558,0.0
124,3489.657322526507,1427.714174622079,1025386.385956436,17745.535443568097,0.7158772553479442,3585.0177376703964,0.5115117396745278,0.05843577088828837,3.934102393302962,0.46643082280145426,0.0
125,184895401.85410932,23691120.61718621,13216356980.776165,750607460.4291143,0.7357100303500477,3644.093338259795,29.96475647436031,0.14668797941576148,10.175748024897805,0.12080923845186105,0.0
126,10790592.434749117,1442972.4829446934,1207921312.5041893,49351697.931057185,0.7680984981603736,2921.808105125134,98.40362703143083,0.08740646464995416,6.4706407101166805,0.3285367238736672,0.0
127,44657876.031910695,3098344.8760475074,10696595312.917439,275389555.029922,0.6594924926982912,4072.673904175953,37.61488886651139,0.11814554191151867,8.750832935852868,0.24905568667793285,0.0
128,8103285.4053832125,2305634.6912390427,143638715.78860366,20046833.34155319,0.7394931597208741,3439.8737426672315,6.095784350626573,0.1418745492932195,10.224782762747605,0.09657633600744292,0.0
129,3373.3600154065484,412.5797864388804,1103855.149157274,20766.46732235085,0.4226117130349355,3700.299131116146,0.903239790331536,2.1215457614909266,39.211158788830936,0.41163988311001226,0.0
130,6009465.808553973,1752361.7057933994,158670205.20079023,16216905.197059121,0.7292645547511963,4080.2954549133215,3.905203224746371,0.1727132196954358,11.499962912835375,0.06580413985657821,0.0
131,3776.747612868382,869.9425594395454,776239.7409940148,16981.560640704432,0.39262078751592044,3861.380138496009,0.8970762041177623,2.082084667728785,36.843886178973456,0.5224859495419272,0.0
132,1009336.1031967286,334283.9017821774,47456144.95732157,2914492.7134839566,0.7230096506535226,3560.4450042714825,6.230258882435281,0.13903018925246852,9.638499187152108,0.39619559385721564,0.0
133,707818.7333123593,156464.42078925905,24208247.498247217,2070551.1150820996,0.6015971335674004,3486.2904677582083,2.987337069081171,0.021210917848200773,1.532858888052506,0.39641075203381276,0.0
134,2145.8504140013265,267.8757171333701,961839.5942677299,14719.404376769753,0.47906121308407634,3782.3869083158115,0.8867643950560126,1.4666298557314374,29.75111497064315,0.3724990769356774,0.0
135,7906764.250250747,965710.1608856793,764775674.416971,35055065.550474584,0.6698602813597291,4251.971717167245,3.2831595493703825,0.09975693155578202,6.819451293016158,0.2167168245933207,0.0
136,94994.85194253626,26760.10540888539,6895332.232153691,302033.3312219657,0.6326870659104581,3907.142634033984,1.86752205080385,0.7355633011173045,15.071660383650004,0.3794809975551203,0.0
137,7871275.348422043,1659631.419376835,239317331.05671558,23622698.958478875,0.7022159563773102,3642.3172465406324,5.332235127647921,0.16392955094090542,11.351293375417544,0.33931371975678176,0.0
138,9287.134085026566,1544.5638887952239,2038773.2562570323,45432.174199520014,0.7160039799179727,3798.765117449812,1.2257322539915143,0.05767334261653563,4.2201175127378505,0.24809620554222847,0.0
139,2989485.827601772,546058.7221435478,135039082.3160068,9866203.310600262,0.73289533477316,3510.145173289913,7.710413595908929,0.1220119325889617,8.795522976275743,0.13733703480789275,0.0
140,30609110.250305194,6125607.797313621,1171055798.3248982,95933748.2159448,0.38686388627153645,4107.320440344896,3.525808120335708,1.5147686275141665,33.22734205323267,0.26372144288232646,0.0
141,66417.55338258664,8631.189559841116,9941492.909657124,313182.43345807196,0.69992264225623,4146.555120004991,2.078417628831008,0.07819353186908078,5.733403760182414,0.3872052950977441,0.0
142,479899.55327954516,62050.21566282304,41336428.636770055,2011648.5935473975,0.6800689553557081,3616.9880970552335,3.1320395257713343,0.13324722283099505,9.209753040175782,0.1295415782360299,0.0
143,228155812.24070898,32002297.51583798,24405281959.841225,999287886.6298821,0.7056373197279581,3739.053928495464,13.477769066874925,0.14088350236067848,9.560142661809376,0.13122028315493883,0.0
144,67705713.01496682,13719995.897159556,6752238649.547755,281025690.10328025,0.6712394050691503,3673.034755599594,12.159267110085182,0.16895398272497458,11.59148448350332,0.14921157925954479,0.0
145,54097668.65703218,5877564.594753444,7476866906.518393,266410855.37298432,0.6535750703051564,3978.797436608671,3.7147477984202983,0.1076441814567545,7.499084350902431,0.20957011833493583,0.0
146,556.885669252945,35.1358760654354,340655.84837173106,4375.364963647815,0.0758234022278332,3719.507084000903,0.6244329619358886,4.0864674156699206,66.81951838963342,0.25708782106632666,0.0
147,79240010.82854965,18322861.64777389,5474631690.42069,278004762.07175463,0.6492853739388772,3454.717629051939,4.14396497020429,0.07092489948687675,5.128208237943357,0.16472779623725595,0.0
148,27377237.463215776,3813380.475489758,1964567354.1498675,109793995.74284549,0.7836942701236691,2586.3207804569897,133.8273346821056,0.10688212646062256,7.7842246040097365,0.11784806620363932,0.0
149,17723.088585211837,3655.262863734809,1869883.154783701,66761.16976715473,0.4579175168493726,4139.992500308579,1.234669290915372,1.5895207621785836,37.57280183625964,0.29473770514481584,0.0
150,3664.4705279577115,1036.540845277613,992596.8739548298,18452.22988115163,0.6688778013529116,3532.857628347996,0.6289689663135544,0.06325761682954179,4.490675781112761,0.09017858884087757,0.0
151,3177834.1679951567,765924.3824879734,325382857.1724416,12482873.069680955,0.6138892281993236,3915.9019679179073,1.7813943832357497,0.06606496306388605,4.577871406194082,0.366355911700591,0.0
152,43429049.1563697,5490476.760391099,6286737739.275316,216594541.33499312,0.6719105053934156,3064.2876916668642,96.73544023000315,0.23129538516055997,15.945770296602458,0.16993439787444933,0.0
153,597025.8025619228,211051.083450542,14034660.857322335,1452600.0966618087,0.45875816047072593,3954.9860260158803,2.0439686895316567,2.245355754981298,47.441272285757506,0.07337904540096575,0.0
154,10063744.14011072,586735.0725543431,3399928410.731599,69451364.04240748,0.6673461433518046,3659.921644036933,7.277567369964167,0.7744698805669079,18.099288776180078,0.36898222929966057,0.0
155,490438.71754379943,41156.42896392276,105365592.9391935,2775401.9194309292,0.6952508705141509,3508.7732607114262,1.2804588575240787,0.09043597197539262,6.174381723505218,0.33953904518164724,0.0
156,4412.378429261182,606.7979625343878,1552601.4155234944,27481.973400982657,0.6143411292051935,3464.861016345865,0.745847747984517,0.07573786615511864,5.287402012933067,0.2385479362094837,0.0
157,41408143.24476926,5511497.379969817,3993421269.4265623,181311949.82447538,0.657034765644142,4109.297344964405,4.342319063425964,0.12958253945828827,9.099971892366906,0.1626678167166828,0.0
158,6710658.327604978,1032620.6765037294,630815087.2698035,27365245.82347074,0.6826237438386885,3955.462644518432,4.521556710913859,0.16084715540731268,11.006357662010235,0.3044066985721893,0.0
159,5653.389316571929,1255.6162156661098,1520333.4736319184,29310.78395855854,0.6471955909103642,3286.97798747515,1.2091572267005288,0.07174335366249221,5.097778017715049,0.4027879974973456,0.0
160,166481641.13251382,21992897.10897981,17093636555.907404,727381056.5156956,0.6956993701455665,3878.011618201199,367.1598488249095,0.16957547382995566,11.399923764140405,0.2937134593458311,0.0
161,25762261.062920548,5419995.596784687,905780870.0267214,79938432.75383838,0.6866339944551875,3774.751355273522,6.572875809875186,0.09117692097077548,6.620503636753037,0.09327947392391067,0.0
162,141278666.4733624,10395893.116432726,26528580283.99632,806877284.4793117,0.7396470723851587,3839.0194686993746,26.740686862610453,0.045849482278668675,3.4068481044858787,0.17527673291262896,0.0
163,29334037.348568916,5589649.125532747,2234866790.4261694,114984124.2251304,0.7289783767782068,3882.1820233691064,8.497315331833589,0.17638495822470235,12.10236117527702,0.13747075247123075,0.0
164,6518.451970892208,1752.109673581177,1749490.6573886636,33815.29532724309,0.7102746233855675,3533.9993680231078,1.4411439157230794,0.12287593119909479,7.7319925413741,0.20172795028352733,0.0
165,3007734.762199034,368557.7044326972,354727059.2910934,13806167.709569642,0.6621633280095175,4008.008407020178,4.866252085610347,0.08491691119472602,6.038001444339223,0.07109607788757094,0.0
166,137644589.4339063,95044174.91757801,3762605180.368361,304365426.54462916,0.720805121620599,2286.8219922989083,8.017513132992768,0.14034492064625353,9.944847976313415,0.2219155892412727,0.0
167,76546409.39665386,16817597.41483529,7521141188.942154,295591817.1444532,0.688304183696968,3323.445205660858,44.40165496771661,0.0743835090801909,5.305217536607318,0.3739027814613295,0.0
168,126414748.75167826,10484287.591825522,20992788194.29989,683679656.0941013,0.5801105541544127,4191.472942357802,21.633205818620056,0.2275123122483711,15.059553820666276,0.16046706199081165,0.0
169,127330.82033671846,26643.668405918754,10324123.788010659,456860.5107256677,0.7660501776613886,3340.6729596605564,1.94695247511121,0.06196681200545431,4.466650252742413,0.21623961735944555,0.0
170,13940.76560397775,1907.202427110288,3348489.634688924,75917.71611094625,0.7563323433830991,3423.801901792414,2.0155761582471867,0.05479772233385179,3.914431233140564,0.6738914438348693,0.0
171,8910.371966159171,3077.053351953303,1541193.2165879342,37383.46092307927,0.5106103632850669,3667.641742948207,3.5093517947060198,1.6443580407178917,42.56399925945117,0.34544352072580076,0.0
172,8759.655203059414,1455.408127198464,2107528.624843611,45354.000152826506,0.6435631553029574,3728.591515580418,0.9377495051661008,0.04084723215802377,3.114627925893147,0.5445667883835097,0.0
173,8519478.844210843,618203.4856544561,2737846207.557185,56858323.8759802,0.10265995961174759,3383.6962577239374,17.573927804195602,5.509384884157169,93.96354344100772,0.3286053939870809,0.0
174,24541367.02709296,5259118.987919881,708317051.4183308,70252822.26548895,0.6823537052642623,3539.8315336765795,16.48808626469623,0.10283076831421187,7.548810524048127,0.2285579404049141,0.0
175,8324385.394655982,1138358.2552202074,805899240.3580396,36362881.53023203,0.6967998561466274,3475.390131743565,5.195667810170412,0.10744577051354565,7.849694410484604,0.21514891453732796,0.0
176,519203605.15295154,114956993.1246696,17435352788.80053,1523043107.4926467,0.6438319137496931,1960.9959439792783,6.008532381241904,0.11292283143287216,7.938529065034205,0.14237346678025928,0.0
177,4280717.557066885,932208.3065814445,381312590.0471779,16981157.37571249,0.6767881828878762,3310.472227370475,5.995988048197768,0.11466498863010752,8.217256714991933,0.2126541722538167,0.0
178,22959247.634083487,5115506.846467915,1444912146.7474046,83217570.34616013,0.6194256662555403,3714.611628327265,2.528063118535643,0.08374046581423551,5.556036120650376,0.18809808964713828,0.0
179,2509878.621198448,1091701.5354642973,61558311.12050222,5715091.502611134,0.6306782901393475,3875.0473595318854,1.3672597972467861,0.10655935706773878,7.695080246425529,0.11984742917042246,0.0
180,3356.069477723642,409.6241557208317,1234892.4325604264,20824.089400861812,0.4683859947041739,3573.7039278689253,1.1765373677343742,1.482782037893628,31.115555917884194,0.3348142672234018,0.0
181,5902.427281217468,1239.8203188207378,1342554.9008901578,28616.250950207374,0.7058878773094313,3609.875389291825,1.6447378684574288,0.10153397016767932,7.309289067253671,0.3813459536157089,0.0
182,53255677.48177381,8668016.068108816,2707615012.4791656,192417676.4795508,0.6469160902881343,3787.497177921164,3.6688452137581926,0.09313689870979927,6.61900002848576,0.3270034767140807,0.0
183,39716.237961165534,12478.799833899537,3000408.032057782,119167.12028027531,0.7374397614319225,3780.133208877933,3.177927434437425,0.14966890329247412,10.252631459734463,0.30804883955327184,0.0
184,25186517.061163135,3752621.3077198537,2320819815.8278794,106619256.42865951,0.7054960282108798,2832.8022207893773,115.66286964546423,0.12121100377914233,8.658571323835776,0.08724367650002168,0.0
185,7851513.7739000665,1322918.2021760466,644492288.1956521,31282173.38430813,0.7176956931827585,3979.257480473758,12.57574963597971,0.14126393314367566,9.618451074122891,0.28930990416249963,0.0
186,162672746.07372394,15891315.123520326,28875771986.776283,882352675.0821956,0.6534956715604991,3511.902528153677,125.69514559475463,0.11149207548117816,8.374225570165816,0.3086784775924086,0.0
187,20984098.605811737,1092993.1951693732,11018342095.922026,166047109.46558347,0.7979634164538391,3789.8518026967513,7.485548604468691,0.8296900039315581,21.736804296213922,0.1260493836173999,0.0
188,18474277.99863582,2321537.5185497487,2191993821.5916033,84388423.96125664,0.6435668789531929,3589.6979210916697,3.1456961879233014,0.1827860142200147,12.533701172391865,0.1578000923678133,0.0
189,4446768.441258225,628975.6672687366,253753100.7453145,16806595.666652463,0.8061318965415444,2582.690089666905,43.79283590054971,0.16714871598468006,11.971929337631973,0.09307605832078902,0.0
190,115129.52370469035,22724.95209260512,7864415.344608419,402673.1656506094,0.6706140389381966,3425.4875218938028,5.605239189251829,0.11695121432469432,8.553970053992186,0.35830968355409104,0.0
191,129660.43032355754,117297.8166633768,3465187.5455035856,212978.04711390325,0.6663589163021213,3481.484474078022,4.53657930379713,0.09390167350446461,6.670844056797899,0.17683758056069032,0.0
192,822620.2630638126,67099.04938129387,191502719.4821753,4917785.403155512,0.6002941141942901,4109.73796878473,1.639013604582884,0.09331758516399846,6.853250317531268,0.2615202453957534,0.0
193,13978.264531200955,1317.9379406618532,3444759.5669508874,78153.8916387182,0.6556099628027523,4382.0980426923015,1.1779881754735648,0.14482477927302817,10.104310297162634,0.2418529571346035,0.0
194,244310.9895912298,79910.23923076519,11146028.263524018,675878.0740435234,0.6223810992673577,3477.9156638974237,1.9818235672889803,0.11269342520251406,7.007425210506206,0.28393244269339707,0.0
195,476863.7471323178,40060.97368404978,124874567.99263549,2894274.72452505,0.245979477141477,3646.036113525085,1.5421232981439879,2.817189199389346,51.127257674631856,0.2736103785856949,0.0
196,1639412.8508094691,252644.08726532635,72733930.49238798,5716095.095286272,0.23259825452540345,3859.751507690472,2.8536886295490382,3.51057232182225,63.27877417138419,0.048710326700757194,0.0
197,815560.777767548,146252.2172009002,62809293.72658001,3053504.782957336,0.7076914796618634,3947.2577172541833,6.059136568404193,0.13271152918440948,9.2203515945077,0.2996671645210953,0.0
198,15809799.12323146,3723821.9898421266,716567661.8552135,47945789.07549524,0.6567615992610153,3018.4011852705144,64.37396089321277,0.7290499014774394,14.563604916050014,0.17056486667699278,0.0
199,69573.18195809517,32778.85318389054,5374936.03894357,206791.8492202159,0.7155874660859566,3864.157365146475,2.2105199058019642,0.12110206789812708,8.179142366204225,0.213560051812311,0.0
200,25393.235225970857,12171.988372395634,1426581.321376485,61071.425293954555,0.70442215914435,3308.351791791411,1.8931242456365744,0.08943052112922319,6.554413089514743,0.18591896268875938,0.0
201,1701855.195412057,281642.7946688264,95694671.30066708,6076666.409937953,0.684326915696391,3962.4762087406507,3.962696988646942,0.12430581355173072,9.248426736925284,0.09808889757103134,0.0
202,14370.706590074755,1755.0649617694035,2919646.748063928,73146.56746714754,0.7202140748684939,3891.2730989995657,1.6064964359314202,0.06305689669374326,4.372877896074492,0.4967116249577333,0.0
203,8499524.128607351,769269.9115072021,1268369196.4197793,44269416.27422507,0.73867085220777,3229.612142054066,55.09660146095186,0.08325639119006575,6.0527099528571,0.19138867182512295,0.0
204,7518987.415548645,2340343.068800883,155690660.668292,18534538.030610114,0.6988871520353844,3568.9087314484286,25.489516538359265,0.7731059064495542,17.852081548555173,0.2587120312625583,0.0
205,15474.06792802937,3251.626883115917,3794063.4891718114,79499.90380484569,0.7235931286902654,3433.914377886717,3.031202159050282,0.06573389897401709,4.701979059174576,0.19378489847176902,0.0
206,28145516.83368203,4658101.152117639,1438415099.265034,99562437.92651813,0.6897136932008212,3808.980618738725,11.166041197463791,0.7444552263724071,15.837171243265525,0.2489188309356959,0.0
207,765555.4845039556,103793.43131603564,66882630.02242599,3148918.01327896,0.7480641712930103,3726.5053830260167,6.836937121357612,0.06935391933793804,4.987397776736763,0.3891259355491859,0.0
208,68991204.04234786,11142551.065338025,10484874587.6405,340198711.46430844,0.6950567115579896,3154.6000934539206,126.5362020906859,0.12772266836866822,9.553995685860214,0.1688141239113555,0.0
209,78059673.94264516,12390835.928821528,6039494233.728368,305138001.4789194,0.6667067789286302,3894.34358842038,64.19270024015243,0.17753131498850044,12.6804183546986,0.2313718398826002,0.0
210,15691412.763667237,1227205.567067878,3336036319.5022287,91530050.60023256,0.7631670022039937,3638.5150409078424,95.63618743397696,0.13743721057448477,9.933112007733076,0.2296727416186402,0.0
211,296064018.06803644,88549361.21825072,3590184622.7509947,670722256.3505592,0.3953146388360122,2397.635872537272,21.006125811229676,3.466901898954532,60.33800612789374,0.10459258436595918,0.0
212,8146658.0387611715,2067272.6491878629,510288188.06400573,28643440.582898222,0.530275110378986,3952.479061637113,53.3504317614185,1.5933553896014203,39.088352785816156,0.40479244986613067,0.0
213,105933956.42419039,39567572.73679894,2673280482.9596605,236726706.88579434,0.813549194967204,2724.4737015040387,485.81429945194327,0.15850355933431803,11.658710523324958,0.18892210234049064,0.0
214,48896858.90527317,6722993.880801514,7990125344.00027,243233109.86331925,0.5724885256049124,3811.6847534959206,2.744049380580681,0.10273376008906157,6.88309657048095,0.21375698392051765,0.0
215,1731.5133468799613,207.98845543611415,879854.955358769,12373.441824473557,0.5944506924995114,3759.9920342885357,0.7895346208049857,0.16886109651855846,12.303982810014551,0.3509668363686662,0.0
216,10858.090836809766,3253.0128597079956,2158181.8759338437,48204.713603307595,0.6741084368483957,3540.186532349384,1.3760050280860416,0.09693714298195992,6.547615092801207,0.2551904358216868,0.0
217,12099.063811805248,1875.5937514046695,2071587.7771586527,55502.26619922022,0.6801115178113875,3889.0846594789728,1.8615109371427254,0.14544513193199213,10.300816662314407,0.3016691216235507,0.0
218,216247675.23916215,30336379.925843228,25908219444.434868,992069296.1468998,0.7083585009997545,3495.97314337593,17.252215850226097,0.1816228688994368,12.938934151242844,0.23022432608712456,0.0
219,6952.156336786112,1347.3847087066067,1654392.5719658707,36229.177995575556,0.7378680623484645,3701.779471350025,1.2807229787042829,0.15477279125282495,11.496793842143548,0.35434322044766925,0.0
220,12310440.540552055,964040.5226418462,2442749240.342041,70545078.43262145,0.6942568252918169,2868.8193674450467,73.38115233802463,0.12257256906868141,8.840651205230595,0.22488426311334941,0.0
221,3342.6842798994994,492.09798414204516,1170104.9487789609,19565.8338302211,0.6250900835080931,4065.547553412068,0.8547511506738945,0.157339809687065,10.693070867907242,0.30637785885125374,0.0
222,62821.77100494568,17622.11769490801,2934752.9728403953,179529.5768056945,0.7301524386053092,3504.6940192545026,2.42345752849597,0.05993658278759808,4.128955110422366,0.18174156241358902,0.0
223,98958517.06956808,13220929.05356161,7424279783.7851925,400974069.8085358,0.623119989003255,3732.716152271702,6.097272453087586,0.13945545477861582,9.649869608105611,0.22476765018621328,0.0
224,12030.218467785917,2622.4988490505084,3354688.424225344,64998.032013439704,0.7519360691639856,3475.2019246690934,1.1089449221780676,0.06456178913596614,4.439692132930081,0.49691078095942126,0.0
225,5824831.2446330525,576140.2804248487,1210358536.1857305,32180338.194714867,0.6930982301457094,3762.7690967456165,5.686643095057128,0.8050766925610002,20.035287017546615,0.201615279993387,0.0
226,21761.26556252013,4010.7322828366823,2825824.397871036,88902.61881010643,0.7096114083433294,3756.973590081593,1.957084740800179,0.09357661929668196,6.681341743426522,0.2702890186364558,0.0
227,66125765.77163285,14381600.195397738,3617623415.735659,230638914.91937938,0.76532821360566,3493.7525329348964,14.025091419607818,0.05527156495674372,4.111654050321318,0.11947122504395452,0.0
228,44064541.35655083,4736111.014922471,6514716670.993294,220208967.65530595,0.7079818876798116,3521.5490915179435,78.16915017754,0.18492501711541393,12.896095205928452,0.1914369178469885,0.0
229,105527362.47082356,33528134.063858926,3093336004.255044,286887542.254822,0.6794595984054924,3932.823694849917,7.789150631536017,0.10981607404419887,7.842955209891654,0.1682199673954274,0.0
230,6542.613389615235,685.4855532337895,2115551.147855792,39593.90063647023,0.6329959016025677,4179.029170368719,1.0374010846520603,0.08936668656484174,6.212699516533708,0.3613143919627498,0.0
231,5776.05966411835,484.87166600796945,2227594.8802275276,38326.568945411265,0.6907292121192181,3916.018587043708,1.0685084801049913,0.16260629632366283,10.922833713191078,0.10880035927348523,0.0
232,14684495.201313365,1040409.618730129,4542903918.949898,95082865.98075798,0.787201304626153,3286.701539403589,74.96324527291756,0.12757860997630138,9.399149077350407,0.37408087180552946,0.0
233,115994603.45085776,17266101.556020457,15211486291.72311,561018606.6554095,0.6440636995423363,3479.9259840281184,2.9780307391020355,0.06087374576227509,4.317703204726854,0.09779368009652477,0.0
234,30458237.855759848,10622960.669037564,818819371.8642795,77710295.11035608,0.47340831503933944,3665.9967831727936,5.833975924014358,1.4955758640053904,31.61843430801419,0.09880552408308703,0.0
235,70313.97232654438,65836.73173494931,1468344.4127182893,100636.91663105316,0.6508156110789767,3299.722225758995,1.7337099999015269,0.02017576570914246,1.2353478646507228,0.2547614556360289,0.0
236,4847.102240524329,642.5820935683539,1491043.628407764,28062.647591473196,0.6943697288162147,4091.645484788941,0.7031998292795716,0.0517640382049863,3.581568209424735,0.6629584230029671,0.0
237,10335544.66141131,608431.7227183733,3454709837.61784,70868639.4871007,0.5383311597447193,3182.7157414923013,5.89370873182185,1.5276366016633112,34.42335930375269,0.15755365847704067,0.0
238,120565429.2618051,9658293.931119932,19274704985.86817,652348004.9933679,0.7605463245526661,3562.188285768901,45.52623637478238,0.03111686692141591,2.3637438641707305,0.19801587193291506,0.0
239,26024953.5487754,10275666.277458234,1133134335.6313946,72219382.06380016,0.6938211683840503,3168.307968251097,15.799917346683277,0.11353142988773249,8.61068904139062,0.15175559326249477,0.0
240,851843.7548503183,206486.20557099162,133700911.74735999,3524912.1270302213,0.6070889411490366,3637.4477815623686,9.471190241162288,1.555984033103406,36.5384562258948,0.393257095475507,0.0
241,21848375.08273331,2293545.047917685,4085770283.9624963,116496635.83153072,0.744695275897961,3098.184438846635,141.29651317168234,0.14008916280411315,9.72929097365592,0.143473809751077,0.0
242,11412946.34612279,1165539.3492650713,1650902298.1667788,58314066.96623592,0.6675054822822639,3932.851181185183,5.150787432859755,0.7133954083691353,13.919986079753414,0.2986867009179599,0.0
243,2666.78832648543,331.14314916778665,932224.5571664565,16205.964951685495,0.5692571942610603,3675.6376920572184,0.4031705213146726,0.046777341508218925,3.0597998141064835,0.3354900549945278,0.0
244,10753897.521033803,711627.9209306862,3276521034.0710583,70749720.57421926,0.30606847636367923,3766.382699030262,5.961326906779243,4.119170846776436,69.4631597540479,0.32915492343299857,0.0
245,2200663764.1545415,983865569.5837475,14573390723.916723,3957359481.0320196,0.23030235156566672,673.5784531611046,38.06715202377835,4.085986252279513,67.23000678674627,0.06256113623640329,0.0
246,19669425.384138457,7863122.241991067,620233868.8060906,50253600.0720924,0.7376294120257587,3180.6265428881734,29.354974222160617,0.1510419621797631,10.784076221203364,0.3295047681440213,0.0
247,8353677.7134321835,1348809.56991314,868287254.3112751,35456576.02098299,0.605460678540567,3776.2327031157342,2.2939783097750452,0.13959807803961732,9.636238727928655,0.14339197263892509,0.0
248,16331624.807363281,1095902.7301242435,4279883630.9259596,102771907.51648025,0.5187484164092504,3875.291284249101,9.276202254303605,1.5104100776925566,33.54552249932032,0.451598214409123,0.0
249,55451112.322824754,4964455.040418429,7062894655.5546465,278170709.7676841,0.5722511476225872,3928.9040059163995,3.5839880126670165,0.1325874810929105,9.153177428046474,0.07390059181468568,0.0
250,468725.7299312561,55109.13321551067,50655669.90462498,2135805.8877872513,0.6296164158727493,3685.413372421549,2.573989500872684,0.11060868239126904,7.7168481525368335,0.15268801848107802,0.0
251,471398.745797069,141154.64429704146,54025145.11425072,1928162.927877883,0.6817673824544568,3734.182333492883,3.8666764780374114,0.801135794486374,19.615375284087555,0.14945608519736076,0.0
252,36112004.66054678,6203915.872763071,2055550860.022993,127602182.16720705,0.5881328744969591,3994.018015544303,2.9254480081518235,0.08024757303701283,5.468751372156483,0.1852405524772811,0.0
253,114819.18052866508,50402.88297576968,4339833.730561607,298001.2421708874,0.45499642072907004,3702.1564178661147,1.9665175913869415,1.641365637162665,40.75493789745319,0.217667870875843,0.0
254,50937.68048749726,8393.379365323673,7308717.104365071,228021.4991979538,0.7431333358176383,3829.088663351434,3.6707823201732097,0.06146964818273322,4.506529336809277,0.32661559339851276,0.0
255,48574712.08265335,22754941.617847454,1227532583.368663,115679973.68452588,0.6970307406751152,3588.2482878004225,7.1679241130541085,0.08373081554130027,5.878160265369443,0.10925774599081146,0.0
256,8969107.37973499,1658303.9134955227,1448935855.876302,45710743.87049283,0.4490935994812693,3793.7540728268605,20.760511461875808,1.5719868088362923,37.45315588781269,0.2055546248871283,0.0
257,21487392.33682201,21224543.148090735,121596114.9319916,24790227.805647135,0.7219618167467722,3500.4598906557176,8.641778160853278,0.14096413988248963,9.524935797591647,0.24843539388494584,0.0
258,7133.010235644273,1524.5530663704571,2333542.9944090075,41535.98393474645,0.6824507898409468,3502.936030194259,1.9734725334590322,0.17049585744579962,11.953993395100373,0.07334522666335212,0.0
259,14297661.920403346,2304389.266943485,975253425.4278883,54378846.7276593,0.7004508730461015,3898.165925959178,3.656814964363789,0.1226900321633834,8.494501862893264,0.14511256689452098,0.0
260,59588036.6970402,19466963.86654147,863934490.006306,129809869.66940625,0.5819066353739993,3567.9328464941345,32.01359082666655,0.8687060450388373,24.6035553686892,0.18564375842497152,0.0
261,9274.247648865019,1920.4706671697436,2029537.7635747783,46208.03110979924,0.47630233012870515,3419.456197236321,2.559187345613274,1.512431546508237,33.41893691200777,0.32527960204212886,0.0
262,15228768.23749806,2137597.961361105,1834283347.314038,69717428.80556291,0.6404224184847034,4012.1202082913287,4.4054831278306885,0.12257880462912354,8.782192637366517,0.26220958079415807,0.0
263,38517.221204356414,17562.18136086898,6407499.319675683,156691.30435462276,0.6542203528003282,3460.3654888531464,1.541953375137881,0.8160642180234433,20.662494015710053,0.43667422749682233,0.0
264,62690185.96714524,9955153.170975769,3549960420.4824953,226022592.60412303,0.6574837647936272,4342.560787369346,3.4155689997181526,0.15603937817981475,10.497326259334283,0.0933074637920858,0.0
265,8639.00864030603,6232.4276669536775,1310412.7694701818,27086.395164787777,0.593325919058681,3894.211537732725,0.8414148420578885,0.7621751060008927,16.704526238299003,0.5043422368974172,0.0
266,39106044.320600316,6102630.173468247,4165422427.8578606,170902534.5556168,0.6327490127509393,2977.332639530553,74.75758893561256,0.8276231167179698,21.35677719336585,0.16168646260969607,0.0
267,587043.476034312,98768.62559248359,140865959.9265432,3316686.671854015,0.5469151021977059,3571.5460509741906,11.524913151207336,1.4930249531231712,31.638622261770273,0.31759378201633376,0.0
268,57175801.85454176,25265845.318790317,2164757089.374067,145033721.98955613,0.6923406439166209,3675.8047332254996,7.781933469148065,0.13082236390306035,9.046275070741329,0.11041004634485606,0.0
269,30766425.463133197,4008455.3494292013,2541826249.9854517,129867251.74139753,0.6560939288908002,3545.517384360411,8.467014427472312,0.06146679957279089,4.689217944743376,0.08155816411922256,0.0
270,8501.101703965815,1097.2079445129143,2102664.227418679,45174.98526636738,0.6542405006734994,4224.108168616612,1.549056780130168,0.08976055172368698,6.322358835020433,0.4426995329754914,0.0
271,298146657.2423066,53645070.09605372,9328399136.434244,938120933.6215519,0.5481350561394776,3140.837715510529,157.69166181156348,1.5527566726654618,36.16392368370644,0.018722358243389057,0.0
272,3663.6441084026737,1830.6362407046795,972845.2751450014,16824.92264946904,0.6377199029830642,3901.214956104507,0.658061566888283,0.7641883209614311,17.069884021990852,0.11578415009383347,0.0
273,18035690.08828648,7144625.543812853,566981365.1015047,46771166.5555275,0.7091698900329954,4170.539128654292,3.2463600502279966,0.11924686320468325,7.857496952547201,0.08419582365188834,0.0
274,16066708.580090543,1300124.9384472982,2756514075.6454973,88755106.39540553,0.6479427086356552,3699.6700835410584,9.634419737559723,0.1203866109044804,8.67507713742821,0.14994500391116478,0.0
275,57460877.63787569,11028969.570759807,3467285115.6342764,207776297.65154403,0.6973006875095729,3420.1973943381104,6.265685591605305,0.05595081772385457,4.079022644501118,0.24018884089766343,0.0
276,23460047.279353306,15405775.785229445,739464134.5249869,48140950.29048384,0.7487896343589405,4030.430874177427,28.52449973713082,0.0949330615130961,6.846660134184629,0.2146151358816815,0.0
277,7766470.101957962,1832655.8447417845,158560082.3964391,20508833.778690133,0.5981677194275261,4150.3540932147625,2.5251532704429502,0.15798538561154096,11.028361256852499,0.07391641632603418,0.0
278,9053855.639939055,1005430.0643074099,1056140179.644017,41982363.92768093,0.6331462571940238,4374.007293026327,3.125613303009423,0.12366962308664302,8.611301332431157,0.31202378373098033,0.0
279,4305.363007961842,2841.063930781401,662415.9581563786,14136.060858439989,0.08509850593415791,3744.9230694511834,1.196023644118874,5.50446505846019,93.55463485559196,0.4022564086396424,0.0
280,2843650.2094640126,641412.0901513279,246212156.30171552,9662072.575345663,0.762910911254857,3422.7863801921962,15.879037127593337,0.12165996197747439,8.947122028918379,0.3319344138917382,0.0
281,41669307.056152955,16137848.316752072,585781885.3380477,93499082.23117395,0.1630840095187553,3610.661129736204,3.297400890282237,4.099154073982528,67.89653306751453,0.09651668648939996,0.0
282,25832501.26088108,3404757.798741485,5357297829.332759,136158872.8504773,0.7340751753998825,3370.6858998900652,39.2430044213655,0.08127144255316088,5.537891525718399,0.25800982339416406,0.0
283,5567.296700810072,2354.1920572826484,1333498.0952134954,25256.764200436905,0.7070573510914138,3508.2414602149775,1.797780958187433,0.1260173748458559,9.348008612124463,0.36711334013117214,0.0
284,10269566.234074136,920715.8368951833,1557611564.7300754,53820045.22553934,0.7779772823182106,3171.947764587793,54.4059130903273,0.11871479671065313,8.442388296341989,0.0894288790340055,0.0
285,8904374.142355276,823874.5595707874,1122100131.0323887,44245077.529265545,0.7212217848873868,3900.719484196312,16.25807639158643,0.11766150962926236,8.621072164480413,0.272844854258389,0.0
286,2331699.499802752,805902.4940776344,93146981.84798847,6653680.990593039,0.7072562907201375,3588.796687472624,3.9188846608373935,0.10492855214550038,7.361062685006722,0.49538399936905886,0.0
287,19248.888401848333,4094.755560255019,2043110.76969255,70230.73291430438,0.6437114085217327,3803.4274221504315,1.7706317711872674,0.7206373324622783,14.209535970149465,0.10044688869510376,0.0
288,16500.1449931021,9534.010585094167,1545179.8349205705,46844.99532036016,0.6769456394599014,3430.5380001595363,0.941625676375105,0.07846398680052902,5.652858334176514,0.26141072723406317,0.0
289,357843.4340159525,202912.3634252313,3033568.497236211,587446.1448717852,0.7776743023185944,2943.433816848965,5.800528098578743,0.8110746275662741,20.687062941485333,0.18359378043465996,0.0
290,32328.366093253506,9484.58565795591,3094300.295515745,115092.54946077988,0.6427914340945661,3371.425300669167,1.9086470632604247,0.7330937826585814,15.046362745474479,0.22494024122077932,0.0
291,2247533.982216361,317768.46687470604,271492406.819643,10185906.8039884,0.28862535876292594,4307.013401397402,2.9539449936957705,4.051659023258866,64.33864402041317,0.22212735163641226,0.0
292,3557.7747396747654,1067.2417538238683,893649.216628806,17353.429777380188,0.6457377530962243,3530.402228579065,0.8195533175786297,0.7524014777903955,16.31672682337163,0.23606639147103828,0.0
293,79585773.66399927,11496540.96487812,14073129580.582767,395815225.1959963,0.6453216591528378,3531.92023517739,10.244160561779884,0.12059388705637586,8.160703331205251,0.3231102469409212,0.0
294,34439771.93526179,6469455.683131853,1886973626.0724664,123422285.87755665,0.6930595541453342,3782.070319719431,7.208232811254278,0.115204362571325,8.275707146108928,0.09291920239704461,0.0
295,1542675.456574895,200233.48389892597,180069802.7305402,7101390.5183583945,0.6770814126606367,3957.737373845222,5.942044812782538,0.09342931928898653,5.919566016868766,0.10811242560360389,0.0
296,9077.490735166804,1709.040923606742,1856288.8319068938,43679.16006563594,0.6571889586204331,3648.958558018995,0.962843649746396,0.05132989486158675,3.6283576507613717,0.16557074954697124,0.0
297,237976.55730454816,25594.83753308074,39154608.70028137,1209003.9826962715,0.6634716032581298,4364.418574118453,1.5255270702794297,0.05956275052542148,4.194142264014282,0.24244959002743516,0.0
298,65965645.80495671,10819856.655478176,3752386556.4163904,235522859.6524436,0.7046940130018549,3243.641268464945,43.83437170647096,0.13617283105951622,9.027923356832828,0.26438337116300736,0.0
299,1058049620.5684891,254155216.59939533,97510510552.39633,4173139405.968118,0.6423185441767736,1944.4859359527682,7.369750371393455,0.07628213741270437,4.873587077387867,0.0670085475720422,0.0
300,12959831.219916742,1796434.2645859905,2269618285.3005457,67132140.45968571,0.7677379448059272,3252.1708630200874,77.85629804604424,0.09690568799330368,6.716222200131538,0.21612290676193785,0.0
301,294729656.1162442,290522747.13320553,1071455109.7829491,334800598.339224,0.7188584943924621,1181.8468144593164,11.53943370173891,0.08251594642384985,5.9237933061325565,0.17025002764185293,0.0
302,67864.97111634418,12854.617976494555,4235722.816292805,238090.56462434624,0.37233870885057724,4248.8952365834875,2.0659537643718138,2.8293997303053584,51.97492944807304,0.18968521903743152,0.0
303,31315862.36081936,5944334.792970212,1419220137.760795,106559683.45007017,0.6663282141943937,3665.7972463888623,4.811662773558916,0.1808414584741153,11.766144105279539,0.1787692378213951,0.0
304,10701467.621579882,844560.687697066,2019472929.1883018,60510687.8519842,0.7629026232750938,3069.7149704053923,69.50079415077745,0.09237343262225481,6.963458754370204,0.16717191126384429,0.0
305,960360471.3196379,613038115.8467453,23533168768.906506,1793622291.0412784,0.6739254544254641,1133.0433939436316,162.5071057083231,0.09549595948652775,6.8996091934240535,0.16447297316364967,0.0
306,11949.09177565773,1447.8310702588628,2263052.8608512403,59381.77110705781,0.6279624994288004,4305.888937839823,1.3502213469681192,0.741821578869396,15.330499071320144,0.4623887157379757,0.0
307,29142.26385900155,5115.3661942172575,3853394.2469820767,123462.46176312468,0.7006673435781928,3603.7008519829114,2.4957221476298477,0.19342900440741398,13.321470520725603,0.5140508539032266,0.0
308,48953.71926241009,19787.624327286474,4782332.361728545,172273.7505249477,0.7255597409439712,3266.72043062562,2.277515310397193,0.18192788383387298,13.542638493429234,0.14697010980923622,0.0
309,15896287.650823275,1080134.5457959692,4150046012.457906,100211663.5131178,0.7788816204530685,3106.354551014469,49.67079158029592,0.06608249299042415,4.587600194038535,0.28075417297751853,0.0
310,14981.509639277598,4712.790863518304,1724166.2342237935,52071.373990449574,0.5890993096216598,3977.404267672925,1.3383683786882146,0.08753659408718475,5.912511244171853,0.2102612083270104,0.0
311,2284510.907846878,388670.94477197726,86235357.62519759,7587521.853028643,0.17444478973442445,2951.6763378315973,8.167784328637488,4.1540936148685565,71.9350212300819,0.1519000011755185,0.0
312,66284699.3505067,6704728.748136811,7042464424.839895,309680698.1437063,0.729502952260582,3744.4321406803697,15.84493255290784,0.12367711646730672,9.19717302207762,0.10863181289140565,0.0
313,334028.83229409205,297496.2921646439,9003536.23728481,584373.9455292497,0.64533525374594,3953.0904326260898,2.673194733156051,0.26802743321994454,18.024955896058366,0.21964304954121083,0.0
314,19336250.713331833,1891769.8816788942,4058346211.808155,108430764.97523053,0.6962072340769314,3162.6103393445874,104.62835072368007,0.1194042125750971,8.848841470509246,0.21203849569950814,0.0
315,6106213.515621891,1945568.7196833384,297139322.7994334,18845065.418064572,0.48353121441161395,3382.0839916131836,6.956856413272031,1.429166193845229,27.301200690688347,0.22581317419877067,0.0
316,2388231900.265069,225110256.42700547,330736668721.93427,12024466288.852522,0.618022033589425,1938.4758633729225,12.182066103611968,0.7489626254313877,16.043304912001283,0.19328752019003842,0.0
317,29173764.856342502,2869027.2819287935,4054088933.9212875,147317261.61555356,0.6169894791215761,4021.6490039110886,5.380273441611197,0.12898675079213104,9.40327326153897,0.22921648806011077,0.0
318,92266209.99197763,13178572.17379684,5135645421.554345,343736671.64346755,0.6273555667444559,3711.8358338045136,4.7232554505030535,0.17307196887809448,11.464979416361356,0.13289335414632233,0.0
319,2139177.994125732,1221941.104535528,134111477.13553567,5032460.373244757,0.7144296812061104,3507.000701653744,9.701314489781312,0.1410248326255174,9.977502717856295,0.1778329236103475,0.0
320,22946981.54610591,3858359.1758586564,1996422333.5461936,93220261.57028857,0.7628307652075687,3332.3216689953024,6.720598275885057,0.061967470901203914,4.389042520828141,0.17459234100259516,0.0
321,29481.32278315656,5024.4080079989435,5982384.146018146,152669.30760184032,0.7130462021311958,3956.664152981306,2.7789027816187994,0.07436421993647366,4.979363357202492,0.5309997240319133,0.0
322,19868841.477529034,1909292.36930572,4230479973.193433,112710372.83351167,0.6849173064336448,3027.464553931279,139.11953457046954,0.106781622988151,7.666313013565815,0.24949797620457,0.0
323,72412.7165485232,25050.62520971431,4974374.46960414,213662.19709945453,0.7226692616380314,3770.8423495146244,2.533929391638519,0.12041470753387325,7.822496557558502,0.36663452204878016,0.0
324,29266977.102718353,5233278.707401443,2361911969.943511,111281941.8683168,0.8259743227863018,3046.184834642023,130.5300272441205,0.17676445329077417,12.960197981535519,0.15918800386626267,0.0
325,15558.882486625027,2348.6475040843725,2650872.6360299042,72365.30581838267,0.6434927316644402,3457.6711784340505,1.1584297976840794,0.14277408038111528,9.79232676836984,0.3237888658328369,0.0
326,11304.943029455013,1104.2362964254994,2824801.785211849,63724.31744287865,0.582964549493,3691.364784191346,1.0357517239145693,0.13643951762726295,9.710801225890858,0.21087225447809502,0.0
327,10180318.91350283,1275467.7843374833,1229068020.0105145,47117619.25042808,0.6461109274277258,3755.4064217582395,4.5313799985664165,0.11910997014745624,8.565270728039964,0.2825808263751076,0.0
328,648669.7332099916,150690.55953757843,21547015.81070774,1846771.0255407696,0.6780659917623101,3782.125434222379,10.90694485341542,0.16576340834521375,11.027585979273903,0.25333037368354455,0.0
329,17783.55188646992,3375.451630014645,3387567.405646751,87099.05617119923,0.615397962291369,3614.9468356985985,1.101178863296645,0.1688530880354077,11.152592050122182,0.16692426683020875,0.0
330,963531.9353664838,72257.67126308037,285392917.22630477,6178699.070827537,0.5327993141782759,3889.008183505188,5.743478479514511,1.5088105573331916,32.82784716361392,0.35314974580091707,0.0
331,4782590.728653975,450297.7861808461,658659538.5292025,24299905.96423792,0.23292870869663754,3692.749585467505,7.04708588331761,4.1711149151690385,73.29855627308598,0.181016642846826,0.0
332,2717.8803606482243,452.40652463210625,880129.614936392,15294.644298895908,0.6726659638586527,3586.4985951051117,1.121178213829317,0.18463570064641957,12.833555375362256,0.2909944733044003,0.0
333,19778608.487376105,3515723.7811378753,952720894.6777277,66650892.34835198,0.6985823908727664,3455.8792719085022,5.957460795868425,0.02516393585324712,1.8474797062134527,0.37502642079916315,0.0
334,267150252.5560484,49079185.298665464,21049550914.794884,1007143324.4929488,0.6318987667653481,3815.888028821116,7.74092042639413,0.16699994608962276,11.860700398513988,0.12156456022844869,0.0
335,9970297.881681656,987549.1283862718,1257762859.4605067,48889577.48911035,0.7154220598409019,3614.382842788532,25.385636113929273,0.10615952237742317,7.875222744644496,0.1147899235599061,0.0
336,47740.671942140136,17652.75787165034,4126599.7129994095,152719.04015903,0.6739511718895587,3880.3565239982345,3.1540030345187686,0.8244838483359416,20.820876181614143,0.20595916743047898,0.0
337,15979.129730839439,2143.127633735074,3059079.6662459136,78971.3097602762,0.5906025224094059,3529.4605770399126,1.8216652344149165,0.06254538753564116,4.0815736626268375,0.46688466177441373,0.0
338,17038185.87010451,8239033.3679961655,717201746.4309428,48014321.74503991,0.6599831133927264,3740.64333245737,2.6685511067685224,0.14643309521631345,9.892015670111173,0.09243834976372609,0.0
339,499287414.5944764,173020180.8001792,6562799404.326288,1059728642.3372577,0.7840104715031381,2568.8719291849866,268.4671077030197,0.11689693732007375,8.649026041933682,0.2160678729195271,0.0
340,25602242.914830744,4092701.8004414514,1224412069.6046247,89888717.8121,0.7386484845086636,3670.7091343221177,23.160230978610848,0.09444717841323155,6.828812512842504,0.22481859108790464,0.0
341,29518054.57667325,6455309.8041655095,1010392656.744633,90197966.36590394,0.6378648536114242,4082.848288119936,5.300725179282245,0.11339046793987731,8.063059131699685,0.09355828469391023,0.0
342,10289.893074355761,1446.6161387394911,2413991.219551971,55217.02171700706,0.7172535054862709,3835.22384000683,1.2358307190574016,0.13436149607468809,9.846331785382345,0.13814229958333682,0.0
343,933.8403846845655,189.44764006116415,441756.36794699094,6163.019526875272,0.2780899571464407,3776.788426790238,0.5561756225888175,3.3717892289339915,53.58366830674182,0.14272736997217897,0.0
344,140932522.90297014,19666514.862518724,13237690590.93921,603078055.4997493,0.5931015830992206,3948.5386993012057,8.749623360546185,0.14783143569352397,10.830514793076434,0.1706458729846223,0.0
345,72968.36351165606,13235.192495054856,8356571.976993473,295016.4372799043,0.7058649188909205,4076.3472568185116,3.192278485350963,0.0861081277787683,5.88878061965724,0.04703990901163183,0.0
346,17928121.28861526,4652276.539696267,314772130.2564527,45154102.85176015,0.7880017542617613,3301.7366593200923,14.862071854908292,0.09970062323711604,7.217599742276616,0.1032054921322499,0.0
347,6846639.577851087,744948.6654907485,727364952.1426795,31768258.636031825,0.7769844491768482,3186.3312127600016,72.8761066257791,0.07239019346408862,5.26897935003201,0.07976416465566658,0.0
348,2115922.910296979,199591.55403169335,359099726.69440407,11171596.400830016,0.6602210570083177,4263.7822581428545,2.7168086592997134,0.15139746376989321,10.746594188695125,0.16774244936936442,0.0
349,14490016.209057102,1046166.026244586,2850045315.9655213,84042665.725193,0.685611543944138,3786.901221363343,10.171969610500424,0.118315260601171,7.620619269693572,0.20597094873761146,0.0
350,7985561.985732118,1355371.047558399,333749479.47964543,27065447.74744741,0.7235020968233106,3545.4988979313002,6.001094101409188,0.14362939578748185,10.547233230731777,0.1184705041303325,0.0
351,907049.1906489102,789687.9212615064,16476229.185333427,1441939.0269644998,0.7437118681508188,3487.0419987326054,5.1903047004577925,0.19374289859488583,13.841139490766967,0.274928431421652,0.0
352,11681235.185815547,836288.0572942321,2537941046.694005,69556088.51466846,0.6888175706390289,2847.4068702764894,34.39595269836495,0.1477909105032998,11.23925266844682,0.2401052216032868,0.0
353,117574305.41738239,13446180.949031156,17171481745.002268,590829631.2513891,0.7181571967139583,3824.519857028573,77.07779985812654,0.14087734591885068,9.959449417042105,0.16899633178891854,0.0
354,67635113.11163469,25786469.104758468,986931191.2413124,145230305.00087506,0.7000163130538748,3464.4593475817946,8.769588624997395,0.1459180525073042,10.647935175789513,0.07919302672702283,0.0
355,1398416613.3751845,345882512.2825683,58038109947.2572,4182715296.233374,0.6999352646412139,2213.1267873833576,20.033231711590737,0.11654524482006412,8.322246713775323,0.08181540964369913,0.0
356,1056156.6155028327,292695.27867973445,36912613.02173956,2963728.1468407204,0.6542937417050082,3632.8211867319587,3.5277992176182575,0.1895215156436393,12.998947699786218,0.12724493657024052,0.0
357,5532903.805479403,1508951.4159945254,244696669.07375774,17006613.535031427,0.6893498547333725,3329.088207200034,8.013878267784376,0.10164801610903237,6.7641202591265,0.22451859463756002,0.0
358,150746.08142964082,25917.23039859209,7992647.99957823,533056.3808934728,0.7666055882862586,3580.8598669081066,0.4466151204811178,0.026637622660759065,1.9790697811607103,0.17168151237147572,0.0
359,2476549.7188785784,489231.9410769975,132564505.21528296,8757237.530280283,0.741200488584478,3721.425023428872,4.341828523260516,0.18703705594121497,13.554459707470581,0.18094340406286416,0.0
360,20769550.279486798,1908612.2683202222,4003935271.6503005,114834807.91211605,0.5684358955501284,3308.4685894471804,620.5170966703075,1.50356040137087,32.66174302162998,0.1963614881937326,0.0
361,440484.2442551235,33766.77763534998,120502147.46820119,2751648.9594379864,0.5143026045896681,3380.1301529121647,3.542990187494675,1.5257139720879749,33.909791328766296,0.21093751092453217,0.0
362,3828042.0583927184,3128024.59222806,32917860.363153003,5155148.033109121,0.7240550077723553,3622.1720499438297,2.7616040114150118,0.14452558764308235,10.211582509844368,0.383720567113701,0.0
363,74970165.27474912,18654316.673747137,3081843314.192423,228458673.55731335,0.6189066438249138,3742.004513329377,3.7662949911481918,0.06240264280986683,4.275623199837982,0.150883109533844,0.0
364,576684.817121438,49526.83231532527,144813025.14214164,3441865.3056410337,0.48018190684231515,3466.1968140263107,3.2382104371715146,1.4914077258540634,31.712652896891324,0.325210708277501,0.0
365,20427966.454876475,1522479.3287450469,4091982140.0994163,118870028.59448986,0.742312826236519,3588.240395741781,20.895159949260478,0.06473730158629092,4.853605454988708,0.2068510085369093,0.0
366,363432.9451650073,34991.4054792628,70221315.66460231,2006039.7571094458,0.38940571127903933,4032.112346529918,5.090247183400978,2.759965101175182,47.87496069401836,0.17939143080552725,0.0
367,6057.030626190894,1264.208634266965,1592079.9928085746,31933.869266760514,0.7028473198604624,3472.6843406984735,1.511790229508663,0.11119678551421038,7.987391755617767,0.416877338468634,0.0
368,38576.63408042742,6298.115815456358,5540153.427452964,175665.6304151491,0.6146411294442287,3943.233017739944,1.544513066977826,0.8349996258604818,20.602492286395353,0.25159755916458665,0.0
369,2073.728573855254,401.67470460144114,863428.4873807549,13258.984564019886,0.4807477380321033,3800.8395994320426,0.7346287280789773,1.5057997852665312,32.32949183104893,0.10881091796477625,0.0
370,233342607.87560248,22882383.86982909,28247358717.091137,1139707940.171355,0.6449644182278799,3687.8226774089835,8.437792814800396,0.1745493284829535,12.592004293213462,0.21339799631133638,0.0
371,8440126.389408382,2502107.7116619432,199808471.59679466,22464906.143268824,0.6623084618779858,3575.810116448468,4.946449796126866,0.14477002589562254,10.321951548951295,0.15821889245744322,0.0
372,6919.532753110274,1024.8503506973507,1731053.259672063,36509.89376579692,0.6472328686922091,3515.9235251404552,0.7580117675078564,0.08497026609131648,5.468401826225029,0.5348613288167545,0.0
373,75594760.2096125,7901280.190286711,8662964556.460638,357841995.7838156,0.6549933421493523,3767.6310697214367,5.844707938758317,0.11964365591765835,8.377625751151506,0.2476095001545662,0.0
374,3957599.4487690576,460139.55396707944,430540752.5848614,18280835.887324218,0.4772509838657967,4048.3551545586934,13.624828836311764,2.1154181853766096,38.848801035651796,0.23978665802190471,0.0
375,2396527.5029464536,501184.77461544826,252368292.7593748,9167581.74703371,0.6934044879892151,3672.9791862050706,7.674245915452898,0.13611537466378998,9.701136283714952,0.3023999812438271,0.0
376,89347709.27735531,6893065.093614551,16961089511.627422,510208116.9311485,0.6445257425354808,4173.805471959939,34.06844421504623,0.1508228870823185,10.30333425012531,0.17902384143666625,0.0
377,26532325.48600078,2166676.1646172805,5530172076.851232,152512161.28963873,0.7167319191664175,3616.350167379195,172.68587548465135,0.14916867910466075,11.023744660045558,0.3172684719484612,0.0
378,14428773.004976058,10118651.201360205,206539876.56893024,28090542.69405659,0.716430386269168,3822.0478449057414,9.85226767297665,0.12081219274215078,8.333765694281505,0.35545172999792607,0.0
379,504435.9783026014,38207.939882964405,160243612.8422882,3267931.847677103,0.5298419202134677,3557.1740947029084,3.286728438840577,1.5105442170079002,32.901807863752914,0.3518380018732109,0.0
380,5152699.251941881,634078.2492439405,546347469.6528156,23132518.89639593,0.6848769175985067,3934.4478246097133,4.340817085256415,0.0911516520709407,6.6166300186378475,0.0891182303869182,0.0
381,27953640.12469883,5206546.748543823,1953228521.5897384,100933403.91200253,0.6458763540483474,2810.567471921803,166.21645797935025,0.9012785764882875,26.9735793547924,0.19424714460666842,0.0
382,3504.6070220542497,689.3556867968389,1257503.2203662128,20909.29149345136,0.6322991768457392,3565.1868490883803,0.8606151799201364,0.7304284264081448,14.82164644626613,0.04301643168525738,0.0
383,16957.99777864368,6093.919995139166,2348416.0103127426,63923.63769597667,0.6683446912979618,3652.552577997051,1.1897981560882276,0.13790677663442885,9.69733963836049,0.15738904734713938,0.0
384,4298154.528573915,544184.570797412,319953851.7427254,17716480.967898063,0.5714892352013354,3433.9277872578496,20.39251254747523,1.5138925123311382,33.55445580838796,0.050918596585125285,0.0
385,1710076.732127975,237890.60601376166,383727370.95814157,9214652.0074861,0.7519024221125555,3853.10397194099,10.818209183542903,0.1498905079952899,10.743452189385806,0.2186835391151216,0.0
386,16667068.050130287,4302304.724974378,275215129.5123328,41321076.26714184,0.6034755310857249,3374.432929075043,8.197940809498979,0.8667626131504163,24.089810067324656,0.04059129531809622,0.0
387,14625961.76133266,1864530.7484425833,1690273148.5299017,67620284.41747741,0.6794111305755497,3877.887725093567,19.845982949896438,0.2139151305066413,14.442023787714357,0.05968084605169666,0.0
388,31402.70345329367,13155.16300262808,2898656.215966534,96366.22179500174,0.6620687158139467,3945.940530053755,2.5072827495191223,0.1946823334819423,12.142730684424011,0.29240155248903305,0.0
389,181883.87080107653,51827.19745910012,9294024.01522936,561298.1282594805,0.3934092368607448,3816.8753307719353,1.5043593710831764,1.5205336149416233,33.84017076723488,0.21990872856066432,0.0
390,10882932.295492526,715569.3737433865,2964473129.867651,69467444.96852024,0.6921818467701945,3948.3554792495956,8.262075386558179,0.8436589323372775,22.744522707063044,0.2997938032976117,0.0
391,13687.736056981132,6741.227008022877,1631456.3626663068,44828.24556200086,0.6608605728054289,3512.4977161655916,0.6667435124586021,0.02723088577925443,1.8293596345150789,0.3658036579461509,0.0
392,23822.27223405149,5023.969241543954,4024713.842830719,110134.57917067684,0.6486711146676851,3514.3484314612806,2.2718302108638952,0.8353615588079124,22.000548767680165,0.24864773418821048,0.0
393,9035441258.659489,2220648911.7472353,202956995650.48038,24259500250.594215,0.7451132071982812,510.4382819495089,16.784755567112963,0.1453934843992953,10.604115013743296,0.04170066670721934,0.0
394,8631.08678306122,2487.352056225619,1741472.805800638,39236.5643617338,0.40396606828409337,3608.858362163446,1.9719921927538857,2.151806594435647,41.409704642617385,0.44567901834118534,0.0
395,65045.89337468975,25494.659098946177,7651308.961706961,231708.95944100228,0.7416550198174658,3591.227836373313,10.020396207187796,0.141293938551971,9.660864152334176,0.4080844970212431,0.0
396,2211219.976605493,804302.0829644368,118815124.67170279,7193965.079329242,0.7573895302761022,3496.4337249334394,5.02463947102464,0.13111327747061932,9.208255478072982,0.4874778301937127,0.0
397,24952118.502489224,1719209.2044571266,8023736476.133913,165634122.80783075,0.7423809487561988,3484.2482810243328,128.98518418171028,0.7305054670171425,14.429261851470148,0.25140748666862806,0.0
398,40721687.33971134,5786922.507114398,3754033577.966643,173996355.12423795,0.39680957689028595,3920.857033772552,4.915522005818754,2.262347035188058,48.70081224893581,0.09524198545000194,0.0
399,2140.307698064834,380.2875097152949,876969.9613524781,13561.461675064264,0.4580054794703853,3730.0883592478835,1.0619917670595236,1.5070630188272598,32.761960334977246,0.2705494415510916,0.0
400,113988497.46833396,102586945.47779313,1846562420.3184323,172781083.72567156,0.696214995596615,2400.2394415001563,25.601542411558526,0.15400473987314528,10.173797797712952,0.21153548319148882,0.0
401,20524107.350654483,6799365.128784886,1434171208.4507918,70781926.09424649,0.6376416160280751,3592.906221551739,3.4397257579683744,0.075273920036242,5.1454666708162975,0.33159088363013806,0.0
402,800684.5661942716,146635.87106369273,35922208.160281256,2681555.4801361524,0.6391661395707453,3689.5493981688332,3.5933723496301666,0.09491227570227583,6.69318983527957,0.2012373783744644,0.0
403,101861439.52302402,8154500.96272932,19253910092.50373,571987285.4657972,0.6552711040311986,4151.524785564809,5.898550372916,0.17082082604599041,11.521700515408043,0.21162026510264684,0.0
404,895872203.0228249,157229642.54113406,71829556493.7353,3430734033.9314866,0.5791198278935262,1920.5331456245362,3.47707890568983,0.1347036101375009,9.108539288904758,0.18081596669753552,0.0
405,24331928.771141745,5108385.959719614,2172799423.7843523,89511469.14146502,0.7286685805053186,3719.1455467251526,139.61607778177225,0.16841166074576125,12.491751917302228,0.2003933709994545,0.0
406,148763.35185387917,143469.3672650139,2598622.5245487452,199426.44154551585,0.6353016250414371,3865.4874266050133,1.5114328179155416,0.1213237434422008,7.670650475967625,0.3231686994644464,0.0
407,26286108.229791272,3100175.574629559,5396229581.196294,139549723.0206499,0.7616174572675938,3358.9949843394797,85.74567040424034,0.1322580608168237,9.462116461292938,0.32535291804030564,0.0
408,5803094.90504991,1200011.9207966416,247671017.6227973,18631884.17425905,0.6665684640748893,3744.256320342706,3.092928013236689,0.1044616896844568,7.809605722443143,0.18831969973410664,0.0
409,7789983.240348769,879929.4666766064,732176378.1418073,34605810.731920086,0.6454231707978034,3650.5252830576565,5.138627677558753,0.09765680357435569,6.9768907893546,0.3455153683148619,0.0
410,224987881.29549733,20627825.076897778,27142112168.922215,1108860784.9543707,0.7608029669410812,3675.145666640873,59.87626703905505,0.09670838296272369,6.821457968043374,0.08360432508121408,0.0
411,476899.541353088,40706.26952799775,119527136.05173859,2850523.321241322,0.4839315522929411,3910.484977406672,2.1458398201518367,1.4819989645472138,30.935303211053593,0.3016631163128745,0.0
412,370015462.44955873,32169743.827951662,53267941903.039925,1924811759.364734,0.613069598405293,3964.365494057709,7.128569203868445,0.1614117693376536,10.85194419809169,0.16641143209649492,0.0
413,4901030.854405434,574041.5846173682,375061964.8115526,20647096.589922115,0.5835268758582699,3742.704082610005,9.79965061946247,0.19855558782230548,13.38313275261072,0.12772533063671243,0.0
414,11830.921304191497,4768.584202720851,1491069.471584762,39381.11896690218,0.6649081008441247,3343.5742925285813,1.2981850719767112,0.03919178744256859,2.878541730897082,0.4540673290144079,0.0
415,2331609.929490043,301336.3904791267,144718629.4489563,9137255.103861818,0.26485616868825795,3663.5353624182953,3.5953304841857405,3.4460057950776877,59.2207857471476,0.3491204239849597,0.0
416,16528506.622948905,1189045.164518916,4223174396.060817,103182801.93202545,0.6765118330872946,3466.9550736259635,59.8572729165628,0.7407551389611282,15.464671325652478,0.271426680059911,0.0
417,623219293.415601,192499841.4056113,11987430017.79613,1477135738.1128135,0.7234899244506292,2511.013390466065,10.818989867524817,0.05785582574483676,4.44597322536695,0.0658292786011489,0.0
418,81168304.63704917,20148831.511428855,3762435405.220763,266283148.97431153,0.6970942023531929,3861.090879398672,8.824273007358322,0.13855496341919693,9.869284137118417,0.023767916212143917,0.0
419,5850796.052967938,2046604.9842992178,202869302.35739693,13665574.060422938,0.31866240103680193,3609.1461069122897,12.562200961945113,4.136722398198876,70.55571512969625,0.37385000744857927,0.0
420,12202297.980405372,1905605.7461910076,795266686.9436085,46612052.64742028,0.7023384390540384,3837.5414955175183,10.02074084580568,0.12484566775152457,9.458101256715313,0.18274601838396018,0.0
421,17031264.369717617,3382397.676459084,602746434.2061851,51693316.464212134,0.743443013178714,3957.6382097507703,6.649973403522306,0.10560927748437736,7.712013802166271,0.29591889266020227,0.0
422,85476.98172207907,20440.948927927002,5889056.200961816,280457.0426849524,0.692381212042234,3067.4099120562823,1.4422213202940877,0.07468935406462567,5.355578548471376,0.0863811606256116,0.0
423,26226203.203325085,3232847.5167991417,4591509268.098183,133155757.27642378,0.7494982753612927,4001.8258892620624,75.6581224358045,0.15949420548629717,10.907802535314948,0.40911377519510006,0.0
424,99821.37832078003,11873.734033777098,16543199.850146612,503977.153036417,0.7476290932353786,3751.3534759089994,3.7357338061081977,0.045665474210861756,3.3952831947557898,0.3501202091732053,0.0
425,8623.175910953923,2691.0544971925606,2061582.1383006615,41877.75580810751,0.6966575041710423,3762.9176183086443,1.4532436174268217,0.09461256247087553,6.843171778101512,0.07095303356429813,0.0
426,342728579.2615241,112877114.99899748,8099972409.788075,845282359.8158772,0.7115769827524234,2441.937238298545,8.710636244087048,0.07657577486461582,5.414105014960029,0.16217677767498972,0.0
427,6754.422855997783,1259.1675541736906,1851003.3170033782,36447.4913816619,0.6448137771668452,3568.431382039073,1.3522824860419407,0.044236539716188704,3.2655853716072456,0.07735222090091508,0.0
428,63018078.71134673,7710196.723677812,4312813643.625555,256520583.07118583,0.6924380230403149,3650.829305489133,16.952408522437935,0.07529767670345917,5.133573539421597,0.13008605628581654,0.0
429,10357.407918258968,1011.5192315497565,2973114.3692296473,61506.66802011749,0.6370077909082371,3530.783834429436,0.7019115988115658,0.05646673911404765,3.893851795883569,0.14298102151696587,0.0
430,10728.05292484408,1561.393426440476,2775366.618164914,58301.51192902275,0.6994933849344022,3653.8569322130115,1.925955483331805,0.07386127863881882,5.439202279637341,0.32756795954748974,0.0
431,10690.985452074141,2532.568504051029,2096008.2192690454,49072.338697610125,0.64152323272367,3315.7516512225247,0.953810263590728,0.030060012981063887,2.055985734956478,0.4386823441071448,0.0
432,15333223.04502148,2556301.216069226,1097609092.1911368,58063966.49952199,0.7242595641389806,3085.303372341972,45.52166327894844,0.12139788588135136,8.718017682045438,0.25688880104669937,0.0
433,2433373.4730135044,329565.6983996482,182670757.48090693,9941049.50828,0.691657152860719,3590.070563900643,6.4613227847733485,0.12592380648588772,8.97892726839822,0.2291722470666954,0.0
434,4258.448260623372,580.0690137867148,1404036.1631607318,25503.49246745467,0.6765425210785248,3507.9908071219797,1.1346961403799118,0.05597400358397868,4.162440192496158,0.1805999174823432,0.0
435,20319426.95340585,3010654.8090799125,1055095177.9567562,74520061.83634004,0.6903598651999268,4160.673263362706,4.704441837361649,0.13465707638658025,9.502327584520511,0.03485406174914013,0.0
436,4441.846519787745,596.7036715586977,1515069.1644833046,26323.558828838053,0.6708643379554765,3681.9038106447406,1.3836831006481398,0.20074756319699222,13.391891377246116,0.3941441827780717,0.0
437,13474798.834821964,7118945.66637938,287390785.57058287,25032297.3764651,0.7070860738783811,3674.9041139545716,34.852548951451006,0.19064232182180235,13.863423893616607,0.13881474579649336,0.0
438,7948212.215276135,933850.0840973586,857369831.9853554,36808861.258304186,0.6816522481894037,3053.565785456667,16.99294091305912,0.09803649193630681,7.27994896893968,0.14491716488248513,0.0
439,10585929.960505432,1605416.5992766717,625202095.4521061,39967295.74856777,0.5627874875643666,2912.60208116873,78.84536212425664,1.4858706118369636,31.623625403336746,0.22305283147567892,0.0
440,276366.3523994574,40466.65075837565,21676455.95540216,1108979.533137553,0.6832109624640446,3802.3300170471184,2.077261317600803,0.10649304865686648,7.639620683319149,0.1454630782893768,0.0
441,13163621.748141319,1485168.1428740518,1342179741.853428,60217183.64102657,0.7333926983846834,3450.4400031431137,41.61576955545568,0.18003303800328077,12.38689282992934,0.0798038377870442,0.0
442,757511.1692885087,74015.80903981093,86845678.94928885,3601651.668669629,0.47523142580924593,3305.5853328083094,4.918512308768168,2.174990102158618,43.00024666814775,0.2362469308859046,0.0
443,15134907.853834063,1566575.9565523877,2794230373.816751,80786740.89802048,0.695984291307296,3733.3780569964915,35.872895732350806,0.7390613331872847,15.393406965872106,0.2443966453361136,0.0
444,6453.964754161134,1549.3702815935653,1600767.1744621377,32655.248902444157,0.6650046822344116,3490.0129770270732,1.44976720787301,0.054766238480993046,3.9674674851294185,0.3318698005775771,0.0
445,5676002.395046843,1466542.940618019,346410109.8877771,19792110.22649392,0.6645463617206119,3719.970172581705,5.013549563382886,0.1543761958580423,10.553457300892521,0.16573183425073973,0.0
446,4306017.083921894,999454.396824111,167918565.38531163,13529260.534324685,0.6327667357715485,3733.801336896571,2.867772417872,0.07981294378649251,5.869897288722764,0.10164773377140451,0.0
447,15486790.875197569,1894852.038064615,1402902339.4105375,66596391.51292394,0.6145982786202706,3672.568130060926,3.6791384168616634,0.06265894311078171,4.471722774247864,0.2119755511756881,0.0
448,11552078.22375274,1574730.6582278288,1281278030.495856,51454260.11091713,0.5479204751475458,4317.4513149899685,1.8909932157019143,0.0790688049877474,5.498899343903858,0.41983446493320015,0.0
449,1409976.6239110655,114576.32114360826,327803230.6885069,8418142.300422326,0.696402601965015,3319.9115402190782,12.23972491705377,0.21820235457963583,15.359419056481675,0.3095710390125496,0.0
450,7873877.314218159,1006322.4248395202,792762616.8679918,35080806.30591579,0.7085104835027627,2625.343370237898,50.59304474349245,0.08327597029740383,5.863551375641239,0.1460722108185136,0.0
451,24869581.904209472,1848802.503858352,5151476604.016496,145292597.50040036,0.8250166300007917,3608.6823345154426,31.665087097821228,0.16153371993385662,11.355504618408826,0.23068660506083136,0.0
452,3019744.5071019093,495461.63667851314,192237690.39246666,11256250.593708541,0.4633412720603693,3888.9623089168435,19.608378105694058,1.5137518214409267,33.58516987707412,0.09987617846862634,0.0
453,5526385.022626657,543322.8676637292,839050981.2098699,28641105.32118675,0.4850462213759233,2852.1750703762127,13.443197949705617,2.141112682547889,40.551106566085174,0.07018882203094769,0.0
454,77372608.4002738,26190835.05346734,6098278622.619295,267117970.5281009,0.6826862646782368,3877.0528682220806,4.954272634211729,0.11535001355745492,7.149051705301753,0.1912126598874041,0.0
455,15791515.400115794,1206554.879602077,3830383355.703345,96567409.96313316,0.7084116523035149,3506.251417858309,95.39181309625643,0.2641631590965883,18.18206949415674,0.27243207292296057,0.0
456,1356.6385316687144,141.17024541195744,623278.293415398,9372.638702014989,0.4429680132897393,3418.879365090751,0.6110969135065827,1.4624500221372887,29.805034601649055,0.07549812459471715,0.0
457,31513.342824163417,4817.410874612917,4527118.775244477,144003.23974265534,0.5750517374627182,3833.8740178744865,1.3038834630624336,0.26110333966847843,17.645285752209634,0.19393076772485238,0.0
458,5936064.76369318,681100.4433439785,564764794.2406054,26309874.77583727,0.6620805862768797,3570.6392008186676,3.803273253019782,0.14860431088650516,9.652973656986342,0.18606899628555046,0.0
459,1320913.852008848,179881.19341242863,97443888.70241922,5305035.726893097,0.7056072247147669,3795.220844598005,3.906625670474844,0.1585366552431262,11.351334313263603,0.39741592140411786,0.0
460,83791.47431638857,16328.805158247076,8976250.690494636,341894.8904202018,0.7172759050375309,3637.783921258114,4.366882283093422,0.07232242135700159,5.0400814452570994,0.23693392077730227,0.0
461,10197679.997250874,919230.7748262748,1704059565.1673288,54460588.74144081,0.6055173345343605,3863.8028229025326,7.001770924193673,0.11989439337236271,8.732542210289349,0.2523846781042728,0.0
462,29165729.399200518,3171927.4934741277,3304016646.9633985,137002250.0481639,0.7672282226003365,4079.9130369066274,8.270975791834276,0.08454638516997601,6.123157334685281,0.2250764423879373,0.0
463,166755056.50219423,17131111.701578688,23138389885.525566,832009596.3934225,0.7140520243012808,3796.5145911119052,19.061515237466434,0.1403637995168115,9.757246428124423,0.033531571616988984,0.0
464,1919.9073972395024,308.6318790159165,920857.676587352,12856.67015207533,0.6187688123656943,3697.1323672534713,0.8418458421392387,0.1506605120897529,10.952893606402004,0.38634900776806425,0.0
465,2636193.8756044544,646879.7805681203,134574510.96874326,8364981.42313011,0.7738008011852229,3504.5199342500528,12.080726607915157,0.056647613043799616,4.3277361226397755,0.2427654537258739,0.0
466,1524.6301300879252,131.1307511153464,663699.2059285138,10442.536175112022,0.3338718199149079,4091.130430221921,0.7762448471750979,2.8842458745528874,55.471107370529424,0.2591815764440629,0.0
467,11094.649368347209,1970.9393761812564,2287567.278424927,53152.379538111876,0.6647396591182833,3401.7490581876295,1.4723213253275083,0.13189283543450375,9.271892399788255,0.6259727653573655,0.0
468,7307898.391092102,1263775.9761406633,479302288.542518,27482026.538722493,0.7048374754122689,3349.2643328891704,11.16284342562322,0.08912616939285742,6.244190759063448,0.16327247952277726,0.0
469,140871108.64856806,44776128.30414188,3228297689.5623913,365274560.6491842,0.6305383300372152,4045.454381844471,4.460843959754764,0.18290960122224983,12.347438772843773,0.08467074433339575,0.0
470,47322.24477555645,26216.351100105465,3011824.4090896747,127848.0097930885,0.6464433928917515,3685.2001195367757,1.2482140111715345,0.13102548735393382,8.610418226142968,0.4300152397818806,0.0
471,5367410.771189274,702077.8150463896,419499527.6027972,22335033.900937892,0.645579362465783,3974.0468709362653,3.700125333729686,0.1289250439624376,9.002633959132499,0.0558252569532916,0.0
472,10379060.33162331,1446066.5380457137,921672352.2674248,43516886.57991337,0.6974192343445046,3608.629366104018,60.95967975480163,0.24375161085356467,16.283857880597964,0.18299666581475327,0.0
473,16208.118688691791,7377.059265820292,1738912.8462113347,50983.1879567539,0.6583159075102557,3468.4410948488785,1.9653248554247278,0.027120927475325372,1.9904414862173894,0.13189681068096393,0.0
474,3633671.0133709027,870854.1605070287,95301542.1955038,10137099.013940487,0.6732116123463894,3661.4414748452123,3.29132991446966,0.1785895514587546,12.821565295363234,0.348893522092141,0.0
475,699.680368886494,35.3970391653628,460586.89470285026,5845.568196851457,0.43235164411254196,4067.245697818973,0.4082378444475216,1.5598469300124953,35.82474024808019,0.30469066013330204,0.0
476,53876.22127449382,33614.436724474224,2507478.470687766,116015.13239475913,0.7346224041324902,3312.067686750116,2.023180171053451,0.17226164978355873,12.426502476079765,0.2515215868808323,0.0
477,25051.099940520086,6378.113749209272,2751167.1120322887,96453.72935180286,0.6160602580469382,3859.7460040039605,1.0403597250137882,0.24039695496171118,16.42439259449818,0.38174175981031977,0.0
478,11950530.674169384,713275.4979216123,4511194694.668768,84974223.51985617,0.6744926928811442,3631.3021479805852,12.150359515054994,0.7730156079984241,17.415186456082427,0.3662414701063808,0.0
479,12130360.382113501,653200.9799552409,5068372177.892081,89238223.47790423,0.6488881981914523,3635.6046562176225,2.1968834063565454,0.1431397683198437,9.809826353483276,0.40853382362576046,0.0
480,8964.645322175304,1737.0968303702764,2077504.1866683601,45058.01995255503,0.6903389999985484,3312.3414122342283,2.3186023259603874,0.12558998879096092,9.015505290807676,0.11728136908841247,0.0
481,7540361.5488052815,495193.3989295467,2096161160.8400867,48529733.34487723,0.5114961137686622,3384.2139568814728,6.937827547734352,1.4881890622621028,31.617448416640304,0.4677058561240269,0.0
482,44676543.17961943,6417862.647610851,3972969258.142325,185131092.6209217,0.6441201386939311,4114.347791202323,4.0993466012010416,0.07547464700798896,5.3605852837453964,0.12014971171052134,0.0
483,82363.68352253779,16966.59902934526,6014327.85828876,278929.32601382234,0.6425481962856152,3640.9583504977472,2.0184668754255446,0.1585508469961499,10.658268874702287,0.2776267067747827,0.0
484,10094696.905726096,2703319.895228535,152325165.27547622,24387946.882592954,0.7435172792734447,3733.2911290676193,5.7241152394514225,0.08732035214679881,6.316532085774206,0.1568947315388676,0.0
485,264462.13808921777,44532.03768034365,22027501.228211183,1036076.5809249722,0.8051076368172844,3557.3744863610054,4.18610629882689,0.06393927500078558,4.636870423380557,0.48441294489949305,0.0
486,108935325.91872203,20653487.321778774,3422482624.523224,339844654.19257945,0.6438486541713844,3847.368131083911,5.357528737598307,0.12110496134825599,8.812905944964978,0.061170269645853675,0.0
487,150634982.00437146,11029387.760505209,28357774056.044807,862122992.4453052,0.7074739889812125,3686.2265798326025,68.99563023087754,0.0878050807026983,6.489112316470306,0.20553831360591823,0.0
488,331937.78369397216,43082.862979194164,29865586.167027354,1385324.9257078834,0.7172224743337345,4006.0625882937816,1.7404226900626434,0.07869390830255334,5.394623666775315,0.47391126505780906,0.0
489,8058059.94775139,1562333.0217752135,612965965.9748925,31259398.16066327,0.6315299270145696,3692.098871906267,4.672461830891728,0.057947726942199476,4.3017338383563795,0.24907803065023704,0.0
490,595002.4853448758,45576.61231478029,164133762.09399158,3718744.669365277,0.5596556800689814,3497.3786540171654,6.983547813202578,1.5026957002281591,32.61302714424041,0.3340123301497635,0.0
491,104711705.82263002,30282520.985953204,3172592917.1818514,295608947.76524055,0.5752467307083498,2948.2518627061327,68.2299331630277,1.4345851359482424,27.856058519310274,0.16840648116310178,0.0
492,5919583.259738354,1034359.7821420291,521209738.841689,22061952.45523715,0.7127397338201888,3432.427775537156,10.433079752898182,0.08373232000369253,5.8766022721668865,0.49374354378145535,0.0
493,3708008.0134092085,733830.9797901923,147104219.53386086,11941811.418901466,0.5917602694348125,3860.9110786267997,2.698075524141583,0.1058901385388598,7.357482538014622,0.11295572095415517,0.0
494,6882.296341014173,1151.093737110959,2084702.6288443846,39347.91443147285,0.661562982458632,3779.7114573653157,0.4157821024187472,0.02649449683214682,1.8555501035801782,0.3542326422291498,0.0
495,23569571.27379965,1924492.625884446,4088042271.0776625,129776301.63790102,0.6818697517291553,3237.459695222845,32.89509960246843,0.8000403680490484,19.886686111431725,0.08085933564717396,0.0
496,13295501.042862829,1410503.2681230688,2447206225.2669764,72157467.88823867,0.75432477176937,3189.1596746067275,125.84265647960977,0.12206067377173743,8.658143893069392,0.2356400444596919,0.0
497,3925.822249173577,1802.7921161948445,741806.299955944,15258.468632894608,0.4284020398994956,3551.2387293810298,1.1050199802463896,2.2082846527529307,45.08142749357031,0.18733993291752263,0.0
498,38064299.94977726,7785478.975025882,2650495272.348599,144061000.38951898,0.40134896371856854,3887.3424148749914,6.228538374538671,2.1457305417852726,41.24599870615856,0.14778597757842002,0.0
499,37540482.611656465,7460336.004222256,2784798311.404696,146803267.37893748,0.6944053874665249,3549.5760203078858,7.03285617177149,0.10782632135068511,7.5170485832525715,0.156036710712671,0.0
0,2829.1145781204186,351.7740571903872,1153011.6595658795,18306.47663982637,0.6892669768778321,3826.0274445836603,0.7519835773870853,0.1154169602238662,8.038623705641921,0.04024108282426169,0.0
1,3827236720.264734,1055082255.1012805,70240824258.18767,9353075390.77084,0.6880307734721157,769.4872922614226,138.38202396544875,0.7952680706522115,19.68429495816642,0.0722686003585896,0.0
2,1940521.6285839796,495083.48337433534,57435391.30703757,5461724.313337085,0.6162143904147164,4095.2048136390713,2.701901923740561,0.11811083151591503,8.61010025315168,0.048799546075576565,0.0
3,147103365.79669178,80197436.10149255,7270674628.203097,398830626.09766275,0.6739255631488634,3695.538033888579,7.9610501450086355,0.21478561243707892,14.521344467817963,0.2044622439172929,0.0
4,18051.118777567153,4625.565221790786,2237117.1434367024,69111.5526548228,0.6420728204385756,3469.384823332464,0.9562733840452019,0.03682165725895521,2.585670482659661,0.3685785914169819,0.0
5,18436434.50014748,4759761.21075082,337737006.1532985,46034581.538001224,0.7128239752777581,4257.631257701669,6.57969780809414,0.10740839211974337,7.752815485297631,0.1789816287377581,0.0
6,15187.751581900564,2110.432854850089,2002037.2128885004,69498.91538692862,0.3992894799793576,3981.1587815792536,1.013253102797916,1.516672195618153,32.83192063536358,0.24878514747654953,0.0
7,1420273.8006994647,167528.41387997146,166899169.5720167,6608467.06299409,0.7117517349432454,4119.9519550532195,2.356837404266091,0.08543608356796976,5.932345100575968,0.1886393158844911,0.0
8,9468225.186403591,664611.6463254006,2531040328.848139,59658857.53704214,0.6444014867245963,3820.2786221127267,6.378674812143291,0.7280558251707603,14.694672662700873,0.4569290601020218,0.0
9,18113.719397245626,7980.615786100554,2036277.1899958756,59396.21679828935,0.639587439609374,3529.619515375942,2.2993890854079106,0.7677343367977557,17.164022612181768,0.315097999431918,0.0
10,14425692.088864222,1172700.2679383159,2581627728.80533,80083470.69389704,0.5869824094003879,2585.1844766876366,65.556346293329,2.2360334528272903,47.458022387382236,0.19503593846141373,0.0
11,224929693.3210314,32032864.66745184,20104359362.595284,949192424.4442418,0.7170327402994217,3782.212769235211,9.1228443779583,0.14899405936213644,10.367299240200456,0.2033583888435253,0.0
12,53936835.61265956,7238010.660221268,6700759411.618979,246437703.47433782,0.6195468663507754,3804.9008784307925,4.725213642887868,0.108744652765506,7.806918846706049,0.2436497540713999,0.0
13,114503.88149524809,53645.02612037594,3711564.0829127207,255878.3712387144,0.6909974854715915,3310.801389559754,6.649941210100521,0.17919876651540206,13.402937719410252,0.28462498262326896,0.0
14,21193575.395575438,2002225.2746089785,4201396045.2357583,117885704.77483928,0.7304233734349379,3135.6151034896006,111.15555871347014,0.04261486025754184,3.287305814057889,0.2205975093309809,0.0
15,3993818.941570637,960479.8321055088,109122837.0531896,11035383.680738643,0.6862820156475407,3532.4909505701753,6.9616109158487225,0.11330637434839153,8.2912507887828,0.04854889529762371,0.0
16,10652777.883043168,4659369.658665551,203044847.98397297,23106887.489662282,0.6082088988219527,3789.855434210113,2.3393397653861623,0.16367932323596096,11.78929028084116,0.14911200595940802,0.0
17,30687.893109432363,25350.307393118557,1997762.5237847522,69004.38531548965,0.6519253570654893,3516.894682739904,2.0336535780696754,0.7665355125878829,17.366342033702836,0.2849602881957147,0.0
18,16248183.142172506,3616539.3321682466,600088934.9969463,49483853.624155685,0.6486198103717801,3622.2976789787126,7.529967039672692,0.08915401850833585,6.4864767002621635,0.25646540109314797,0.0
19,3526965.058155881,674942.9023260683,289836161.0937129,13866357.427773103,0.7493357990538277,3672.18910675551,9.38762615670957,0.027296418082041106,1.8975588959541767,0.08076569541690522,0.0
20,45628503.63984226,4246745.36812081,7028069733.965732,237487815.70083708,0.6256342443935575,3720.401818539709,3.2081700534489395,0.1200338971318855,8.57161187182996,0.22202292336589158,0.0
21,6381172.574744576,942634.573359409,900767895.9891768,29884784.273357294,0.492606096429337,3388.7426950451463,9.558620047947828,1.4922219424070013,31.916255454827297,0.3616690952383217,0.0
22,12265899.967328414,1542630.0511794963,880860904.732579,50208945.83755158,0.7189055270977162,3462.749122205906,5.860044986360295,0.13743868977262874,9.81017442712006,0.17271424548205358,0.0
23,9246885.300961012,909468.849713273,1183836555.6003141,45444588.4495376,0.6833881893131347,3819.843859254892,11.03280388929798,0.03212170529915559,2.3005466669680485,0.11139273221849091,0.0
24,5475499.583661805,1040187.8473145511,212070713.1871376,17714996.392050654,0.6333938420455175,3855.481068665791,4.664487262642449,0.17500817513346884,12.522979023489896,0.1196880487019703,0.0
25,46497.571714206984,8499.537474945153,7250015.991915664,209521.19339990307,0.734439186280162,3746.6207128856868,3.1908622696890374,0.09760615369871059,6.628234047540867,0.2708647952936194,0.0
26,644809.1391049237,57717.96461700633,85441341.65359639,3234493.322484494,0.5108744475688266,3872.7156052023365,5.814044504947294,1.595602817616386,39.133704991211296,0.3040085426909722,0.0
27,96989799.85503712,12070540.082626823,6552882232.821338,393248308.296115,0.6010275308246936,3276.4943149961327,12.895677198024389,0.8300712408112172,21.971922032070143,0.09022963042819969,0.0
28,22096315.188313216,3959323.897672919,1156468030.6644874,78404540.05955666,0.6956438775221667,3649.2346076679914,14.90682122684057,0.10525638652162676,7.770034166796501,0.25633254057146576,0.0
29,8546768.673557164,747420.1097693702,1602005274.9551656,47478188.80753147,0.526878590408095,2942.5992375342357,27.098378555574115,1.5098510599937143,33.13954252098506,0.22086759714393037,0.0
30,3202.408161845261,596.1970704489995,993341.9917847436,17454.748312729593,0.6221315357441679,3370.57447396238,0.3442645575812011,0.013664491456689465,0.9903025465146129,0.39757669861660616,0.0
31,9805.579921751996,1708.3007940163266,2173225.192162986,49366.70525769198,0.6625034215475425,3760.9696173921902,1.5964774643492063,0.1425625472602639,9.980079823853965,0.34405731581010046,0.0
32,49493633.10532671,6535560.932485653,5060092758.658001,221566795.90888453,0.22472883170198252,3829.172111613978,10.586757663993714,3.4767147209489395,60.69956926795862,0.17462266428699383,0.0
33,21835994.787157882,4740804.478614463,1023824964.261514,69146549.68483707,0.6732653142752703,3655.2540962840058,9.94901387306601,0.18675855946668696,13.47227384060314,0.16217943906934695,0.0
34,9373.882615052527,2381.2385307357263,2252125.4282823717,47652.61105171045,0.7327898246877539,4024.6643678606806,1.4062327694244245,0.07273756769726107,5.319413542346607,0.3824956645020682,0.0
35,6487.222709400479,1809.2521776685685,1814074.8298593361,34542.00946460414,0.6722677389164289,3709.4237582932337,1.7939472757500738,0.7721290549492938,17.72694124965566,0.33351054294944893,0.0
36,6308554.465561191,1296357.2671588208,404246053.9750371,20744197.171357162,0.7429539161598465,3520.535357308997,17.864697584741105,0.10657424063502692,7.523950143317388,0.35064824597332317,0.0
37,5097264.637030108,494826.17904343316,915981341.383902,27263054.450305443,0.5049626596057502,3425.5962968221634,20.787897175075173,2.182907007517332,43.86381854227662,0.35944232821183947,0.0
38,134909741.5674586,14268890.83170956,16284814750.172083,648781845.6030279,0.6446146511610473,3725.163906401178,12.510679003974282,0.29536147103146115,19.349232273556595,0.14280248642364216,0.0
39,1250733.467185749,84003.82765435912,292212722.03669864,7636809.915939599,0.4696264336193906,3263.5077458101014,9.672701390393334,1.5351362793306516,34.30140389780286,0.3310122547277133,0.0
40,38659214.9133671,3375501.8424168294,6758828780.187857,211362762.91327935,0.7708061572883267,3293.5373602718837,600.2522932251024,0.13004605937357255,9.64666856070004,0.19530162779075586,0.0
41,42795313.66328472,5525441.031775648,4560130194.289659,193595365.38065186,0.674795902771134,3721.6319480096927,8.084137288466946,0.1581297775029311,11.083972507786402,0.21424227277300395,0.0
42,3204346.3981847567,452218.75035910273,304413380.60570085,13786243.948354345,0.7110082024906181,3773.430349622452,9.697918228611599,0.2398255765965855,16.725836170717336,0.3752956939408802,0.0
43,1154773.6780050006,350840.32121468993,69527014.89607945,3826497.763446428,0.6597875483394431,3954.2299640350775,1.178414179982065,0.0710347524969051,4.8994180668823715,0.29507403286319195,0.0
44,139898324.53950506,12158240.281397063,20429539655.0667,728781548.9952257,0.208574556126449,3888.4170522831873,4.798130917356122,4.090423136889877,67.07912626823706,0.164446591138951,0.0
45,8705.895000107226,2720.276356115006,1548989.6676913819,36118.65818446179,0.642754562906242,3635.7853425011226,1.3823975815874896,0.13163627939059247,9.072419392050382,0.21290406313444635,0.0
46,1535.9985774087622,448.1586372735645,571606.3353950067,8926.897465251079,0.4601629005841829,3980.1491011621547,0.8276409005926576,2.238707216208952,46.96764039894653,0.45812674906485795,0.0
47,28467291.106907643,9789582.12413152,995973062.6683404,78138544.28288874,0.7600320158823141,3646.883942351559,52.167769606571525,0.13027211250064905,9.662777213255165,0.06933636841513384,0.0
48,50129832.00638784,16062352.820529902,1343700668.667639,133754618.24663503,0.6194554632155647,3617.9043915852635,3.3562631871278903,0.06776897744620465,4.937312469947287,0.09475501752196071,0.0
49,18890.07103791005,9453.45764864813,2620530.638254789,69696.58685193627,0.7034684502066227,3567.4257287060764,1.2029435470955814,0.03902308341390315,2.888755664037434,0.3999332874840897,0.0
50,24046784.684655122,3108527.5671577347,1864421670.5547214,99701040.3829382,0.6316530174122503,3821.177401553531,6.215937335124965,0.12034331501101905,8.77182414523911,0.30178549448643754,0.0
51,5168.869621918194,802.6008778671943,1615839.1749676426,29889.009767190837,0.6746087539357302,3871.3476291843026,1.5530920675775917,0.12947985583023894,9.142504325430505,0.33425621639303627,0.0
52,684344.852699477,59240.215887634185,149976304.48662108,3988139.3489165665,0.4460269812540463,3423.53180107971,10.857501156192342,2.247568825990115,48.53889293852451,0.28005153497806917,0.0
53,46086.440681813096,14247.350494418046,6741790.063249754,195955.01817879942,0.6850028876833639,3423.004809395958,1.8033326149791424,0.7807614566927837,18.42689527956529,0.416914932218245,0.0
54,11560.556366087923,2204.745131050125,2634755.8022855194,58055.30219153095,0.6669174856333407,3631.270094220933,1.9613519423210206,0.15221845768640208,10.587050452490631,0.4752451638841893,0.0
55,2827054.885223575,1152113.821697087,23451939.148548458,5221417.20513869,0.638724760193031,3600.5190751590367,3.8426770209656005,0.12768211476624947,9.01485533271245,0.47235692667142387,0.0
56,2422.19451746946,575.2891248161737,868780.5381674158,13664.857115197923,0.5066348258256811,3407.2189811943504,1.0427469792867392,1.526792770791405,34.402069835218846,0.4184809820263479,0.0
57,19250511.23305599,2633321.7822913015,2351401889.0194993,89437076.33229032,0.7209553932816635,2771.926718416177,130.46116369562338,0.1559606190973767,10.932632519592094,0.05161275293439965,0.0
58,28416620.846294254,4529558.894066718,1291291178.5622034,98005008.23714235,0.6920818545356795,3424.8657974663506,14.569812088187124,0.13466519355643305,9.270804216963896,0.24695023279038608,0.0
59,7554824.536113953,513438.78009231517,2147268118.5796638,48792639.34188728,0.7281987026390468,3431.6327020370145,25.617009546055765,0.11432923995319397,8.120393174205798,0.3067805174599579,0.0
60,7287.617496222958,1041.55864760724,1922197.0234990653,38868.94568484612,0.6899691138312943,3920.0173207648877,1.396257599075879,0.08840707773495238,6.188588938346494,0.22297296470116548,0.0
61,29953.407633139625,9329.87873121183,3574757.5420339154,111216.73333918655,0.6883909816554032,3893.1093598960183,1.9712275598688387,0.20716007353324573,13.932753363301932,0.4221466471030227,0.0
62,50081708.9078576,12241736.019496582,4129136184.344201,187458933.78748426,0.6836318890172792,3720.8531667919165,5.781002694431575,0.16127940386148404,11.121275890886382,0.29915711093505665,0.0
63,7263767.671357718,931652.8841800529,701287033.0837407,31709847.333541296,0.47808565148667415,3530.618648576097,8.392040643258676,1.4215619609311476,26.808914542844644,0.18629298340552594,0.0
64,299776.9540580596,34989.527419044585,41890059.922712184,1438454.4717089548,0.680515974633851,4151.033759612688,2.491660434576526,0.16918631134416656,11.02863140384412,0.11775726251338006,0.0
65,27234667.65800681,3174436.5110051767,7943531318.4517765,161779560.96989906,0.5479506471895966,3221.2948712566813,61.13195583907386,1.3895953870696096,24.372003254785305,0.09654038251986048,0.0
66,200676178.71699494,60398052.75004266,5655537618.399032,541811889.4163635,0.7286999081854996,3653.9830657068765,10.391673315210802,0.11807885279818402,8.474298002535878,0.07292245900372928,0.0
67,19576852.19438006,1678306.141953854,4392454097.460013,113363835.70457844,0.739556028938549,3221.508591067766,73.23501650399581,0.13619502164450595,9.529335067096648,0.3303795136144305,0.0
68,2464.9049717223193,581.626656024021,853528.6606203349,13984.325566707997,0.43331433148836596,3518.214708237575,1.3362933441238147,2.1557271642349565,41.805575250052314,0.32947778122326554,0.0
69,401173.4019054292,99991.04750442905,26179606.121660043,1379129.3750223238,0.6942622038611319,3849.0076241323777,2.9631286129495242,0.103347557926881,7.057878650315779,0.15376479391094847,0.0
70,70777850.2545112,6440595.40758449,11750660762.27299,377189374.4067489,0.6014131889630251,3948.3870405685266,8.604478602124,0.21982993501131415,15.202574046494627,0.22588701606641365,0.0
71,69033795.50255993,15682639.432401914,4981289660.437315,248321455.28135672,0.7189288403996236,3616.68251305372,13.180860909617243,0.15012624235835278,9.979520532929637,0.19850793682453474,0.0
72,135558818.54974046,15859443.150661385,17923261656.24367,666906927.0770631,0.6385732977554173,3777.356244208394,5.460778037721461,0.16566805912745286,11.393924838427335,0.1323154351371309,0.0
73,5906990.170173691,629162.3448390347,533937590.429088,26366800.33495105,0.6979413555843859,3695.5235249720017,5.472361667216129,0.07250827798154065,4.99616671243748,0.15598099077939412,0.0
74,12686293.186630355,4792539.875586417,520503412.0559975,37620742.05388656,0.6787010725818521,3680.8478944429676,9.085005624547856,0.2397533734338242,16.949211608749554,0.2802290419911004,0.0
75,160331618.3595814,11266022.190671943,32940295507.750336,944603428.2052498,0.6734072581835766,3784.0218794836064,49.144466993052504,0.05471145831664037,4.1237432753158725,0.20728800321480523,0.0
76,4061261403.2983217,1643583671.9055882,54256968646.52586,7957656090.59583,0.6767433971523014,362.0125833271943,16.277817464057563,0.06774243218328753,5.017091856095869,0.25105337950448237,0.0
77,30785918.52854811,8188151.219483076,504264022.92296076,75109800.54634455,0.6861841044729668,3292.548614892197,21.38554876605725,0.14897557410300202,10.571663135367002,0.25876285161201,0.0
78,15651.095470453269,2968.5979596319876,3336848.591818358,81625.10323905938,0.5927417741195634,3727.6322620571805,0.8662029149393561,0.12529826795906934,8.532228561313634,0.1816449713777914,0.0
79,160034.35607224476,121749.5616908283,3070660.581854306,283497.1230331199,0.37392430777729324,3602.066800538065,1.9760482986253787,2.8226810314508493,51.82231120881761,0.19784819495531564,0.0
80,2880658.1137066092,364553.52441199555,194342653.70187217,11585903.026270408,0.7370305040040006,3766.8243424118227,3.3490260441505932,0.0676120956510303,4.824182552304646,0.11370514915598788,0.0
81,4756.1549066579055,386.5148406493298,1567249.0310448988,30326.845735344512,0.5514178073840641,3844.634229366223,0.34983248514564147,0.08879863907487477,5.651422916650517,0.15766235715824975,0.0
82,14449237.740812179,1232446.0368468969,2149752614.3604608,76102426.25891992,0.7165933566041216,3552.906112650456,15.388530307928285,0.14110153999832367,9.776278536250398,0.10602220447219982,0.0
83,15895028.807767754,1521443.7583932024,4133581069.155505,95049934.08438313,0.7682849130751332,3013.7317045198133,86.98738430174282,0.051300612698646206,3.7235015008949772,0.2086638387531256,0.0
84,32737267.47774475,4912899.4033978805,2265059836.8423066,126902832.6749753,0.7755617603117573,3591.5287815426204,22.24899553362231,0.19328095142367782,13.695814375571956,0.2457645109420704,0.0
85,23142.938523307963,4737.960915580595,7884334.965722881,141384.88629360296,0.6956644951360603,3277.894291951218,5.636675360646962,0.2465949241253938,18.16161718978126,0.2555705177514935,0.0
86,11128.052155023175,2356.5430020488575,2594162.6138596474,56195.301557978906,0.6570935559699554,3787.2431327395243,1.3130953236653253,0.09396823435437893,6.703428710134034,0.21356550655628587,0.0
87,14116043.089565108,1434155.2056103477,1959750796.2544913,70746189.35503753,0.2913469160845276,4210.19304802852,3.093850283733883,4.041567701777899,63.98958296565568,0.21016411537262475,0.0
88,37298.461914695195,5334.6004757665705,4435583.520878869,155536.92347452618,0.6323957748427355,3815.5549333098156,1.771248468069994,0.7193816597044547,13.733752846964085,0.4486020200093671,0.0
89,29509139.365964096,3133738.9791591736,3714780680.856022,141747774.08330005,0.631219514136442,4457.501491077577,3.900798381626024,0.09477376685051438,6.7847959159688305,0.23450089948481065,0.0
90,26908.237728351123,8151.087366853333,2950881.521298098,99388.0192244197,0.662537846045205,3800.2180918943423,1.2502482782282534,0.04034748846533063,2.9194431956540483,0.3407240572537725,0.0
91,10048.176511662567,2612.1281536150077,1794646.3170349672,42155.54449297618,0.6279040958348288,3405.413604644217,0.7824477414967872,0.048662633915941014,3.272396121988018,0.514715799500387,0.0
92,34972972.52625895,4265937.892974183,4109061640.229329,160320044.75149375,0.6334759378003169,3315.127389982635,23.094538072162788,0.16032368142399225,11.069096626142732,0.21145760440747088,0.0
93,13586.206383412917,2812.240995414748,2278379.6011953102,59136.57583389041,0.7434323349900418,3529.5567123826804,2.6420146130123285,0.08257802071318263,6.154031071003034,0.5066469019230736,0.0
94,10209.553989387283,3303.6933331635373,2117828.89916552,47145.48645633758,0.6624971754249938,3556.721069236953,1.779543506636159,0.16358885251208033,11.374890109406554,0.32624037301789227,0.0
95,19435.1926579466,2004.810931167603,5017569.947662443,111798.31957105696,0.7087956045187601,4012.8477389445743,2.8350102702651094,0.07864476251998731,5.62662712629903,0.21536440347244584,0.0
96,37364316.29265848,7987946.584664414,1265024152.5160742,114797096.33024657,0.7011459087367118,3503.36383022886,7.793541351369544,0.08763789336903863,6.3687625036605695,0.33622423563067183,0.0
97,21705058.362544842,1799125.315549861,3709239537.302686,119103685.77574492,0.6688906180075449,3972.3704825725927,6.175195455006253,0.09804574832235566,7.0996354184952795,0.21639656514462524,0.0
98,19781033.719915252,5115186.475142839,311311254.9602704,48843248.36692144,0.7001635903892428,3429.726559674971,4.528379954524667,0.11784918325378921,8.312089505154834,0.21431331522425492,0.0
99,16801.358654903444,1435.097339540419,5002954.333625316,102278.85261605452,0.6221602369487755,3635.7340113615574,1.1791318356505058,0.1487124316576609,9.664457899247214,0.2339273899021287,0.0
100,6065.043770012015,1331.9934208395775,1305739.4407476601,28757.20037619015,0.6810891861623555,3575.3062840342764,0.8619379884980345,0.05672327985993295,4.0864106118002805,0.22131586835311823,0.0
101,31480.035070129194,19590.559190415228,2256275.062141749,79482.32993229516,0.6532221225486572,3598.4661879545215,0.603534222838363,0.013728450490824783,0.9811555259583272,0.2853484555967886,0.0
102,4291298.493755115,944305.2368399983,169449568.688977,13221906.873561388,0.7361246623358197,3580.095033628605,8.867301999737757,0.12739721337202753,8.896440309585923,0.2590752408169326,0.0
103,21217184.445806243,2211090.4216132825,4847970217.842264,124944768.05701725,0.6651031219964365,3240.899161141367,85.43682647725736,0.7679321289931049,17.19727791775582,0.30797081112413144,0.0
104,2286159.49078432,388767.53538119316,90643135.08978608,7611074.211909883,0.6267829166491837,3750.808312727,10.512861116280869,1.4962773966384675,32.082361047290306,0.05108384724371112,0.0
105,8979198.930818949,670558.752197571,1760213833.1426384,51870107.79658479,0.09950116296262265,3796.2973995405478,5.778320797861428,5.507661297756444,93.65300635691055,0.26608913448438193,0.0
106,8040908.954702142,630409.3134390332,1787406214.2857518,47697711.25895092,0.7321318786324367,3723.592399848555,31.23996940343037,0.09723559825436237,7.252323545010275,0.2466091686992972,0.0
107,27533.699838143344,7568.205042924865,2456462.2667044164,94239.16469768286,0.6703534159470708,3594.346254884603,2.0077356553737618,0.16166581962155852,11.449320930611782,0.4082850620644564,0.0
108,13562779.071547056,1332124.8850879534,1962524777.5752873,68637364.62796701,0.6123202721977992,3814.302171866819,3.874200701408517,0.05088607310980038,3.7700166365479744,0.215036111175732,0.0
109,76553320.53897688,16425332.187950876,6697452271.488676,303259862.60862476,0.671027443399982,3363.7599298595064,2.842404549342787,0.032155000264681634,2.2436616493971284,0.043008317798011016,0.0
110,19678.804394899922,14845.563042131302,1446827.6783316373,47769.05728996764,0.6817912012031436,3702.9525922478847,1.5246972245316988,0.1546460409441866,10.622375350591769,0.37071877975523937,0.0
111,3111344.1441802145,1132783.1376092802,73403368.87944612,7654937.969371369,0.6227859081040084,3718.540724898692,6.402137375816024,0.08272345389726743,5.900198247285748,0.06665337334088274,0.0
112,355.63990282659125,15.056666567221324,264764.83734192187,3133.2209945341915,0.10540720867983999,4086.9779697808117,0.4526886000868341,3.8842828219937773,53.12053140276843,0.33835017225461284,0.0
113,31180.866037359003,11425.522209338578,1385097.4412528775,77308.52311609453,0.550600318462108,3392.757729484876,2.620342147295308,1.4683132244991994,30.194311846604943,0.18804990121813966,0.0
114,28587393.06557543,4933480.112726512,2191909215.453717,111374985.75505686,0.6392268400515232,3636.0943401916265,4.514336476311239,0.18666321711314698,12.836830913429647,0.06777995097823333,0.0
115,33952.61387240199,9686.687360986976,2438177.1785977064,114379.51063695826,0.4021241934950218,3825.716947143835,1.2862520313585233,1.5565019893016365,35.99365124803085,0.5487971916978883,0.0
116,26135813.458952226,15506415.494035289,1195548177.6532826,63908816.8651304,0.7711452359026888,3094.3480845241334,73.03726501075332,0.04360621313521777,3.253645344227374,0.25502888059316886,0.0
117,13938836.79774482,1070909.4819176237,2835407248.280095,80466993.776557,0.7179614364525637,3030.526312842894,58.395686058212796,0.08972303057626822,6.52407131773821,0.20452282190137433,0.0
118,14309908.189683333,5844251.650290511,86195589.89759228,26003606.678767487,0.11786351436613245,3700.075566927967,4.431310666315321,5.482773486570252,91.75569744684056,0.10874408644144626,0.0
119,41900731.71182215,4478970.979009382,6345048084.292722,212187511.5993161,0.6509149357152201,3466.0943261711573,10.08646485682497,0.08632119983878281,5.981247029388453,0.24460155431464284,0.0
120,1536284.4217530447,253778.94590257775,75668433.1769134,5413273.771969557,0.7386953316776965,3470.8479781127435,6.822039012412135,0.16996855696006524,12.440602830238863,0.11863528846434705,0.0
121,1088674.623713073,142550.17317377822,281547066.94799423,6511102.453740022,0.687285980550125,3544.3906658486508,8.63141817633523,0.08003827272009642,5.63742374151033,0.17621252229055545,0.0
122,8762.787909680086,1676.347002055197,2053574.527545036,44797.25487929215,0.6821289972111879,3794.8882270992476,1.0329018698241392,0.10225571735989032,6.728778421305814,0.11892811737964042,0.0
123,19173704.444527645,3280316.455591283,1032018187.4273434,68756904.9433453,0.6117894488556102,3727.5638096379034,2.955690617215922,0.12386027333885244,8.420631092234178,0.04039790909428615,0.0
124,7356.10700674257,3610.4749091617186,1374664.8246944125,29516.306337947295,0.6498170585147898,3583.9427744088853,1.2747207844372885,0.1318779809972704,9.487685466247111,0.05140223627748836,0.0
125,136063.0304418265,16253.755413655326,13437217.88604651,591985.446988635,0.6504679094669219,4265.648925270644,1.40256679074363,0.08326155817182039,5.3104156211137745,0.37585812023804,0.0
126,2645227.116908381,418237.2041837424,115274781.14289448,9224414.72024137,0.1666847937443985,3013.7794095261934,9.23280110588199,4.1604585821021915,72.41920197905499,0.0683804847716258,0.0
127,62811343.01462457,22181922.93789337,3118161597.89091,190641291.58538067,0.7840988566188544,3884.7254754270784,6.239773308503502,0.1439462355984494,10.252519946345796,0.18159528669995306,0.0
128,20000083.225823127,2503059.856133103,2105856021.4811826,90223177.47289059,0.6306014316006378,4042.74912769265,3.802634329311346,0.12558736500724627,8.717390827123161,0.14817063534263616,0.0
129,55933.88575491068,7510.831386403035,6877994.129507211,245645.01493261947,0.7122802508135695,3654.025082968555,2.200784414535587,0.04839200470771292,3.4602271749530047,0.19689621998324092,0.0
130,166179820.74823007,29772957.174679197,9335165603.828838,592945322.7821505,0.7269556457336093,3784.9245076536386,11.172032842464786,0.17415962814091665,12.61681513555841,0.20508878773296002,0.0
131,29676.939788313804,2826.9086815588767,6058210.533573746,158868.17961934587,0.6227004644909752,4174.301265533692,2.337800871998734,0.7576947522231283,16.632382286782242,0.3118506753681823,0.0
132,57346402.67410469,8823684.992894735,6175275818.045363,249926818.49677485,0.6338015679637665,3856.619616867296,4.700594260916742,0.09482440324762562,6.901919696443921,0.18175204054335192,0.0
133,17237843.469513975,1450929.27894632,3885609890.7521987,100814747.2920798,0.7096719273899526,3174.624667567548,76.97913543466521,0.07918883296109343,5.6985069003207,0.32359722111619077,0.0
134,5227659.359413828,623645.4171842748,602662127.3611228,23419965.433764927,0.5731310775927854,3675.83574962468,16.07259032389157,1.5313901113322408,34.55938870687982,0.29150470371970316,0.0
135,14641988.630538687,789614.6808621578,5630236044.833757,105484237.10131682,0.5239882528841102,3560.828262337169,46.52228217989716,1.5827126919726155,38.096857591806156,0.4115543980339556,0.0
136,60935296.905171394,8507516.976781,4062526612.182688,241681602.05598077,0.7276368925272751,3128.311393298668,78.69976096317387,0.1306712327152318,9.465270065315003,0.03669254937102369,0.0
137,12153350.44637848,2511895.7397658187,858160893.7112124,44700154.409695804,0.7227796552723504,3942.6632540858163,3.7717997805114134,0.15011390800930516,10.9308437577887,0.20281295799933186,0.0
138,18025420.071710553,1294999.1248505884,3752759648.9367647,106075816.86254928,0.7711595389531251,3901.7418495065417,27.42751380181542,0.035085610296198146,2.4690858199814927,0.22598470622707928,0.0
139,23632.728096014365,4607.761909201992,3317478.323920525,98246.16147919439,0.7336954297902516,4039.0243841690144,1.2432523027719802,0.07898643316021899,5.750452916773282,0.2483019699941521,0.0
140,288155890.9400085,69560682.82552913,21478113340.28437,1034208463.5849403,0.7742717383105601,3625.2432868920805,223.53245789892327,0.10513015572210183,7.782339975180539,0.3718606524897289,0.0
141,13151.75527005762,4012.0460280155007,655643.4912174476,36500.956047553766,0.09384552041824447,3992.2333933026794,0.8643984098102404,5.453596428099801,89.45756193319559,0.3669285486667698,0.0
142,1504491.5532991507,703998.6576066816,57936958.403028786,4134907.1078888783,0.6678067590443898,3474.9615091938485,2.6716389106863323,0.18345657537452062,11.900014277885209,0.11378823954347872,0.0
143,8956522.059587732,797302.4239791493,1208446277.3263154,45593702.68271448,0.5746043751886948,3248.1611812124424,13.177884213622292,1.5596311287938278,36.656866558924285,0.29440064676135486,0.0
144,4673581.885767652,971033.1876489256,286977626.66191244,16524406.114562064,0.6494535432647386,3886.3998169960923,2.79282688058098,0.05091619527764797,3.6692501790387424,0.10083877913561358,0.0
145,61276655.78639829,11794240.030452948,6347245312.994542,255310445.2028068,0.6607229802087742,3533.4790179301713,4.476808221674959,0.13537465029508838,8.93051162519112,0.16367935273909848,0.0
146,3925.469699369155,867.4467334946218,1295649.7618120438,22437.241369566415,0.700085428613623,3611.7522277704215,0.9903622022795209,0.12174219104123081,8.388933991460048,0.4450264384694815,0.0
147,114613642.08968596,14034191.128433451,15276343857.665716,552021651.6534269,0.6376720072579863,3654.2299102162356,5.016215844211337,0.17985270501926715,11.978962170803609,0.16216008801535287,0.0
148,140203.16424669058,63940.73560099614,9916364.62535912,423878.1671401687,0.7659947074050417,3363.7797992720325,2.633620667133755,0.09851356240377793,7.102432828507419,0.25117244665015526,0.0
149,2774042.631191318,311889.43509333994,317194058.6506486,12990540.778416667,0.6522903738841956,3955.20382765451,4.287477374553502,0.8580353041361469,22.77365347965972,0.1775127423979735,0.0
150,6258437.212684897,501821.2483729369,1258365021.3425808,35880430.33759106,0.7230332370622284,3380.4662764666773,59.23517481060499,0.2702320792508832,19.705369581578214,0.14820831667583753,0.0
151,2058.3864377548534,937.3583099226031,483946.3892236367,9376.440388886873,0.27316612268668045,3850.193772936639,0.789042091014603,3.383444096750428,54.1832504269934,0.2607359333752713,0.0
152,10836743.1995964,1118924.6384497005,1579462762.7700412,54405736.50797387,0.618044452161157,3751.290622835494,18.299678749932507,0.825972469807656,21.1861457753645,0.09562181248178814,0.0
153,647743.3408149977,72610.03412616698,64108908.253246546,2904860.422656638,0.6558866589255816,3592.6597903561305,6.205247389276409,0.14660995476673913,10.843165840361747,0.19361492782781178,0.0
154,383660.99010723777,37012.96361438161,73191620.37357564,2034975.6116853755,0.5860635045193641,3701.360787992319,0.953470214293359,0.06265075199898647,4.608357582578158,0.29885125587836436,0.0
155,22937333.559816096,4168931.194604803,1330081834.4537296,83526355.0359398,0.6256346378358041,3646.444519504211,3.5100797143702755,0.11240220415516947,7.720344409117102,0.16046631153479585,0.0
156,11833330.886968035,1677399.1308360642,895914665.1597303,47773181.575680695,0.25211773648204494,4190.321528425773,3.536813966543492,4.185669756646024,74.01426395154367,0.23230350208234354,0.0
157,85663.38805992444,27351.078917148756,5347058.011283634,274022.4622256368,0.5297758569805975,4135.9236443027585,2.774146865047752,1.5596817677448638,36.348463789169756,0.2557375185135438,0.0
158,15686362.685981963,1378056.8730077988,2463770364.8857603,82478919.97453997,0.6711711855233788,4355.6562991264755,4.50989210818947,0.18374822953610687,12.380075273959621,0.17924944356678849,0.0
159,10536141.693513874,783178.5980545797,2564205055.371688,64140248.96094684,0.5533553193931378,3564.2592627617946,14.587144368227479,1.5627212220128577,36.54435379834062,0.3042304211113687,0.0
160,16599275.880421896,1519250.7141056666,3138881043.098788,90475652.66529234,0.7215037086230737,3645.328097363756,12.660602589604924,0.15368287166818,10.934362365029553,0.12119305903919893,0.0
161,123164.29308240037,15852.362519738392,13883216.737748256,544968.1248300999,0.6772716965401858,3948.854395491779,3.4221739891490643,0.2636645790575079,18.346805392625402,0.07382267557017899,0.0
162,6263897.8130721925,650671.5508289483,712688910.436542,29758537.76533574,0.7320177121046807,2593.5825644798506,44.536769379943195,0.09745311851500035,6.922617475031226,0.15026152742983018,0.0
163,50009471.43349986,10408942.609364953,1401991878.9746766,147135775.94112608,0.707847219266819,3330.3098989616874,13.740025004332782,0.0849482826636276,6.2850633476605795,0.3802547519699075,0.0
164,2582.331576198893,283.8566283877564,972677.159469552,16121.432811310267,0.41918364508298805,3731.0177480471407,0.9145047080929313,1.5333816747091682,34.49190405448278,0.40658617999099356,0.0
165,24466664.339159045,5956024.303703646,3888788607.5167146,112573367.79848301,0.7001276943277267,2784.563724917406,177.04751571943737,0.23884903554716982,16.673708887281045,0.2629065434736585,0.0
166,127281638.9957062,9566775.726386037,22671001472.262657,715525079.5838549,0.6555353599344219,3904.071597541095,22.938709790686485,0.0676507692358224,4.597733221955261,0.14279387375774943,0.0
167,3436.9647339350886,245.27606731829846,1213334.7206922395,22743.050926620832,0.46856859855373073,3735.8699653461235,0.939804745995072,1.4776717658470921,30.776697586438,0.3296888955170981,0.0
168,4144124.369849303,1521020.96018866,156302797.75674945,10094523.091485856,0.48044197780621295,3605.7657405951586,7.5352424838724525,1.4889908620129622,31.226779887304996,0.2327968166027397,0.0
169,7797.417311977898,2541.9421289602733,1342675.1805348753,30950.016291834057,0.6645588122887299,3573.942241110126,1.81012858535159,0.12321098739482075,9.054500575903983,0.2957966650042542,0.0
170,3731669.0697450116,823863.5122429279,324111154.619506,12933849.74504373,0.7383917273655871,4007.078333639807,9.244238239123629,0.10440693125141473,7.122165592667367,0.2733122218200486,0.0
171,14319312.3525671,2784286.7600726928,955761349.5197643,53636493.4914326,0.6499124773503255,3556.135549872131,3.5789368994019624,0.08802278370324501,6.307510058269671,0.24087711691658817,0.0
172,2569537.3689469867,773990.5401477014,31853908.615546726,5740378.788222433,0.7370159042790638,3646.582528585024,4.884290014665812,0.10046041749597574,7.206799597732825,0.13891004100872284,0.0
173,3954014.907485853,677890.754140086,226968308.1245912,14259228.611389095,0.6478615715522902,3811.4179752224727,2.794488262535028,0.09410869455583679,6.623333677270186,0.20130877329217126,0.0
174,64407310.02884398,7173734.275957813,5645239431.300141,284270425.68636334,0.6718530517334153,3880.9661481220064,7.991610082962727,0.7751075619676258,18.175288819033703,0.13162033633053852,0.0
175,29494765.206240993,3947523.147563397,1800361882.0837932,114557472.91693687,0.760364623831592,3568.341487377642,43.82573471385958,0.08969733872508749,6.561507037360286,0.07204547722956216,0.0
176,219556.8920272012,126531.77938905454,2404981.44076944,350016.66933068435,0.45480655261930353,3117.118390490974,2.994293768321501,2.076181236353105,35.939663648547096,0.3673864586873826,0.0
177,13016101.34052428,905898.8328257834,2770893983.1282954,77461216.43597153,0.712926407267317,3783.166666666519,9.13700073758174,0.041779136261488506,3.005679138182063,0.21542266779887448,0.0
178,11530592.837003697,1120644.8322199348,2455317897.578645,64274779.460663415,0.735011239982336,3272.74421372493,26.391912397139482,0.15493725863635976,11.101549459490247,0.36092510562897745,0.0
179,14270.369567846228,4084.250748912772,2704826.3700039242,63064.18556083141,0.6297071344832723,3375.8570309978063,1.7740560196951973,0.08133183455551692,5.478039841468908,0.4656979131646936,0.0
180,7392.923390320773,1726.6681500196428,1928441.9140476945,38470.7307423092,0.6612851057484989,3662.2242991688177,1.2740017584177874,0.07972057840653264,5.587375572866608,0.331392714066232,0.0
181,14703118.826977069,2135861.4193802658,1597349185.7811522,64482598.79649083,0.7144000782520441,3809.8863418715764,25.84300924424347,0.18031340549394487,12.114463837935425,0.1458036399652383,0.0
182,8386711.033151108,708756.6877757235,1454502567.9444714,45970268.546932265,0.5375551919793775,3140.406635839672,70.23041913781586,1.4890741426346357,31.655704598848093,0.217651234392993,0.0
183,25169.205933594843,2899.803228210788,4614097.7461072225,125139.70986400926,0.6410190084095865,3898.581874948379,1.8420362755292317,0.11711883471038095,7.4875747327086986,0.24459356470253402,0.0
184,903.7246043068168,63.549493118345254,507461.50838851323,6912.827850203263,0.28524913738972146,4011.7241311901685,0.6629773912765939,4.080831159927519,66.686269380043,0.49136743435494873,0.0
185,42792805.70890723,5525437.969930304,4561880751.322283,193572087.18031344,0.7142078787964112,3753.7020839582083,4.8394999979768425,0.07524900196030782,5.237986423489929,0.13526385574850786,0.0
186,98069739.35617381,36310229.28791041,6887958229.041201,268431892.49534637,0.7197646591359088,3150.7463392818763,129.24053412891362,0.1142572748627182,8.15619397350533,0.4000296584040813,0.0
187,53655507.75384603,7635816.852359804,3389175440.2127504,205362003.56066298,0.7274072848677109,3304.9763116333256,96.63996393133242,0.1654113970895394,11.91010968879526,0.24692244218206005,0.0
188,5706175.805807604,587111.1606049597,760388503.210388,28182361.448814966,0.7495192528407764,3585.682067990143,8.297200753418931,0.07507681898374381,5.473061403431593,0.20037006370501828,0.0
189,357706.17706226395,171984.5912357018,8397025.643333828,725814.7962620968,0.6717286065331974,3557.3701545359145,5.076881040693054,0.048359423698286365,3.4364355085937417,0.5244766211756271,0.0
190,774777400.5818317,131543069.40044475,29801998186.533947,2581622049.8616905,0.7304559532948403,2327.003418942919,224.70859179157975,0.15608775616405665,11.092111956131253,0.1891246193942348,0.0
191,5253034.598209444,747302.8069468087,605308036.3775296,24067660.89888426,0.7584013089091047,3454.1167735923755,24.521970872657672,0.15782309771599703,10.740264698967765,0.25336979480738653,0.0
192,8428732.511331316,1186720.910205877,565801182.7594397,33406898.121249504,0.6214974053016838,3991.0235266569116,3.073582612937327,0.1143474582294873,7.663826026235948,0.1318803958965709,0.0
193,4070352.2121984423,492465.0240574006,387948928.6331995,18009103.437328767,0.7762829461800399,2880.7514391140016,19.303911679915522,0.8378752965205489,21.967768882432882,0.19457230460977615,0.0
194,3011.3488873968454,501.65902328312796,620845.8111857595,15247.93617093286,0.07992208072450659,4017.992176177075,0.9476935227513928,5.410076335409459,87.09065628781833,0.330589053141078,0.0
195,48646946.57708432,6871320.705795459,2680214383.6602182,181946961.875588,0.7085215914560127,3854.6496552972712,6.165338863765003,0.06913554108664419,5.126713246997741,0.24659966362747687,0.0
196,9304668.311436731,3759576.6226658104,433438364.6115692,26489571.301287465,0.5810175544712786,4148.801323360205,2.435421676217748,0.1384473053018315,9.368816564403923,0.1774359497147719,0.0
197,30061.223844016095,4957.023366673495,4266497.436945491,129221.26992435937,0.6692509544122098,3854.5776663976867,1.268877345283159,0.7733703608019621,17.534942784555632,0.2774558746561068,0.0
198,1764922330.4941711,308408036.04037106,134106674608.962,6766124014.77169,0.6281109141961883,1138.1268600295402,13.103898713866096,0.24646732700969834,17.040164901789026,0.08599040405090172,0.0
199,11049528.563794162,867756.8905860608,3421720135.378394,72227760.33810781,0.7372501736368838,3428.600072661923,17.523978183484072,0.1113340752032154,7.9729857889216165,0.3169756095340825,0.0
200,86460429.05345686,8499979.16876273,12625875981.343634,434991233.40243596,0.7026750447640595,3962.211429871304,20.12130842078779,0.1720258519994414,12.203532284360227,0.26255367817091085,0.0
201,20017.241449434096,5309.649774042171,2228640.061894443,76589.14951142413,0.6278558246689003,4139.0129877241925,1.2404268298587091,0.30068105984492616,19.716310159320575,0.28100305830131017,0.0
202,732507.1194167889,59105.53320784768,122596774.98989534,3986288.450492212,0.6978919505480581,3791.267143040942,4.787034651523847,0.1584742230856344,10.562049261069264,0.21316093358339747,0.0
203,140680.43334543734,41112.35235972573,10633780.981312947,516980.8069643198,0.5880808316923009,4067.9769207831346,2.5019178003644345,0.7545409818948341,16.36752854456364,0.2615299187115596,0.0
204,5621831.64908561,685770.0836704151,521271018.42224836,24662130.4913912,0.8100275535909006,2904.9836095069204,40.331139338568825,0.11679217783369573,8.596864129336087,0.12194890222996341,0.0
205,3363.825320968055,619.0132007664348,1109939.1944986794,19191.774490278855,0.6520487146728807,3596.303157605016,0.7790026712506305,0.09925529349698001,6.945738109234581,0.23295769570361183,0.0
206,4081098.9309607646,555148.7443345427,384195755.7817688,17254179.262185104,0.71513434480009,4027.3577752603533,6.224453621339206,0.14364181126539083,10.053226673001179,0.43627471711914945,0.0
207,4411165.900300516,459575.4764725142,740813196.9781611,23053048.965323023,0.7183805927529194,3776.4660772505017,9.564126432949072,0.06043527233571089,4.420047540327365,0.25893378915288623,0.0
208,10068957.774801154,996606.1236003602,1439272988.5367594,51002537.66644858,0.6762199732562951,3467.577640204542,18.19744937955797,0.9136770796159592,26.907245646630134,0.11625375728576683,0.0
209,1517187.9141299953,175244.74105060357,399960323.0806638,9173247.03037263,0.46896403561787886,4162.015788752723,7.372631927834448,2.088715955493187,37.0460926514939,0.36234697306838515,0.0
210,4809.911230862384,1499.6554899193181,1235085.3241858906,23728.719948653055,0.6702544987533217,3310.9633545298925,0.7813520120934454,0.09761713735680208,6.914126408165925,0.17120721692935117,0.0
211,31601.3308517717,5089.790802827195,5341799.030722352,145888.33688263973,0.6927784498393278,3751.749340126069,2.3726395649502154,0.12623054510017626,8.36919982979669,0.04282966813481345,0.0
212,12043111.160372412,1231947.9998329894,1439707011.0548816,57956775.94693538,0.6827455755814373,3939.5781474467076,24.475247466564248,0.17405614552202406,11.75817979746875,0.18075832224122568,0.0
213,2538927.7967726355,661899.1384069817,211250876.2062869,9425939.023414765,0.6626636758173496,3668.9945705050195,4.674258048191489,0.14325134817625243,10.061683734623049,0.32466064673393835,0.0
214,1338569.3986930554,103440.59251336312,303460323.49122226,7920440.221920878,0.6347000929154657,3570.543701724907,7.3754378025188965,0.7894784677910424,19.04879819509275,0.2598369094947841,0.0
215,16932294.127670433,1623198.3914071717,3028511997.715129,90922717.81944823,0.2136210221780543,2878.5040430637196,82.73962933828984,4.218724960631308,76.85269453756105,0.3587215445242246,0.0
216,1303413.175219362,253636.8686753523,115177208.13649003,5075341.385326131,0.5724592440319304,3996.012274284519,2.1728626429163382,0.7560931566603839,16.541454058811226,0.18006686019509024,0.0
217,4506402.997774304,623775.0780656756,272881491.23824537,17413399.82966449,0.10615958072193865,2563.739111107904,9.700613550435017,4.146365343132244,71.44445023013563,0.12332354737358046,0.0
218,3075.0581081737046,293.9981588184661,1231546.7559701372,20026.89164180888,0.6937974272612604,4126.752319454368,1.104508790158862,0.16648249640375096,11.620999009334675,0.19450380210983126,0.0
219,4203.3323204940325,805.646273651572,1149909.8340845157,21803.5591210668,0.6443818127146372,3550.443018507148,0.5935231366352547,0.043448119545139274,3.0237657704990353,0.3018865535423284,0.0
220,15071602.194396472,2842748.0000025355,1579171384.8165898,61146716.63444728,0.7834832772777214,3124.209888444195,102.70143128248813,0.16169219056889544,11.50318115048308,0.20545256257828198,0.0
221,3789.8312289176247,568.2153532981083,1395410.5226166216,23327.25482297886,0.71908409616396,3699.676333219561,1.2383011238322519,0.06596527050615278,4.810960314159784,0.1966583726659937,0.0
222,27597188.233035196,2787264.0356779913,3988921608.8942423,139806597.8516635,0.6970952066134463,3247.026239619998,85.19274112069965,0.037394242228379504,2.871275791099305,0.2510918513272763,0.0
223,2560.203288225655,1172.5724526392162,671991.590711918,11720.595354153342,0.49399289242599387,3509.2402751237078,0.9709618845151976,1.54852254042619,35.65034365288062,0.3943427539838486,0.0
224,2199349663.915695,983752317.7774818,14467928574.568583,3950778246.6282797,0.6762789819677189,437.01445130524826,12.120709695009479,0.08826805804437284,6.4827646618867805,0.26852625654517603,0.0
225,14616.979866854981,2519.6108311256603,2670764.3208568264,67838.98495748229,0.727601052162579,3680.379012454722,1.5988287390217473,0.04950390601169206,3.470536265315313,0.20791114597772067,0.0
226,40708105.79586035,7403025.823607315,1804154186.0021615,138340511.14031273,0.6874417200856465,3567.2353517970473,6.72279381047701,0.09566908859614509,6.328537840260137,0.18521598794779134,0.0
227,168168550.5972138,23035744.378928136,28658141062.48462,854539767.9509518,0.5795197604308986,3799.413962340011,3.1289810803616427,0.14552014204775876,9.944401084738514,0.17955290889612122,0.0
228,12786.260339806617,6250.288556243028,1633480.6878510055,42858.30128149761,0.6224363589588048,3506.921073736926,0.8410133298054655,0.04279517678091453,3.0326041298484983,0.24578966489044923,0.0
229,37449.31839129325,7321.834672403156,5708060.221029856,166734.98348266137,0.6415109197924453,3708.0585820065444,1.9081557524088337,0.058053360549826925,4.274467716107035,0.3502936773888131,0.0
230,9139019.867549526,2083721.8170471708,233747397.81193572,25223318.068808656,0.26692748350388285,4321.878853207024,3.4081209625865734,3.4216759111735913,57.356032016172534,0.1883198603228208,0.0
231,285595.8855026154,112260.31415582793,8366237.641154051,701320.2642890705,0.6887031597222332,3540.14013875164,3.1250117889826767,0.15510111511368646,11.092344685936279,0.059679662728510045,0.0
232,20255280.557333548,2355649.460996365,3155093558.9989586,100756478.58076829,0.7161966868742676,2947.374478863141,142.1421289202444,0.0814402597412494,5.945974000973758,0.1857713085053026,0.0
233,16719892.751080703,3005777.8040491585,778529812.8976653,57599006.57048933,0.4354808951539962,3652.317059885694,4.001016389190096,1.4986574685359844,32.48693539124934,0.42579609065959484,0.0
234,4277502.2227754025,998592.4831105281,307812713.43896997,16033207.1110093,0.5964061079792833,3869.31605522254,2.5446569345437537,0.7833604956347273,18.05314252853093,0.13769947738009736,0.0
235,118086419.02909812,9009721.815505804,25358969902.539406,697550038.3833443,0.7366150044006454,3482.894508272874,11.76901877151926,0.16693334379800717,11.786066518989793,0.26142107258705666,0.0
236,756394.8993750304,61987.99692224042,135872968.70568162,4140681.6587863425,0.5467534938273891,3618.753484908126,8.063118865318975,1.5319261206911203,34.521387452474976,0.22838304897815478,0.0
237,39655297.5650734,6535886.161769713,1873955320.933969,138609714.93579853,0.6021314013068089,3771.636155878077,2.1660322369405933,0.1298025470523215,9.020211780172328,0.2335162615700059,0.0
238,4350.173231897548,2590.858828104062,579165.2433295522,14271.44063623508,0.07765168348148582,3490.1719856024793,1.1431596706919571,4.820610303329419,81.83614029551411,0.28620695059200135,0.0
239,221987089.57496196,107551141.69840702,5685704231.796785,486110139.89516795,0.7058861418798904,2627.2610732041476,81.35176855500971,0.08626348112277364,6.365685432475141,0.24758915765324507,0.0
240,5655760.31517249,605758.7312420983,739659190.7342253,27735867.6171749,0.7804434712741299,2851.7504957474644,43.77909624905789,0.11202074768879813,8.245257869513932,0.16990893643511887,0.0
241,10931591.50558022,862599.6801528502,2250392818.0062246,63184599.607675806,0.5091526219450355,3135.112322827057,85.3620834604703,1.4431584989216684,28.38521456695338,0.12199362337368654,0.0
242,47403189.89958829,6516592.428801378,3620716556.8580236,194397255.99186772,0.7113535693894217,2808.1035902137464,74.44823687519589,0.1334668223441658,9.597758390482966,0.14853761260816328,0.0
243,12767301.19928591,1068401.012242573,1848603687.9007974,66787831.57817243,0.5444261168068307,3962.1067415749712,35.92668750583978,1.5278935488089895,34.367054632531385,0.2035572599837429,0.0
244,223314601.03705496,23106095.14428218,33840431375.090645,1140904669.3945124,0.6723236687960374,3984.7745581219965,12.93448798254621,0.11567380321656122,8.407973044672428,0.21898557704542684,0.0
245,1023469516.5248,323938545.311779,22371730981.835308,2526812572.349943,0.6953343088485162,1794.7439890005799,11.25669736430326,0.11590484721354385,7.7176015415114705,0.16894391262511368,0.0
246,2267401.8189061163,645478.1031532305,92364915.53942224,6648265.798603687,0.6744050241538764,3735.8301345548903,2.780728096449741,0.09766507224782642,6.918636338375691,0.14492724452384312,0.0
247,10413.087548037875,3886.398976879494,2225944.3025344335,48487.37875067738,0.6788701983971132,3623.394412632288,2.1827754399291197,0.14040780984146145,9.881084369365313,0.38520753713323147,0.0
248,2049.1947469253946,349.8245090128765,1012359.6840430144,14523.26761313557,0.6134152412803614,4019.540049474643,0.6839225173367486,0.7795727089549337,17.739788412066666,0.1994740796620846,0.0
249,8221700.408824918,1522517.369355002,622382680.0608572,30731348.413753856,0.6913273402016998,2971.6758849914518,63.86604913480445,0.17548017489527537,12.519298795198036,0.2299195107396084,0.0
250,961937.4137710895,60826.47275124186,325910197.40081984,6556696.933245723,0.6973201949593464,3589.5751523600647,6.596955072043749,0.14649812574971416,10.31495913937363,0.3314918133191895,0.0
251,174969.3358131415,34166.67309793215,11651253.25831647,624674.0318805038,0.6863697288132639,3834.876599130025,5.711518749300054,0.6903211906407128,11.954795958899469,0.2568864225060322,0.0
252,5136026.940031288,490706.5091603742,578615613.787113,24621687.570063274,0.4824943926946787,3586.6132011392865,29.64160924775147,2.2135712993037973,46.19882062613963,0.037226806198162786,0.0
253,3746771.4024655423,823821.4431061953,344222197.60166377,13162224.645407146,0.6699879907131003,3348.4314411882756,8.640858507826298,0.08415928664989387,5.98157437398123,0.37325333987290765,0.0
254,6878.855504099699,1574.9727432006312,1514368.8181770775,33470.07378079124,0.6520921410450802,3615.6142467278287,0.8368129404205923,0.05738261185523914,4.155464206275811,0.04227657904679316,0.0
255,2839.760981728181,656.0479564310333,997746.4517039768,16263.319335747768,0.6809114303947965,3559.5309751147934,0.713934004953353,0.09527670383707934,6.668515774537449,0.18731128154795576,0.0
256,7585.669496511071,1286.141294076547,1775531.8972733624,38916.68224334241,0.6986340405225999,3959.176520343969,1.6071453166900311,0.21376505628490214,14.267108712493297,0.1811741877303,0.0
257,50385403.25764205,11026666.638605032,3979526429.0102677,172493715.36181837,0.7523902902677868,3297.2765304700843,85.21995913430109,0.1244305405561656,9.075869767392993,0.28407419950777313,0.0
258,4646.148276765319,961.6674969861615,1240048.26910786,23675.625684458297,0.6606659425441901,3763.5372265588544,0.7798205915876464,0.07258986630239148,5.00568563346164,0.2940252014255138,0.0
259,6519232.178374557,568047.2401694865,1120467215.904056,35425622.6757346,0.5729029929987822,3393.4641521345525,20.896023516935998,1.4719927686041345,30.547025356251986,0.12201273448278345,0.0
260,7176.007288938496,1497.626078552678,1456574.3221716357,33178.06767622748,0.6549632337105002,3462.39346229095,0.7539367177026101,0.03086225102676101,1.9961431167225896,0.30558797831652,0.0
261,6191833.130767834,1118171.3954325975,320461564.064482,21348390.64934357,0.7119826119184068,3624.3947624912353,8.04525384950992,0.09205966818797488,6.590806985682823,0.2155858490154888,0.0
262,21780.669538663118,6437.776392371672,2938726.5028212164,87228.33484014097,0.7255244498722379,3987.531227119609,1.1162041663400282,0.15904600798061272,11.672437930567115,0.03195332419034141,0.0
263,22722529.792300463,3852042.693286945,3496377972.5314856,99990590.56006715,0.7706722022017558,3546.429383770782,141.18188336327682,0.19137177387438395,13.96035819597212,0.389979811152705,0.0
264,9699.451880534329,1986.1902620067892,1990350.1071161132,46207.91612996508,0.6799144852244039,3354.9999279393,0.9395598998007093,0.09457287352531614,6.450815192668493,0.2930454929686378,0.0
265,4782952.303663005,450301.4343141008,650639930.2250301,24297758.779165424,0.6450303358746308,3831.9405411226517,5.425643849045334,0.7602450196000001,17.117717462929402,0.1656506278556535,0.0
266,4923.274762912685,1299.1281584790365,1096277.8019057766,22457.98467928501,0.6167817419757754,3520.7715718164227,0.7883269068933391,0.7421285545134462,15.616402445715698,0.26478341939388744,0.0
267,16654979.990749622,4301672.321453955,250258104.89159378,41075851.224695936,0.37129499928387966,3910.5085548244742,4.442563972468016,2.22914584184574,46.662036661398375,0.2735583789898768,0.0
268,95726370.72848898,28563505.114738464,4489292196.934567,287587812.3034234,0.6544095256409567,3616.1185196933156,6.667730529369992,0.12037456152208899,8.696311720042145,0.162995264183024,0.0
269,6271610.679651732,5247910.640484626,75417953.47818364,10113436.402648993,0.7120137069028148,3721.4071839887865,4.910367127397872,0.14631051621135827,9.78247011311138,0.20710980866391993,0.0
270,7782232.290669401,905394.6755801185,1230836980.0220544,39215712.69805071,0.6401317361129457,3845.5060995234617,5.1874596152039185,0.14879060656253804,9.966758048248426,0.3445634939929673,0.0
271,91442.25316171652,36118.50479931456,5336662.514037987,244209.67135592955,0.6427310069957106,3774.7036619486316,2.0833360227065403,0.7980596670720008,18.9991588326468,0.4863967373460228,0.0
272,7165001.430309648,1023002.0575179023,461971804.6145277,27340990.21780911,0.672279160992107,4447.99477672198,2.6888819961380004,0.12172554590205706,7.965448660273127,0.34869751193530346,0.0
273,89121.95517052662,31744.95901744061,7503695.779725941,292521.48652619205,0.6471536960847182,3719.9516365786058,1.0355913979718026,0.6855345092704228,11.347269195367296,0.17131817625670137,0.0
274,2260.1043325605524,638.2218777157943,878145.9272354215,13574.048452553014,0.47140601413673344,3925.8483680195513,0.9962015003546928,2.146977544401958,41.12878646955544,0.5008683037259554,0.0
275,32074904.373569738,10624432.151267875,1814999899.008377,96096416.93094058,0.637473850135415,3744.144648079392,4.107275265663834,0.12902404365928738,8.149437016196954,0.0815169786032177,0.0
276,90166339.6371942,13677272.801151898,6558504619.134703,353277419.3111843,0.7608414215462257,3429.6712309879986,10.561732705864921,0.1648919265627587,11.269879670380615,0.18446521625534168,0.0
277,2514.7549157016742,463.4754327855191,1018007.8435703118,15647.32448195107,0.6209133769360224,3701.3277053108914,0.8369141918493088,0.20409393468889575,13.625636628018466,0.16789474439530583,0.0
278,4912.410020375734,1436.904311417176,855930.2956705947,20179.17631789101,0.08347570330322134,3615.711524286787,1.892252269271812,5.489758615618013,92.71000931135485,0.3845461363788908,0.0
279,5785345.528285088,517654.478163411,969723170.4488109,30797867.840472728,0.30254762426024373,3661.516528135745,5.040564617067871,3.4447208575288726,58.79507914990262,0.21763142434142987,0.0
280,36159358.16638456,26221140.240494844,193187946.13150987,50249597.542726144,0.7939254649019,3477.4767133785463,12.496092339293513,0.04939438698906393,3.7736808624408638,0.16048579111069916,0.0
281,3699690.283360849,490652.70177383546,323797695.54138273,15727155.45282958,0.7299470650165368,3215.3995917399457,10.719140644634294,0.07512904750259546,5.550489608186676,0.33452589945558686,0.0
282,2750865.296985516,484731.7423725313,139711136.37251765,9643478.975434672,0.5129047402919005,3307.994342420686,6.1553003740741286,1.4989447130079694,32.429841097574055,0.10862447959035687,0.0
283,29491774.005814083,2158879.5286402297,6022377401.9875965,172560222.5410448,0.7781423133032475,3759.86037151303,17.9929070837438,0.07615961924099457,5.627357178816615,0.2089997624885484,0.0
284,3775742.2443991215,917747.8102336768,102371118.35463145,10585559.592781827,0.45822669272499034,3124.3974365063095,27.440346497510852,2.2684368031858098,49.862264787435166,0.14891047627631857,0.0
285,115028509.0678974,7404687.513183323,28800724595.877373,722643149.1270511,0.6663129865330311,3627.9966035380157,174.48177621744662,0.27323075325349,19.37214904493276,0.1699309195693989,0.0
286,11795611.470884308,1609897.168051735,1286807260.109686,52997640.91244316,0.6767569815458232,3541.471382288343,6.961675943307633,0.13700892758931688,9.709320577457628,0.16317753399846358,0.0
287,13711.76297214346,2154.9490419122694,3431313.19005526,74862.93190297103,0.6725002607146603,3876.0367953717587,2.1298650613624286,0.09723033233867887,7.102096203464095,0.1440779301937476,0.0
288,1498.6929467916339,110.7481671159085,913352.6095696756,11848.927658755787,0.6195927089803343,3951.3039847379578,0.6283438029284125,0.11755798935968435,8.335018426993697,0.0398707490211597,0.0
289,3793.3162360767064,501.4095072209699,1327407.2306292655,22871.01152180513,0.6700467945487202,3962.4171735942527,0.7729013405617237,0.06558085988025679,4.861657275840588,0.24996464401118626,0.0
290,37056811.6640223,5258370.958229493,1925771597.1359386,137521876.53001225,0.6654371571237625,3940.2557610743966,5.035347016494933,0.7434393594273396,15.602566914213622,0.06331105888920997,0.0
291,4761890.021194819,899702.2516161304,269970049.9579809,17452589.808505643,0.04900830906600072,2590.9771957295407,11.482879436326476,4.836289600747856,83.35620389406427,0.13549547710168786,0.0
292,712108428.1529227,210599971.55621618,27161649390.628624,1996208202.9765506,0.671026458628152,2006.3356544989942,6.381607663830586,0.0733768477244789,4.993511479725724,0.08869065049304532,0.0
293,8621761.686370667,1181084.698349521,814108390.7913741,37378568.71972831,0.8496839655224667,3133.3578096449037,137.0360343203713,0.10203601943180338,7.639072805381701,0.22419452036267107,0.0
294,40686361.34637641,4641993.056710108,4603350305.657144,190959688.71186814,0.6499153375485605,4136.8303207930385,5.211311359767119,0.03363351204782798,2.403175060068688,0.1909238124644341,0.0
295,23551.151757526408,7470.607584598205,1985759.3467474736,72008.76951332188,0.707403431716744,3520.5390530324153,3.312842704777465,0.1510336869321643,10.706022313041238,0.32636630726906657,0.0
296,3688451332.9404488,985670642.9810331,54531656837.12028,8910440092.266827,0.7675982804981706,462.75570277318354,24.572431910266197,0.1426262591162671,10.009718247595064,0.10082769572502312,0.0
297,4611.3265153569755,294.6177439153052,2200362.1701940177,33673.78125281997,0.5986959923262531,3715.419848365556,0.9326591203271508,0.13435561448427621,9.768787189635148,0.27152009294925944,0.0
298,11123.067782502576,2214.5203244322065,2504181.0627934495,54533.682710343375,0.6612867084559555,3674.664713223607,2.552399420009446,0.14931765856397955,11.018400801055574,0.49136071015564864,0.0
299,225590.95949413796,46809.66872656951,12010109.934683833,789055.8807082383,0.5321887409478888,3607.361783129845,6.063206475725168,1.5384761876957058,35.14240343264035,0.13550908195579692,0.0
300,4271172.571323416,1397613.9005897085,93865842.87792541,10557220.441929268,0.7253197818969678,3642.038392170154,7.296868979779841,0.07617716456331909,5.552795768468947,0.3583371148979383,0.0
301,3699104.669330173,1760932.795413517,25911322.876240082,6419652.114625822,0.6834950744535273,3558.8352968567515,4.842080748595669,0.12259326193634426,9.017711366185477,0.44248941674471337,0.0
302,17329490.06710396,1268668.4918168816,4355791850.427225,106817652.41115278,0.7683832377970005,3435.785252548155,128.30430384303858,0.08738690513389029,6.714905083125174,0.297066535534352,0.0
303,10111399.83546247,778330.8683895278,1747670279.2016559,56185761.39773963,0.7284417793943541,3952.990615222931,9.823721403127358,0.049324378174484984,3.2940870367653416,0.19148101043428786,0.0
304,24067.57950126629,4307.170644792322,2819202.3883414036,95465.50436731684,0.6290995282271693,4218.590516846605,1.508291830642612,0.137809353202384,9.507473593554334,0.5404731184996604,0.0
305,59156429.28643598,19201304.80860524,4663552301.257968,202858098.32284245,0.6637931997880984,3501.789206916663,7.173091137242571,0.11303517166951353,7.920561385267661,0.12642888787384243,0.0
306,20860704.372428812,2161000.572354167,2728992247.0293894,102235245.5012625,0.7174967005548305,3917.1201859571197,9.405813294811404,0.2045486911839543,14.257937869161804,0.11950892503872418,0.0
307,7921.545453284923,1346.3609568587976,1827278.7695827137,40209.563665556794,0.7038711666698207,3719.484150024875,0.7122868084604512,0.08051371294719374,5.61048981371521,0.12132255033882582,0.0
308,38097055.44918157,5044106.519685147,3646584864.112851,159633988.98615518,0.7477345129106817,4015.2674049684338,107.89239273263387,0.16168891883195924,11.22151677449249,0.25410994196871023,0.0
309,4328.029747044007,692.6975809255945,1565756.445295976,25949.724781123226,0.7532468869441086,3822.649500455711,1.067597005793072,0.07192945338794798,4.858561285350589,0.20856212892493756,0.0
310,14576121.338824028,2375857.784632581,1131484110.416831,57679418.7772097,0.6796406230251282,3873.3807400080773,4.909838449904954,0.08611732849000334,5.974069062697008,0.1832994182071854,0.0
311,53255318.94367522,8668165.10585009,2699943719.156721,192378722.16676658,0.7091030363754143,3647.500887932065,6.222176996613641,0.12949083586542692,9.035429808281739,0.0849146098150875,0.0
312,13376624.945129007,1033830.6331052597,2758929039.9269323,78428044.97187956,0.7052892475866274,3964.0954268128803,8.515012256276234,0.06491992893665088,4.705963565998839,0.3340382536980223,0.0
313,13603.320844205038,1211.711936224542,2779539.6630792823,76186.11583195845,0.27693309226131035,4135.853746959724,1.7475423831487753,4.049157017587831,64.57117546232962,0.3278705714888237,0.0
314,3988289.049573496,500292.58807923214,488415428.56407565,18338160.023953177,0.5229973560229979,3531.5086199023563,10.191780973342823,1.5514716665648096,35.49762214376509,0.20435480771307218,0.0
315,16162496.913480336,3601805.2854286567,3138686522.5518436,82197225.8772006,0.4918547761502956,3543.3875735926995,76.7685777286271,1.6099402496683535,39.13966308734542,0.2246739608813821,0.0
316,2451013.9217154593,357772.2049208811,156692815.1673431,9436467.144312024,0.6273802547961654,3770.087626041408,3.449973888726992,0.14443023282467787,10.02720191206022,0.18434056449852018,0.0
317,76326.44073139157,33873.78888061172,3629236.3245389564,185627.97027546406,0.6488232803590096,3965.1494930920294,1.403734928748015,0.7566453908402221,15.936843980619358,0.22373591696138687,0.0
318,642717.0494492713,59348.82095129532,125816005.62981617,3518526.0785953314,0.6785108260153556,4040.501466497483,3.597784866907295,0.19818000928614915,13.134459181100794,0.13735855180317913,0.0
319,196561309.4894012,18616483.070014846,24956119546.29928,970193356.450752,0.7266601418939066,3930.5748169178023,105.94882284634298,0.1047197271211453,7.277233085155174,0.2848666119046331,0.0
320,8728.788786652289,3172.494591275925,1592969.9966168427,36548.70339529958,0.6541446118842063,3459.79773361236,1.095721322982873,0.0918936615203508,5.910192204083134,0.42973825428009427,0.0
321,44345570.17004912,17904166.55847471,883809404.6115859,100511335.97263834,0.7202658260416609,3391.182046886724,11.882466148105399,0.12588716360429214,9.05895840379918,0.21989158687822047,0.0
322,1586796.208116449,639519.4795903151,13542480.990977207,2962556.068456068,0.7629858491595629,3135.579989088602,12.772606926013937,0.07317059086517208,5.334229653659558,0.3697230872695884,0.0
323,76988335.22045332,29345175.267160643,4347577196.269777,233477956.7373765,0.4746766573934176,3516.6081479574623,4.084576986640983,1.4906433850007144,31.15976667067319,0.060181837987739975,0.0
324,7466.868203574231,607.4713919257164,2971875.726171084,50149.803039746184,0.67047592306043,3748.1629694869575,0.8131615453201855,0.04165973452540852,3.042500660610237,0.4247647173297981,0.0
325,79745389.61343314,8134566.386125259,11670868341.861008,406334974.7701694,0.6369442732097816,3576.941232928112,6.555013279520917,0.17808912496178878,11.762110008500974,0.1836058840273923,0.0
326,22674043.907756224,7812128.484058781,1580779106.1479783,76728934.02529712,0.5648404045752898,3881.8266259160036,4.812516611334154,0.1786867989571718,12.050242946187948,0.17490837631460462,0.0
327,132776130.92173338,49891201.32924904,6607242100.689962,373230804.0053563,0.7138049790655615,3768.595603857162,28.662940598069103,0.15267063136357528,10.921700042277006,0.11668284392620318,0.0
328,3439.1934456624854,609.7760487651459,1139561.4593942165,19901.265244874165,0.6327686862532597,3544.7092568294934,0.5976915478140036,0.05542745863433938,4.194313850011424,0.06711769347296508,0.0
329,28062878.11644442,6966656.003823256,6313493412.544207,142495130.50105977,0.4937951982679751,3382.0505079871373,91.85546855890189,1.5567170771554428,36.28312240740066,0.39333377465704605,0.0
330,8315036.503797613,704334.0030979932,1421840646.055092,45396084.45157038,0.5571937660292288,3613.684078119348,39.24712484194986,1.4744530250419448,30.75262809062798,0.19212305450290101,0.0
331,5556.932267773028,1219.0734646452638,1405571.7353613481,27388.423858912236,0.7478367445343191,3645.24533366492,1.0414901363085034,0.060814322513223475,4.332529639609559,0.2572888301762316,0.0
332,192831.41505645515,57503.12774515948,4437628.196114194,469859.6083678644,0.6437945650416134,3889.4366434953067,1.4976580061266376,0.17121866061272853,11.654013352584181,0.08176554587571169,0.0
333,1016301.3737832848,304849.25019155967,28283827.012652896,2649591.190705964,0.6182438944696285,3787.94577038601,1.2111803546892694,0.08458367417147583,6.174226603881513,0.20238864754890742,0.0
334,896211252.4616,157273925.2140947,71551279997.17157,3431765292.864158,0.6377655389121323,2100.6618795823088,16.085450056239047,0.08516566070527612,6.280701811179223,0.19095067693047,0.0
335,9914806.80567268,734285.5295353929,1966029811.6278749,57520252.860775374,0.6542295553870797,3974.0432355926696,9.273147605343866,0.035230823506364486,2.572299025340551,0.11908427523376455,0.0
336,2513918.773402366,1091916.1604653487,67414975.53272325,5770558.793761718,0.6394371496648359,3776.529562622961,2.9666136288676284,0.13224556288375827,9.245387956282372,0.1820425646484397,0.0
337,7118041.399637403,7104986.374535116,16668875.915743276,7351143.836246798,0.7549970278039223,3908.664097055777,3.9010878814868684,0.07044385778023213,5.160722030342247,0.0856181684822657,0.0
338,29329905.103870522,5589299.074867204,2235377590.9902215,114964929.31342919,0.706300890873069,3600.4251699708966,5.846972079374566,0.07978319912603524,5.6203824546343855,0.12488546134228928,0.0
339,100084841.62283696,10586639.391133223,13192038142.175129,492537306.887539,0.6428364172433547,3726.086185420947,5.432691293058846,0.11825115463557268,8.176644440090294,0.19945823984534722,0.0
340,112598687.90312168,10846511.708313655,12231002087.756142,536229096.3112136,0.681722174178783,3788.075496962354,92.06378197117648,0.1335305696697043,9.728788861042243,0.13051181303438575,0.0
341,9368491.449631741,1359274.3934131966,852961353.3423336,39042596.885266885,0.2676695605329916,3643.835129155619,17.474622482263012,3.4972256663726555,62.383372711792745,0.19763238022014828,0.0
342,6345142.005253123,840086.6322474167,470508153.4588892,25428133.014477625,0.6885635242599427,4090.4182941325917,5.911757525815992,0.05981448471703397,4.171130590886671,0.16277440639327773,0.0
343,134527.97779765265,64334.65008021159,5476723.676372635,332222.6489464673,0.6373132137837324,3542.197765722145,2.4602980148792875,0.11119658424646266,7.316126810218206,0.40473618760742947,0.0
344,1798504.086816907,239103.91470133647,195309654.72044963,7951271.090190038,0.773666657564297,3533.798326189609,6.680872126197655,0.17706159746556285,12.791087245312594,0.17887748074496485,0.0
345,73202867.67046942,13485606.747373262,4765571305.010329,272108328.6424554,0.6668627707809873,3727.01574531387,5.710182994098207,0.10267318268848254,6.80439719214163,0.19190443745123012,0.0
346,73719760.08121482,11252877.565739585,4348105382.202509,276604918.27352196,0.6302923763042652,3599.852282119147,51.68480832570815,0.1782995782542658,12.980755573215166,0.16354356604146014,0.0
347,281149530.3916575,21369492.163147777,64332019477.60858,1672713834.7484765,0.591304638097256,3967.9002136722447,5.759046290274486,0.09365389395342624,6.940607082275898,0.2416474714430469,0.0
348,15793547.806268955,1206761.4252282856,3831262738.010362,96566360.37275344,0.7496924193000325,3359.031724665774,93.17807347963148,0.10649687422811045,7.7344729333563365,0.32026812137497257,0.0
349,25409.198097027376,4438.507527413552,2979722.681867189,100616.17128613817,0.6322753511736711,3950.2811751523104,1.0307304361485718,0.7060390084751348,13.002826781046798,0.1521199571456574,0.0
350,2689.470332372325,644.7310741937654,1026915.7628755823,15998.419181249676,0.6971449091345802,3653.0438599934632,0.44188439730262746,0.06828013275925252,4.852847288735484,0.30643454974051854,0.0
351,14270958.574842762,1090668.1857879853,3147060458.158124,84490952.91796747,0.7694342254574142,3237.7384923475224,95.97373255479211,0.0944174997153496,6.92147167414051,0.23735349041609236,0.0
352,19233.20064426482,3637.7159887818007,3661171.564543283,92424.41468516584,0.6136689884710855,3544.8405769734063,1.8698105486008882,0.10845001477869198,7.581416440813081,0.1308692843534365,0.0
353,12947521.463624332,1512560.1231958393,1681226627.85696,62704776.341258846,0.6050974222180346,3927.068450647014,4.578467622229862,0.1593023673047524,11.783378998020792,0.13298928633794943,0.0
354,4785058.310508779,450327.0993786586,659986639.1493698,24322763.940433055,0.6925275781738351,3781.2021215001196,7.078728200874417,0.1308190173686329,9.68789927006893,0.1613999928659135,0.0
355,547144.7688690366,45190.37067464815,141313204.16800317,3319570.8027098514,0.533965662031084,3934.8500938932957,7.0474801810244045,1.5579614412929974,36.03169040867989,0.1900227490500592,0.0
356,102013332.7107949,17524433.813429065,8326313450.499591,401543068.3554803,0.3209251562579144,4116.430460754842,25.46087569297037,2.176311671128707,43.22038798140833,0.2173452132104366,0.0
357,501385.7576633754,36178.53116334962,159578332.67015177,3284953.054141371,0.49612846326768006,4210.8794191468405,2.199254255394362,1.457322028162783,29.397607975326714,0.4517157171256506,0.0
358,23715632.14805787,6075734.972496738,1603837698.877788,85215838.93953392,0.6541569803658314,3672.6011535978123,5.489552129540009,0.08061636669831485,5.627857409156233,0.17693727482459276,0.0
359,12593847.38812149,1268323.7954832728,2010618915.6859365,65522704.55549896,0.7530996977738379,3014.203191653405,111.34785719176628,0.10624723789275477,7.50765364550954,0.226947959335212,0.0
360,27369589.883261133,8428452.782715503,577387059.1550688,70135198.6174529,0.5909024529196467,3724.135138725015,3.6232652988500336,0.1052526776916923,7.743269765066832,0.09025422331604542,0.0
361,22869741.471368186,3883478.1092895186,1689684122.0011399,88460270.9349548,0.6449413597297207,3543.907149109415,70.75380472000609,0.7640503002364337,17.268732765169762,0.09311081389896525,0.0
362,10536.89856829063,2697.540372870889,2392425.40965006,51246.81609842187,0.6251313425127873,3520.309905075942,1.5591765836571523,0.08465754995487389,6.100243319056348,0.18998704165415006,0.0
363,397.1447847597762,22.736679218028986,304168.67446082097,3509.038339333061,0.09151136728965201,4096.295498924903,0.18380594516893625,5.28720007268364,78.31176559120661,0.2672233499346905,0.0
364,13256.898572425727,1483.8566540216646,3070118.0011236533,70882.10314206935,0.6345449333590822,3710.008780949192,2.4318673531609774,0.13494219466608878,9.461635051734953,0.1879824948479012,0.0
365,10089.406938359785,5484.397903658513,1504381.1432934373,36844.57345087013,0.7238484329314463,3712.9425507767983,1.17759307074136,0.08336494908551924,6.0748882028475375,0.17075739326246267,0.0
366,4628142.997040203,720071.9433487768,332557863.5307586,18085975.727363225,0.6840872798264818,3320.7621787340427,3.5862054218252375,0.16769896283961022,11.69813564953064,0.12893477043562235,0.0
367,2717545.7857839083,410954.3415370403,282422178.2087055,11062254.045770371,0.5455015309033185,3062.7742135792937,25.314580027540607,1.4785828518906723,31.052167731976407,0.3663915608027356,0.0
368,7877.932051417207,3495.4484680368064,1289812.235059803,28088.57766612787,0.7190429445440976,3508.115867895892,1.8321579462256365,0.16048342937276922,10.97470090806359,0.23312077436991863,0.0
369,89050.61729288424,10944.183805705885,11644417.227681544,416314.10725679947,0.6818097913942587,4004.3187181151234,3.650379036121101,0.1811104806206548,12.638689145321685,0.17683278501968558,0.0
370,30744.303716182498,13123.087916307253,2773050.2392589673,92681.85106447278,0.6402752785722318,4074.2276429618923,1.9273396386799717,0.20679209795770098,12.716561247320207,0.24420469833014102,0.0
371,2316069.031324734,360067.19524995046,429773385.2430091,11977214.718946313,0.7066380474382176,3452.1135626406603,26.65940889728342,0.13224642454830962,9.551950621595397,0.332526928664946,0.0
372,4508.475677809863,761.331063156913,1393502.8418405724,25617.537721513356,0.6308655688630221,3606.3530509176044,1.1261126730757227,0.8326182039361061,21.6676682379073,0.15864387699167837,0.0
373,25122821.067442067,4008508.6479858495,1354934022.490793,91777533.5869697,0.6835537170591086,3517.6066551829263,5.152332052891308,0.10400672398793569,7.175214901995695,0.14069090688018046,0.0
374,19263435.169062883,4073517.2173527563,623461169.5945742,57225549.76484899,0.6818489197444845,3261.218163121374,112.68774053979344,0.7999345067140436,19.96591794949674,0.09244979742485866,0.0
375,1423105.3046504029,246897.49089835765,60439441.73593466,4706137.0487492625,0.6701146770678134,4346.843597061947,2.0404166964167167,0.11890635452071958,8.177043654068196,0.054683817653677594,0.0
376,8793.522706226107,1611.506374794703,2194392.3808841025,46248.72387630539,0.7442934896278222,3651.3329492462112,1.265790769641434,0.07573940670726857,5.315746433072134,0.2512677707452193,0.0
377,202337388.2225077,20308996.430932183,24745413679.03023,973920073.4513193,0.6102535762963418,4148.320619431845,7.736820682339407,0.15172147811466336,10.38780781578749,0.2818402071726735,0.0
378,29905453.6962396,5904915.265192492,1547966826.307943,105331776.27253988,0.7125736027319878,3583.5453419514406,7.244447170602554,0.11668048278875665,8.545938748617285,0.14622752976345324,0.0
379,34468.62175144901,25766.15880167527,2424769.609920071,86815.18919769979,0.7183020158535988,3978.4747994672084,1.441428013604464,0.17152594564359216,11.81342366769944,0.3113920693718326,0.0
380,12702017.340110123,1298380.7495888043,2330321823.1468754,69211309.25465551,0.719149009834665,3012.314246617474,154.70175854947095,0.1610493083576851,11.579724579105537,0.22660332689139112,0.0
381,22360674.03860743,2371400.9586195657,3487679065.2849092,114137077.43391478,0.6196360922591956,3728.824410854021,2.385932681560392,0.09231648998971505,6.698024057676915,0.11547713157613895,0.0
382,3923491.428911458,717287.841845315,367935758.67838657,15612143.872978127,0.5136414072384696,3310.3673445168124,31.88847378393776,1.4859201845330732,31.627001157257194,0.11272787019968673,0.0
383,16383.322719139614,1057.2294422330365,6661844.8848882215,115402.23806817066,0.6544636157273256,3836.7588426650923,1.9824392148476115,0.22242047897550377,16.55386765685936,0.5417961084740199,0.0
384,13193285.494373154,930470.1591025457,3122792644.8428864,80469599.69975954,0.759206938113237,3194.6459739347083,92.82711340110218,0.11298203128972739,8.310627744517719,0.2135629747944161,0.0
385,9810.534552082932,3384.912215471976,1827392.4903909273,41959.171762331585,0.6901003020734844,3560.485539749035,1.3375283817212054,0.23888091619164104,16.65304705537228,0.10903385446598453,0.0
386,409791588.6680739,95566113.95517465,18431986091.537594,1290329500.937136,0.6766969340535394,2542.6968823183333,3.623798023464331,0.03732780180217281,2.525580935875331,0.10216466783624278,0.0
387,427479.22809512645,106518.49038004104,25309936.829185966,1364313.7388196294,0.6590165078384678,4015.930875916878,3.783004769793232,0.14197635877323717,9.924309258508504,0.2146544929101524,0.0
388,28024711.61180997,3654152.1431842716,4069175434.490499,131328433.97023802,0.741027583437688,3131.062698785515,124.09484379117104,0.12052715061836228,8.855981665540904,0.266488954911248,0.0
389,4349085.487914161,349420.5348265996,921150787.8246555,25307969.055592082,0.42976175257050986,3653.671413465254,1.651108314099171,1.4568848380621728,29.432234089787663,0.17100426432109112,0.0
390,62598079.853789315,28184163.95259286,2420783684.850986,179356537.05321616,0.6173742890114854,3856.7921614091065,5.377644491165392,0.15342186518807166,10.891526009488404,0.07087611587664554,0.0
391,1330798.3180281674,125708.55514297626,157732761.419596,6434368.028492455,0.5553215040874372,3750.1069506542044,19.85211455730271,1.5177341989982371,33.656654608156494,0.18215943194677886,0.0
392,6470227.808871906,1581520.2919276857,244162336.2550347,19568717.44109702,0.6064355303103888,3954.746181919925,3.2584408669252745,0.09952670786474052,7.190852105555005,0.1394274803694945,0.0
393,5403736.521279015,700035.9631914666,814375138.7435808,26378848.01381538,0.6201509403025021,3925.523597403015,4.9539691169342674,0.13244265785202058,9.261564819228855,0.09341253781038886,0.0
394,47082988.00157447,12940050.272335203,4523222965.380409,180306756.59261432,0.625914400293437,3854.4060719213066,3.8853765932568365,0.1437336678631409,10.092371310432432,0.24353274151848536,0.0
395,105659958.55007102,39519747.07474013,2607791680.6500826,235136098.22031274,0.7983979761657743,2897.8897879517726,270.64194908904335,0.20668410685178076,14.68170971193805,0.19930109049199615,0.0
396,14962978.82255796,3088048.5983274737,934481916.4256235,54493214.316962615,0.6665985549927832,3850.5713029457734,7.635697796672927,0.1471365124984323,10.545890995920342,0.13848421733318922,0.0
397,16976048.35689347,2003316.2398329296,3041963109.270738,89095997.16375248,0.7138373133418145,3046.9784879211397,100.07952046614794,0.11953048871307352,8.677994470555586,0.27539406594041516,0.0
398,118440.76527511797,81079.39599262935,4174824.713264649,259266.36842334588,0.050937641867417324,3302.7926431291266,1.6136268303896963,4.825372696814185,82.52362075546789,0.35512568256453336,0.0
399,4561128.21081417,488090.8420602594,657887775.660207,22588334.333248306,0.6817554253122744,4189.663362595715,5.805817108008798,0.11902585738059734,7.9399741319279284,0.21845430694290702,0.0
400,52474174.4592057,10401201.882343495,5924337112.48232,227268551.92752916,0.7107913866718325,2937.3905950579206,225.22469856926983,0.16324715869752443,11.08715901634329,0.24461374008400244,0.0
401,27012.873132203495,4549.27511657353,3786750.801304488,119946.23800194198,0.6501864201721717,4061.162492546977,0.9845093970672749,0.19595449593257772,13.211337041872762,0.43885514449106217,0.0
402,87360967.5332099,46456453.05143219,1255181742.2197356,165422283.52122042,0.6941330847127836,3781.8193581752403,7.865217244413263,0.6936923302047544,12.091506795815508,0.14503489177507622,0.0
403,5085528.813677045,608313.9477410917,487945720.6386776,22449640.335703537,0.6724793190788864,3749.3806812849607,3.6999542303327715,0.03718327674403765,2.754168182544845,0.03434733206822104,0.0
404,10200371.209855512,2376107.7474155165,1519161774.9510381,48358723.323764145,0.7460856528468668,3513.89881199343,81.32133205917374,0.21032521634445372,15.045883527769888,0.21919854084328022,0.0
405,15548343.62098071,1076564.3867429874,3339437010.9637113,92786307.35430291,0.7379136487488347,4018.3441510017465,18.861345881539165,0.17074804654629316,12.181095285609072,0.122421302680817,0.0
406,394011374.4372879,96943410.88693754,15903235813.643703,1194617380.793446,0.7381535086208788,2714.1161786932103,10.851599470240107,0.06418513739091276,4.453765207482659,0.12225278196099874,0.0
407,24469832.66333244,3759260.1747475984,2874241076.5153265,111117505.29570997,0.6571643317018954,3571.5874428037355,3.979255782742752,0.13884344263860804,9.226650174234454,0.22594346075964017,0.0
408,825392899.3084022,98737839.43799129,68288641880.39476,3504220667.4066787,0.6263671264377274,2741.0543323344227,7.165292552044075,0.7128939837679824,13.315314762459092,0.1511537196424991,0.0
409,520883.25087321934,37448.199380036254,163204382.16659528,3400209.2908160985,0.5211029688991122,3500.8928804490297,2.4300143724799166,1.5191576522127639,33.52633914297001,0.24688371114434463,0.0
410,1505127.2046435496,109665.08060639961,377305014.05071676,9230017.180454297,0.5562159645358984,3611.3451612776616,12.110256935099637,1.4905697339545148,31.597712258085515,0.037566277792921265,0.0
411,45616112.10403407,6668631.281839843,5076093854.166952,203805716.12163588,0.6697780476020252,3485.8349824258185,10.149622774824168,0.10523967044425717,7.162680028209651,0.1889593259698802,0.0
412,425809.7519412458,32072.55196306938,130579750.64174703,2749690.052392874,0.11616359643147071,3590.82982079287,1.8299205173707427,4.095067632196474,67.61673161827488,0.3526056141537531,0.0
413,104956861.75594361,11790517.644532898,10337063205.533916,470828888.45271856,0.7256397321410135,3996.331648675404,94.52067535882256,0.17135585516279894,11.980697195617578,0.15143009142088296,0.0
414,70734403.76620522,13067728.491700228,6081236633.148809,281383152.1828802,0.661776051900449,3721.223986645784,6.002276468417056,0.08881645776528942,6.443152688566181,0.19749719345248018,0.0
415,66634380.91735993,6741020.174945963,7073722690.505521,311912970.6426054,0.6644807144258064,3724.790952893038,27.525231890511176,0.10380550049087711,7.8190057043554075,0.11061822294438135,0.0
416,1759991.6376795818,498129.14014311024,105973895.80625948,5840344.272125447,0.7093011675340762,4249.344152858537,2.6128159571579537,0.07149211382806726,5.057109999009134,0.057947723252371616,0.0
417,23838.635214562753,13002.992886976106,2616241.478594617,77211.28351655407,0.6923547516512387,3756.2214814295094,2.463361482017872,0.09362173886785712,6.5568182049969055,0.350993594027241,0.0
418,3116048771.835477,635930500.8994071,75104326819.74957,8991337235.301989,0.8054003029096883,946.851444919077,213.606121971721,0.25062378068999075,16.7328323080321,0.1239999048933351,0.0
419,2283.902731930214,318.1770828201361,977906.930325238,15022.16392834179,0.6425185901799162,3740.4072342800273,0.6826662514288531,0.0909155750523909,6.453379341392809,0.3036575513841782,0.0
420,36659162.559274316,4290844.217568366,2734222807.888767,153678755.70516613,0.7128732851190377,3900.2309718080523,7.210213469324984,0.10553985664608234,7.382230210424329,0.24381875766542402,0.0
421,51916283.62513555,6971099.832388828,7164506096.504347,252271523.79159275,0.6891850363937906,3379.9270388058267,4.331533059567896,0.05136182973940491,3.7146262363631424,0.03319064030279969,0.0
422,77211556.58981654,8687022.070220772,7176047462.01592,343159706.01923895,0.6909043899103078,3400.8638575338236,36.53276983361293,0.01818778778161336,1.3662523552530075,0.22610902139624,0.0
423,2420.828852116577,250.27258759352185,759637.4165849336,14488.62553643739,0.09626560209674205,3709.3337116987377,0.8201884635342673,4.815389641217843,81.73736349137351,0.5221226036981857,0.0
424,15772144.293527955,1260505.9236755478,3734786732.402137,94340056.01012738,0.7531479458735502,3221.561237509007,120.54392714679314,0.166623509817558,11.945034115534966,0.3005761181572182,0.0
425,17591769.912111945,2916176.448555398,766161759.9035124,60808577.3783281,0.7320225081351912,3665.2571971128873,5.290250281024992,0.15973526305138136,10.970279646295841,0.2090662714654637,0.0
426,6696.614198899008,2007.9587640894144,1846631.9691231507,34632.739717622506,0.6847268906020998,3509.80500875881,1.5838476053155683,0.1398933112553223,9.860888819067343,0.45337076554679506,0.0
427,39144195.22515418,4676221.744031118,2797198398.424398,161853364.51576194,0.6863781241737148,3962.942983617171,9.338599534084116,0.7439189846218691,15.697773586406338,0.09096780591293767,0.0
428,14601242.964174723,2013515.7259299469,1735844918.198822,64876681.46648735,0.22602991399808364,2891.522433158839,66.12489215061237,3.5486441343900843,66.39286590595432,0.1898898499228505,0.0
429,39894520.800218076,4102665.955008091,5227442236.596331,194467676.88373247,0.6480531938760593,4161.505594840507,12.053714864251628,0.1036859483407584,7.828385789363047,0.2710662794860144,0.0
430,3246550.482849452,490652.23033087945,153486955.70284572,11551309.13553724,0.7240740922350957,3500.5916846844225,9.079810755802662,0.07703648053778575,5.3997527048066845,0.10500782997112289,0.0
431,9498331.309638072,1586751.4507686247,808077150.2336146,36349942.12763412,0.7086926111481281,3190.8175809637805,46.3284952118129,0.07557280579908543,5.385895816344906,0.30732033296691225,0.0
432,592842.8104174735,217560.05490725682,39645153.52152311,1797972.320180297,0.7701292379687039,3503.024665490874,2.5888503011653468,0.1561404826845963,11.232589321756699,0.36540757812309427,0.0
433,10177900786.68994,1560339373.787352,439424314866.58685,35617897236.575516,0.6892832298604924,1167.3733977093093,494.96185768769067,0.7908064051971755,18.9583854342033,0.058314617935385796,0.0
434,7959.2546010234555,718.6869164199869,2235639.6571781365,47406.44789414472,0.527492658686783,4059.7586082991484,1.5770638131528638,1.4697271455202432,30.120556689372073,0.12193734008486741,0.0
435,42718615.910434976,5709542.122407373,2925253762.765877,168950526.7800414,0.7378585116248808,3729.883210168875,31.599303362013508,0.13847730879289494,10.110420963400948,0.1124917301300266,0.0
436,35426525.85519703,4176010.678722021,2577031830.5355787,147426519.78741,0.6930798595454951,3583.444885471803,9.850036250499539,0.050488796356994214,3.579019662581021,0.09466362376722945,0.0
437,1395.2157180105428,120.58024800499166,573910.562179626,9194.743346394895,0.41200479668426804,3917.9094783262394,0.4574310206377697,1.4638674455894416,29.473065769714168,0.37816522360698207,0.0
438,22336858.685771376,1874896.7134655577,5763700233.298193,136173447.94757134,0.689225660453717,3148.7666763289303,51.22673159456243,0.016293882866576136,1.099300380686347,0.23289281916356114,0.0
439,388181.6447509536,51182.72875449547,37309686.84105112,1657498.603113321,0.663703232262133,3451.7164898478663,1.8820045580635647,0.11059376492387471,7.777500700813404,0.3351395550168904,0.0
440,14316.381815585564,3805.0812018516117,2447204.005005449,62721.70458713958,0.646485318836189,3963.0426971364504,0.878223716348378,0.036809943465815655,2.7368189986362097,0.21010893889418694,0.0
441,14244.859973391936,11777.62914723082,1187263.9141895105,32345.241675585472,0.7726388306913653,3705.2089648632355,2.709935812260015,0.1692067589700562,12.123712641236503,0.12751793530633726,0.0
442,374046.01577370137,230716.04750863704,6111947.386906494,675730.7918556922,0.6489689371366603,3536.641690075722,3.374246408344061,0.18130567487088553,12.00760310419312,0.2900179089109787,0.0
443,89752185.99198198,43409666.87825544,829129714.5501597,158325569.4968043,0.7887198298368636,2812.74987515719,85.22647635519296,0.15444832632320998,11.564580765982331,0.0994310497138776,0.0
444,43731900.53013085,5816791.0976054175,8523780830.773651,238600490.3909169,0.6786885624431113,3301.002757014055,25.193726751676916,0.08770662561201466,6.317180968522368,0.14305645371459516,0.0
445,17550.109248211065,12029.659497280929,1173086.285313715,40282.82815286172,0.737273969988651,3842.900073364942,1.5708740325151223,0.07703972863881878,5.34339772870418,0.2094055542635721,0.0
446,22660948.356894292,4283167.316178258,2032965580.8073776,89397074.30022082,0.7133840061151999,3075.676634777718,111.82490684551082,0.14438976588213598,10.549769606498554,0.14511835212750152,0.0
447,1479483.0007477896,192799.30158040408,130046858.37538385,6327761.484451039,0.6848892950680152,3795.8393270571914,3.7847025063606012,0.12972552027644194,8.998280563306015,0.14605620045617723,0.0
448,7016.859377557781,1429.7689864068884,2022448.2020774826,38195.530713722634,0.7502426674110518,3528.7335863903822,1.5370994556298718,0.041669397505419425,3.001918222225848,0.2625111041690739,0.0
449,17654580.391524393,1148855.1857633318,6082911944.769775,119717885.97304603,0.20948405470650444,3700.79650855454,42.59193912882826,4.844697372341889,83.86792756383186,0.23664990581301068,0.0
450,53188248.61613097,8266756.667793825,3335303648.6935177,198636848.86675695,0.49204036103667337,3257.8391743705065,84.94461905089324,1.5163529614593747,33.55460868348034,0.034455525737164226,0.0
451,14509316.906339204,1926874.5690818701,1857854823.6794026,69026628.76982445,0.5339859321697891,2868.729265894717,53.91167395887026,1.5364723100696944,35.0414334495763,0.09064452973244322,0.0
452,353205.1471908671,171355.58433875832,7202722.09805394,697776.752427515,0.6481472128124107,3740.384315393158,2.798802138468212,0.7219142397801941,14.14036777831178,0.1940646287439398,0.0
453,5122.00899487091,1065.329990028357,1391985.7063117828,26687.739440248366,0.6483685046502544,3471.6314531525495,0.6166460935497353,0.0365325063312012,2.2480817693412574,0.28239338540977543,0.0
454,46032898.71252872,10257698.844322095,2294630675.193486,154447798.99403384,0.6713182694393757,3736.3218714471636,5.324835373975014,0.07938884195195843,5.635053288813308,0.10263845339894588,0.0
455,29305390.053610913,2345767.0324237808,5967279709.6851845,169563362.95669308,0.6714405054217393,3875.832110200554,41.17983828673486,0.16794639641066994,11.309446629151367,0.21855112315920086,0.0
456,19026.552827715794,15174.053624240894,1190350.307505409,40299.161162245065,0.6870604125368246,3671.292534574699,1.2868530474717093,0.1462269656402178,9.855254199423024,0.47239243409242404,0.0
457,16950063.340486567,2244329.677007245,1669776301.6443799,73356075.15836103,0.620546413132243,3893.343530648573,2.838438566018407,0.0907852037206613,6.8116860145161935,0.11285514805680366,0.0
458,10547.120483682182,2358.2615135202163,2297756.123041564,53619.29457200586,0.7025578727217396,3582.775426584973,2.2322959756701857,0.15383192136002358,10.875539833157328,0.13383465515276838,0.0
459,916538996.967267,184200221.63185483,34464038703.22691,2856148263.7424355,0.6656367813134356,1848.122093411116,9.196540112428462,0.16556037764576131,11.667505535203281,0.11691443577240682,0.0
460,23206613.486179557,5386264.070365569,1086103304.9721634,74563502.27757654,0.6534563250274256,3380.1416578287335,7.307787968466706,0.11059272650750991,7.732128395458813,0.12153953516996732,0.0
461,7389319.006673329,742453.9569938591,1120088061.5220463,37863529.29071624,0.4866550588607887,3815.1171480236426,38.39424589900907,2.1424260437490075,40.79994710188805,0.19487215924508253,0.0
462,6529555.813354405,504140.50482019765,1106119091.5834172,36035478.599310696,0.21669125361246572,3749.8672780569977,4.66629504185627,3.479544233518278,61.373996204450386,0.15728839680755619,0.0
463,63344685.8182082,9299360.376884678,6157791147.036853,273789735.6259223,0.6241593405369525,3822.145772732015,4.218360464795789,0.10956785053855542,7.82592674377279,0.07239890118542908,0.0
464,7085867.639953857,1878473.2094820216,307853792.4208035,20229846.412327223,0.12964662849253047,3624.5608550901425,11.063223832373478,5.527342020736254,95.08556105723514,0.327134161586052,0.0
465,19705.419144458345,10076.28143305059,2608383.494614965,69006.94264981024,0.7245968423237399,3810.9834708472945,2.105476838066207,0.078359171614379,5.590732955363516,0.230210476693061,0.0
466,7951470.898065573,898116.9873658794,1332912106.2332308,42841970.09090338,0.6886819828269989,3855.2043537576183,9.103489368521366,0.09513817282558916,6.704470604037205,0.16799154187859927,0.0
467,19361.04973583507,3742.4320860841785,2048914.3793766652,80723.8582306526,0.08840560222283804,4025.732917738961,0.8926917439078381,5.439407537605285,88.76096119118705,0.23487657825932712,0.0
468,624596.5292901571,66490.2884524852,99282087.61095457,3124659.6110274442,0.5865279159876509,3628.4742311976897,5.887737826058747,1.5616238743188966,36.42895566699998,0.3555154112481037,0.0
469,12883.602181054299,3850.9966397918265,2463287.2955947192,56208.631016288105,0.6559250083910085,3670.2919321141735,2.1807016194770212,0.0977336887317711,6.919772575528311,0.4119362302075282,0.0
470,4788.481283828934,997.9586094399323,1688866.5091498843,28833.97214580978,0.6474976951957544,3574.3072474654723,0.7700532751390067,0.06764165828941548,4.842496554844819,0.14908575684922867,0.0
471,339076.003049571,43598.31315279122,23842852.22999697,1346498.356248647,0.5037767028457683,3763.151787242955,5.468119163689055,1.5366862059403537,34.970576039700255,0.16473020582457026,0.0
472,29631915.806265246,6070240.445313854,1732275137.4276874,103491368.45876619,0.7025595368078654,3993.931951747487,117.9686952795574,0.8138162140360787,20.74583682225059,0.3456418092848305,0.0
473,6906.957236459678,1126.4665408815267,1296606.3868739766,32842.333906577354,0.08699429060599276,3865.5328938408984,1.8718593522057296,5.485324344613987,92.12567671499758,0.0916040099670104,0.0
474,2621.978340722432,764.8181345370072,1005056.738380925,15288.406057867716,0.7117713448774076,3659.9020583748643,0.3597421424550887,0.04002267462387188,2.7581128378062916,0.20261535611490045,0.0
475,3987.308261818106,478.68228437311154,1178453.1507684323,22534.269653633637,0.5839721402504059,3829.1364187842,0.9612298570286744,0.10011457953966615,6.987729910200575,0.37364554282464335,0.0
476,108599.48777902115,32712.88794080272,8442602.648955917,355652.0754996642,0.645823985758146,3911.6048252026862,2.5254532683131616,0.7430234635524074,15.73740893196948,0.3447851486107809,0.0
477,69893290.46584108,8576573.471376847,7805618567.253296,320832960.818226,0.5892759184416654,3335.8470378476145,97.9500895571334,0.8071473044498589,20.12600203075611,0.05630216056717412,0.0
478,31179844.604325376,7416204.649814086,822393906.6160161,85702057.184625,0.6684126739336599,3315.7267586948365,80.15106604949871,0.7932124012665366,19.457626333044864,0.1361588513904656,0.0
479,5176.4516449814155,973.2416028634873,1587775.7005167825,28519.121548379306,0.6702810130297208,3403.3934705421825,1.86817368864593,0.19583523111613851,13.895791217182554,0.19698798233246717,0.0
480,9755574.155626917,923573.5616471509,1131198733.1048672,47323765.882827565,0.6638921323617296,3656.925678065807,12.328387116929248,0.10766752630128576,7.778619059244105,0.13265702229462653,0.0
481,2002727.1447894196,1005635.9594462184,85305115.69876502,5359183.29884525,0.3692737818412291,3804.220814911414,2.3575699911207595,1.5494629375416493,35.602709231944594,0.3296567471252114,0.0
482,160362487.87753588,44433646.82142006,5576364831.054441,472140876.1179689,0.6898739206774761,3636.5374472920544,8.499528007079107,0.09772475063521205,7.22856648609695,0.08146456716572352,0.0
483,15458322.88785634,1510458.623534536,2560931354.335038,80551329.22024396,0.7174734270190088,3385.6577347438006,85.99428566335729,0.16154421133160568,11.413445147179123,0.30134050881604985,0.0
484,11666054.284601556,1280355.6262261618,1610779404.387228,57921539.77156816,0.6821669706752982,3921.654501585773,20.10326726366179,0.12443660821927409,8.94977993627349,0.10166241082253034,0.0
485,471690.1413255835,97193.23694277687,42574907.02458433,1780120.3757411267,0.604697928007565,3916.995555476719,2.284232894319947,0.148338944067069,9.258701090960079,0.2091674452958003,0.0
486,13042.03956161557,3208.5098532929696,3447695.484018293,69626.46778887065,0.670992496549492,3663.0503515030505,2.179785945174778,0.11356477616070978,7.763108436195682,0.4204464248747968,0.0
487,10919.85115617904,1062.1768636266454,2422963.703777199,61409.5293465921,0.3943825466642341,3874.6761024649313,0.8729590441781379,1.5115775517694967,32.307651819501686,0.2078792867234828,0.0
488,38674.17133728509,14779.96132895269,2445935.7739933706,111003.96322473364,0.7822785047370344,3466.7377780471224,4.2127579438758636,0.22189308554978737,15.70658606437928,0.3033452434514459,0.0
489,2435676.068471654,755292.2272015449,50891590.85574609,5754158.869489337,0.7069383455738656,4116.546699132936,3.701788746314413,0.15127013539617806,10.842595677179567,0.3965833538043903,0.0
490,53063511.37372066,6084088.006024304,4888626630.000811,235194893.6644218,0.6217307099871617,3686.3746036817006,4.780420722128404,0.10221845222166177,7.305823654793164,0.12821365214915734,0.0
491,2517.434686446319,1041.4541391914663,876044.7561537368,13529.514825712802,0.6426407734443448,3537.0639610948037,0.7268629427983201,0.13316342503545756,9.798346650084266,0.240936289741658,0.0
492,547176570.5492057,182322348.3655777,5260864887.586222,1142519927.2458954,0.7163374906335102,1609.9786924598536,14.342932089042206,0.11719628913180972,8.605482439674411,0.04806508404129445,0.0
493,2751750.0796281537,181013.96889798949,651744065.1526936,16924775.19386752,0.5023081615818535,3588.5958868884627,28.50214872651933,1.4888738414335576,31.672421028035018,0.11906233222427186,0.0
494,134698.19773086425,46046.51174334084,4984894.613058816,349751.93960206356,0.7714483027519395,3301.8237542677816,4.0829757915362,0.1473939041828297,10.102666445507065,0.1648454396773909,0.0
495,37917776.42660326,7535039.36468661,5110376088.395437,171246153.1096092,0.708092433625842,3277.1103677044284,49.88478630578096,0.10583137119460088,7.60776435107054,0.3209344977111433,0.0
496,55619105.60810065,4946230.495039593,7101764831.594927,279875548.0078239,0.06921968501553796,3988.7209778423903,12.250411262088551,5.480698658045396,91.60785892583282,0.4346860169519682,0.0
497,14189005.302035775,2263673.908060468,1106016132.4469876,55669399.80818025,0.6303771759256552,3802.296775101028,4.056460348675684,0.08307672006948374,5.84383953519662,0.18237611594838252,0.0
498,11049284.422265794,1433186.5391997702,866291719.8866943,46095413.48176267,0.6922996912294531,3611.6978198052193,5.333017367919253,0.1639006788490689,11.733664476656218,0.17685465555013183,0.0
499,2568654.4461614564,774027.0225717446,29943597.93055429,5729346.0364417955,0.7391292878342378,3566.582812769798,3.5941173084401488,0.09760443520938686,7.157449698455478,0.31882585233827593,0.0
0,27513.625546138745,4848.07353531065,3003893.230036006,110029.5146318147,0.6517109801611924,4125.134239615383,1.0791012662800685,0.13228516589420636,9.186275670439116,0.1800285773858903,0.0
1,29111196.62548708,3420954.2252834653,2577136185.6755686,127348939.51058428,0.492015601417224,4149.590613406974,2.4189311575329815,0.7455532457553516,15.630049615670718,0.17352555514530324,0.0
2,7942604.411572349,2048936.0460300078,138466441.65337595,19886932.290877745,0.5438902379498547,4276.443938342059,2.561674544093631,0.7193270421450133,13.969652270468753,0.029803448977980783,0.0
3,24402574.758475628,7209946.927076933,720371916.6252424,69012734.52883622,0.2956189871758737,3617.066477272536,6.202159649139593,4.13859581867054,70.67535859655999,0.2535610802943224,0.0
4,1895.1977338524061,425.0196635442056,616953.0584827594,10590.544356551578,0.08604947484612188,3713.8543839830754,0.9060349743945938,5.460241255728123,90.1420846957541,0.306843502956045,0.0
5,18403903.1315337,4759672.685198712,285551251.7698966,45403159.399937816,0.7097597872908284,3579.48803372696,5.669109237396518,0.10609768690683499,7.660554176361718,0.21908287738860188,0.0
6,47952.86371505198,31751.32486144795,3411318.552153214,135645.79248046412,0.6526165617580704,3968.56625632738,1.3287445257574253,0.14896222190646036,10.037015488250484,0.176035043450759,0.0
7,1417016.3106551417,167445.17464308892,162847529.68238586,6565658.906245808,0.6968011855461028,3881.207887669722,2.2668334793969156,0.0819357046777692,5.506039630138131,0.17037066128099787,0.0
8,46591684.485954836,7693211.075381937,3607915924.6500015,172493170.4263436,0.6754118924723914,3567.1370360444575,28.070022401674585,0.11875760614642043,8.503798205870606,0.23372111391638486,0.0
9,19122.886181877424,6432.319288715337,2468655.698401837,71968.17681195293,0.6397159784777429,3616.1981493555995,1.978011866220522,0.7503442974594984,16.03266234793939,0.10778961451119205,0.0
10,4588248.008865492,1012189.8632607732,742338387.5829656,19951941.361291386,0.4624515855506119,3323.788350740703,31.767028812993775,2.1083683424694115,38.18359554207337,0.38333815716370434,0.0
11,239006415.00508103,33155764.5304345,23037032926.909203,1030425469.8696182,0.7183142822825299,4134.533416491273,106.26804189460995,0.13838549907060954,9.760751912561647,0.13428603454207713,0.0
12,42894255.74737872,6575385.560442621,4047265737.811597,177674104.75710058,0.3311614328784088,4139.614733154707,4.030828238436538,2.2495185835692046,47.616604916933824,0.20795913932953594,0.0
13,9729.420716506278,2701.1018372067074,1337580.4462863307,35890.170143018506,0.6265217357180558,3846.1259467334103,0.8013427372131426,0.097702051461666,7.173740980120615,0.21490238169609877,0.0
14,4503244.476585494,750995.7514616314,371656971.75178707,17538014.459482346,0.7746050513787778,3448.2238603578407,8.10672349761684,0.11143822425911135,8.1885113097754,0.29140487714147795,0.0
15,3987963.9460387765,960437.1307380829,106900593.73780754,10981384.77333005,0.7263067470431724,3445.7361031421733,6.020174928238982,0.06796992757399441,4.846813390648146,0.08054285565469525,0.0
16,23801560.49321442,2878572.9651988964,2619961084.417967,109562318.77423246,0.695011149924809,3449.0858341307794,4.45602232599301,0.14490286917100273,10.352859989210287,0.16195626758314416,0.0
17,6313.494034324792,445.66485769080447,2382829.9894025745,42642.14587949896,0.6343433471194602,4073.0372186842797,1.2594802955863127,0.7400411169724417,15.531860071701999,0.17429207625583723,0.0
18,8020049869.016211,3020410316.4994307,78996169471.9018,15816013613.403687,0.6989425376570925,367.894905740298,17.236003249458726,0.09635960651115064,6.854231297154422,0.026846588799792185,0.0
19,7506.704476861586,1984.3091982636583,1258651.5074703435,31510.437942303455,0.5253588392220834,3823.3453781627218,2.3318338858056418,1.5913163249338058,39.47324075732051,0.3308341502486155,0.0
20,171010.07458499802,33418.7792292878,15001066.094097262,670223.9533458377,0.6475553656249861,3561.8634613363456,2.082877411071538,0.07652385505315777,5.388237913276358,0.16662027049718336,0.0
21,1272368180.693503,402951999.7054555,30038529696.46338,3071943092.496913,0.7186505742684357,1629.2280126677601,19.90010309907888,0.10293049915372707,7.302512082447106,0.01079888255185882,0.0
22,20692312.856148243,2259571.7115567653,2239257209.9538293,95557272.61385414,0.5405076860678939,3058.489624689076,75.33724239110025,1.4051280644263262,25.614186975996187,0.16888905617634023,0.0
23,9248085.584867494,906948.6017505059,1213965522.4858367,45697155.00472126,0.6878408746286324,3950.908764986549,5.538391613998756,0.10837650143212266,7.996294071873754,0.23744225951593353,0.0
24,21269990.039539073,3887863.486503154,1215277465.4696784,76345386.36651127,0.5919193991594035,3057.6137276275667,69.5670388841299,0.7554266702255967,16.769388898440788,0.14796707432411432,0.0
25,51631268.58283571,7473246.719018802,3051578361.99773,193883986.00514004,0.7732048670463368,3116.8215346629863,183.95337931363196,0.18570577361012938,13.42623093797659,0.1530558530723633,0.0
26,4165.271987913786,360.5618126103218,1514810.0329107728,26704.94283860165,0.6591303381048141,4005.8088354217734,0.9298757951898495,0.155190398676692,10.451609458667786,0.17204598428266688,0.0
27,96952641.40197703,12058625.362797977,6570984803.614682,393255027.0696102,0.641397821828745,3565.848269890178,14.187429959731967,0.8495348369803921,23.463309415120783,0.1847936431261231,0.0
28,22103204.16786336,3959062.352252641,1164624833.8820248,78597506.23684397,0.6409614932601955,4065.740643508967,13.072828065931517,0.22720136070888194,15.54806837692083,0.1992271126707258,0.0
29,8543153.289483072,745126.3865549442,1602509706.225544,47482934.586318254,0.46013981158227296,3020.95621624041,15.409203282737533,0.15346317748417732,10.907807029726575,0.22820955279060073,0.0
30,4855.819870297813,748.8791256318033,1538908.9992699604,28193.055716854753,0.6799072053307955,3501.768594864071,0.8705928418154701,0.06236719095768448,4.440646369726968,0.15737315397178203,0.0
31,41408211.4192244,5511547.047889578,3988901039.5967813,181293183.86154085,0.7156085267632177,3925.289779728093,5.74112602618108,0.13837891782770234,9.766128337642224,0.14457457593198747,0.0
32,5667158.6885473225,508883.0635855304,928373555.0164274,29980489.55747079,0.2540701740648098,3382.5501086376653,2.2524510564305578,2.1330398016841685,40.12007556983865,0.2754058111895406,0.0
33,20996589.143074967,4681920.951629636,803876752.2562566,63963930.61257334,0.4165313433766202,3921.5929867031173,3.1729289807893672,1.5523238351548305,36.154703135379016,0.21609345633075175,0.0
34,3940.4799089605467,476.2988648840981,823695.5678709529,19889.968516229623,0.46138698358647456,4238.436380854844,0.9558118228102104,1.5507256639447278,35.26465323639465,0.22610933345157838,0.0
35,3956.250554447829,294.71029388270125,1636082.4545816495,27121.98744727151,0.7047447405012763,4117.926904135535,1.3574893144507747,0.13868803647502997,10.13707590474027,0.15004554245086021,0.0
36,6812.463504940899,2080.8881294478956,1549311.2566108597,32008.176247838088,0.6321790991972197,3604.721234435798,1.4525569878593088,0.8202183537666222,20.750242158128252,0.31981164728917066,0.0
37,13689034.670163069,4817127.743451061,650185046.4545912,42878753.17068766,0.6733110090375641,3349.826310656052,4.281520340674202,0.0644528642963846,4.667911060035644,0.21575715676190152,0.0
38,134907300.8186398,14267864.681280106,16298320427.129452,648776047.8079348,0.674114787862475,3784.411840838383,6.416034858478858,0.23938581878006177,16.22359200943759,0.15727745543542507,0.0
39,3824.8223463418035,580.1541365928642,1281917.9583658706,22751.90392598474,0.6296227259413973,4042.7749601167184,0.6947208903234535,0.13606169110843166,8.88649392903837,0.18131798241759473,0.0
40,6219526.151341414,986871.0136982728,413723633.44680965,23900596.418750655,0.8095979644052196,2836.797152702218,55.91790362490199,0.14671820831733662,10.52125672929168,0.27024198181322673,0.0
41,20091.514659899047,4049.0959263693453,3481401.487547525,94608.01356480867,0.7576294142231278,3757.7279331300397,2.224865122978852,0.22194687569224233,14.771107451808188,0.32007886337241676,0.0
42,5483.964491072254,3352.0380783421087,868059.3712896605,19002.625044209915,0.48708527236312626,3449.547605308494,1.7394694432038331,1.5219177870223342,33.93120030880806,0.39767196073338457,0.0
43,1451126.8136819704,339148.2422879266,35391598.25381365,4030815.7621484734,0.6350877222459198,3854.782527175874,2.434747261888782,0.14863434294347383,10.123902979191275,0.19497145295869558,0.0
44,2920739203.2340336,477611982.26632917,116610915616.16316,9912043232.764711,0.21133436207679002,1466.327607518094,355.5884428836403,4.171900088637441,73.21269736586387,0.08743504998633088,0.0
45,4913.6028482438505,536.9260229407453,1819165.2061768044,31840.286735742186,0.7027446462646096,3920.2297151957596,0.5198838751656195,0.038970091085371195,2.795827085851876,0.13313592663403037,0.0
46,21442.88137564698,13678.275233450704,1023887.7797347314,42706.08095150647,0.5422032978597271,3478.8018669537064,3.018643553083316,1.6268556786552577,41.098306772666334,0.5313130167946872,0.0
47,8670685.000585783,2238025.06213547,138250064.544701,21430951.818095315,0.729087254492019,3807.4954037531224,12.939044305847702,0.17244850503156792,11.937996895710743,0.10078556751673691,0.0
48,1690.820233939347,165.7566407629313,615342.1877042723,10708.812724518473,0.38494103421919756,4147.366269377581,0.4746435832036729,1.4739473513626569,30.39682018351932,0.22023774860495773,0.0
49,157250813.84119898,76504232.66779593,3882317202.700208,351064812.50668204,0.6591423008401922,3064.0732926552982,5.561643989309285,0.06046268270753226,4.3671957034510696,0.264725814825648,0.0
50,12011.607962877455,3603.200131976798,2185685.2888479824,52181.34908530089,0.6979211539232033,3602.8741908349934,1.4495665979043293,0.019350178438492537,1.4244879812252307,0.37044770158118745,0.0
51,10483.492549597366,1147.563005679894,2434603.3305765786,57388.3417899862,0.65264713863234,3644.262754509286,1.2394597633214304,0.18150547153968483,12.057751410226018,0.21258702881264813,0.0
52,19068.702769193194,6091.803341863909,2134580.872322484,65742.45049091666,0.6752795129038691,3484.6217848624437,1.538894519201247,0.15396083740257724,10.754966665776191,0.44103407188810473,0.0
53,62906.79254232155,17598.395671254973,8764228.838633979,262212.26385246636,0.6923851790189616,3483.9475227943594,3.068859230701676,0.819057142238694,20.99975352113928,0.28337246457395904,0.0
54,5063232.181738278,1510413.8804894367,268977217.6691912,17052315.049369,0.6287551296997994,3572.5823307640303,3.4223109411305193,0.10522231986644001,7.151568390201409,0.042347135239662416,0.0
55,16880.355844161164,4537.751234915957,2852041.731979429,73065.16138849649,0.6798405887005801,3549.242353879519,2.5180372770389705,0.1011690106688417,6.852307783523038,0.5837187188747317,0.0
56,5856.3779248550545,794.5695897638698,1714741.0868578113,33106.18770890697,0.6564600345432565,3551.254954694517,1.3431300175746277,0.043885577866644265,3.3221816278457155,0.5540788863434425,0.0
57,10157387.384679863,1825738.9488814888,851450283.1738412,40510682.543965936,0.6904511250786134,3892.8577726737403,3.4645296742296714,0.1792325323481318,12.671537548090432,0.22634264197586965,0.0
58,5385.370718905503,722.6741141555265,1447182.840538818,29127.55990442107,0.6777158122254295,3457.1351113856645,1.178665961610451,0.18074866370769566,12.298709623414975,0.37137785193228695,0.0
59,894335839.3129225,608024936.510037,12302915787.393646,1426724161.003017,0.7221625224351462,1866.0064867385038,103.6995280517233,0.1326346647236054,9.522449433820054,0.09361560971095881,0.0
60,4622918.393860112,584475.6025513932,408736472.30185694,19610686.986098148,0.7038288142486412,3960.537944741446,5.989146968745426,0.1656622942837771,11.063228727995691,0.2351134478028063,0.0
61,593743627.6561358,259552229.49650645,12068186999.79966,1328541395.9687176,0.6904706180391649,1560.4171300321248,10.320381145319445,0.167525092608546,10.987953480981963,0.1838031227552478,0.0
62,50082489.2887541,12241637.24147005,4138765912.0949807,187494644.06012082,0.6633610047476418,3790.034156114703,5.172521242064096,0.1573907037419109,10.826496329760834,0.14545393242144744,0.0
63,6763389.846815372,893322.9435600496,585992282.6224114,28675948.460680354,0.7082135910033708,3503.7519816358777,6.77954968335568,0.16625879402593116,11.812066991543556,0.33080985497798526,0.0
64,248913.7906561743,33511.5566011836,26306621.246864162,1071438.623295492,0.6106158800242886,3692.6672138328495,4.688168831469773,0.21725554775787873,15.077520676589993,0.18480489993270383,0.0
65,21573784.985087056,3015576.174853423,3911618985.1838202,108521462.91588339,0.754640965650594,3321.1435979758135,135.85463222609425,0.1235402255483244,8.916191230310707,0.35072539515458784,0.0
66,7445.7776655011985,3363.1499961876953,1181818.8598159533,27339.559763458692,0.6595885003998391,3451.5110914419247,1.2281351940837542,0.043500577581277164,3.179009581957543,0.256692269361258,0.0
67,19581874.29507237,1678162.6763377823,4394512581.108635,113394985.1091069,0.7460793645567035,3151.4356308040014,70.93551609288494,0.14962672289840623,10.774549586220035,0.2925980318632253,0.0
68,83299391.71543548,6017449.403016997,16113193903.97552,481007058.08196324,0.7383299828485745,3796.2297732064744,9.44633748321367,0.05023092192218916,3.5216334337937227,0.19376585538031904,0.0
69,8892103.742456311,768204.9946849956,1651155406.715698,49753579.85041903,0.6568857008388731,3790.3390980352733,23.729509859360057,0.0682498526913788,5.0180772344741955,0.18697075005038813,0.0
70,4709.490930891979,392.8431879921656,1718028.82818118,30622.048879199614,0.6083082535465273,3796.2635709576844,0.8958259234387852,0.08377147435654768,5.829983063481658,0.34498287938218947,0.0
71,829196047.8186939,116143437.2321516,57809314150.69684,3273360108.546235,0.7509769870393093,2993.3838421281366,32.41490569404482,0.12802286998660106,9.586920080770131,0.08969402641610368,0.0
72,85645193.89259233,15476991.136176784,3081426361.2211137,279172050.9982313,0.6128069700082511,3689.0567194692853,5.72149442373776,0.17858999486095017,12.49417087222588,0.0529286851763581,0.0
73,14941188.739491588,2549718.47013132,1012963269.9031799,57247880.041680716,0.6896230058393633,3658.4121560827953,30.501850245598998,0.12749682657990774,8.98497213244885,0.040322414518698356,0.0
74,12671420.079090534,4792757.804958149,493143563.4826312,37272528.31386133,0.6977615916777317,3438.103889976556,8.151105037619267,0.13824353894235603,9.909348228414611,0.12016872357323155,0.0
75,759997311.0004599,381906351.24174535,41434550962.587395,1963666107.7433944,0.7472958745108985,2113.080364076891,1332.729127732638,0.23952010747340946,17.491719097715475,0.1492140638765494,0.0
76,21857050.195688747,3093948.2036921764,2805314828.2479653,103462517.55862096,0.10089059381167745,4161.3372514967905,4.003392044106724,5.45495648469436,89.69854177414724,0.21816787698485024,0.0
77,21474.77891449312,10339.569514788822,2573964.5537129366,68640.79857800281,0.6810581279245669,3548.17057823283,1.6496761567507967,0.10709819992842178,6.962105884213885,0.23297100625691647,0.0
78,1691146.5861981635,408715.81726896885,115167670.47362176,6024560.013795039,0.6753715564369184,4224.0426127760165,1.9565899603488721,0.11085077243284198,7.459842611920029,0.14649965882631938,0.0
79,160211.23351837607,121815.2770229815,4111898.235436621,288674.5802528679,0.6437737192803967,3538.412025814763,1.338350851918531,0.03733603946529644,2.7562863670611177,0.12914478222811981,0.0
80,16816293.787089664,2884050.645392314,587510807.3962145,54523261.52552692,0.7648853506403415,3837.201143834278,19.417886201069386,0.1570876277192803,11.434533513763807,0.18296001946401977,0.0
81,2138904.634144129,583882.6807843021,80016585.73691654,6385850.678607483,0.6536915043130017,3526.562713471406,3.4334007446255517,0.10110281267026969,6.544664693277269,0.16689482427979696,0.0
82,59440.674324490574,16027.061102415246,4112210.6423024638,186247.91805532193,0.7513168062365938,3310.233323378383,1.813800102340353,0.09490880016001135,6.895502827636792,0.31230434468927937,0.0
83,10659800.186606342,1123807.3626592024,2456801642.1617475,61504591.43197626,0.724958191839229,3391.649413882486,64.67677582362322,0.7542619019121495,16.565407962693314,0.12057276091160969,0.0
84,32725462.93725177,4912810.742992924,2254961658.792975,126716636.41966538,0.7070414161146947,3619.9276098089003,16.906942490636016,0.17757419083046386,12.581973620594772,0.17828103220209524,0.0
85,2173252.4159500767,1102828.0901033026,103289283.14890824,5987786.127970921,0.7330534928271956,3488.7492470183156,6.441380191290823,0.14460389817337926,9.350529300892038,0.16485503250502762,0.0
86,816508.0455161438,66645.66430837315,141906598.04702476,4444969.444873465,0.5749440029183714,3846.4227541776468,14.000364590052303,1.55323507688913,36.29405638613038,0.12148755647491503,0.0
87,37151290.453066304,3832233.761119541,6912948675.712801,200569782.04312253,0.5793331545816581,3991.837737522653,2.091013888195845,0.09738278259117897,6.617370518259214,0.164796818216547,0.0
88,44379061.203530535,9953122.566877015,3373649633.636931,150971432.19459575,0.6701186015699317,3346.705719238788,92.56823487378065,0.10269766170154435,7.442091522845748,0.24019797284042685,0.0
89,29464746.446169477,3134745.414011263,3507383842.3960924,140475112.9862272,0.6487551909898548,3800.5207982264055,8.132609020943391,0.08391289167121085,5.979345326815967,0.16420222545356808,0.0
90,26869.591617605405,8139.595448231875,2950000.4914090065,99583.82878870502,0.7065823358368687,3757.6408610614662,0.8755669917237673,0.04856081749669201,3.548777944669767,0.09902259096781413,0.0
91,8522.665362692562,2362.3594928325483,1955079.8374409892,40106.87384450603,0.6103689006622814,3604.013365495322,1.3042256337653582,0.07732031111935678,5.434317123862186,0.09999497054426541,0.0
92,11116547.376690872,2294028.1425764216,1010017937.4149574,43933546.57409997,0.6934132429840739,3635.7181036180746,8.307225838098576,0.19619087214980543,13.15152211671661,0.25633846862699544,0.0
93,2292.841013426538,419.142062395954,974625.3383825956,14753.711809443403,0.6429948606256521,3707.6685009186613,0.36844625824123917,0.07780745767547223,5.545733913886113,0.11033602475318433,0.0
94,100494634.21006534,10682039.973635616,13400686192.950037,489260824.1829282,0.6669951276775238,3969.40993181727,7.382073554033913,0.16556965041728197,11.590070225096559,0.3098012000740589,0.0
95,13402.878451260296,2125.9460481617775,3819575.1301137796,76190.66874911907,0.6760268626449937,3494.5488585319204,1.537645569095468,0.14611958521025664,10.253799367574185,0.08404590074855729,0.0
96,64294390.02734528,10094774.284137998,3407147138.161933,233915522.54725567,0.6521015421649631,3543.184757356954,6.07330684597,0.06362509041046138,4.4956240045474445,0.1356768865693466,0.0
97,104893.41140138874,25053.395092783398,13830681.831392724,463959.3920895398,0.6965528549339579,4131.732090678182,1.4936380164905492,0.16047306489771226,10.508450662643561,0.25352986921474385,0.0
98,28832293.247898,5323697.182997352,1390524816.160144,100810555.35446733,0.6703927878716431,3734.0406427038797,3.9636880604398463,0.07338226376077808,5.358049552478791,0.22700503783387907,0.0
99,69821098.05576912,5620125.825767786,10898161160.716982,375250483.88780445,0.6871526406451343,3880.3599604252004,20.537830015423047,0.09832658619025247,6.874235466231194,0.1629241072276788,0.0
100,4312033.840120398,828786.7900264919,328095329.862266,15965910.038933408,0.7049567016740258,3880.6331397616245,4.177075295826044,0.11988222130115149,7.83440235700854,0.2170792006168884,0.0
101,23688145.006080706,4079021.722447834,993791376.2673706,79248120.29447326,0.7025028496929647,3448.3627680253376,15.417518403660216,0.1208721098706353,8.614439341726095,0.19324298252347158,0.0
102,8429171302.648886,3831402267.1679206,52299966151.30913,14847312322.205814,0.7457692380942302,972.1562708461705,25.61508822635468,0.13687425733273964,8.678872686481704,0.054119827470320826,0.0
103,12091918.342649618,1419247.5333042182,2547859960.089288,65841860.73498781,0.6773616145299147,3656.9672337915085,34.00473124100656,0.7835749093352342,18.577887350688627,0.40830755921249146,0.0
104,2289285.8754751515,390603.21614324336,90416147.86696303,7612820.272235465,0.5945991256635818,3073.2368433289193,23.144329322952164,1.5164761620483576,33.57183927227032,0.1044265400198239,0.0
105,8982992.68634397,671286.7342314201,1779119863.3871803,51911099.871710405,0.7592851198140849,3647.8927943133995,5.967609941965151,0.021554371231667792,1.5919913107314556,0.07994645747346636,0.0
106,7953699.66502202,608859.9636164757,1771511727.0450966,47315784.85004629,0.5129754594487025,3822.124164280077,14.320203431594624,1.508687932041211,33.14569197829176,0.2549422250641256,0.0
107,10701.309010986533,3297.7524208899094,1954271.8985478163,45826.21118020812,0.6344347159555133,3367.6038812432425,1.4686693687041883,0.035135603651927916,2.3646958879474953,0.4373809441858393,0.0
108,13561504.441323135,1331725.218565636,1981137412.3447998,68703250.52105638,0.6320309333600302,3752.405033649203,3.916867284750591,0.09414040541817173,6.625060710579644,0.21542126357431926,0.0
109,27772691.143804766,5227457.9479415445,2056906365.441817,108603089.32744512,0.2058918177846411,3662.850523559436,5.496371431416058,4.193238345952135,74.67495795746237,0.15856570207517667,0.0
110,19748.42737290811,14924.601536813521,1551945.7595977853,47284.7384653955,0.7422089966324027,3630.3960638271983,1.3685653535220972,0.0679774156809863,4.743370313958783,0.18345661145700043,0.0
111,3100343.8609292572,1124905.2670944368,78337597.8480138,7688074.180023134,0.6390350610764916,3496.448839712895,3.965074987369788,0.16528367258255897,12.14922634982822,0.3500961206428584,0.0
112,4953872.983589012,478055.07291947806,1174472839.5479531,28950122.187707763,0.47789136895620044,2884.3155077816796,9.288742326744893,1.6418127804795393,41.70493134753058,0.3216289442932783,0.0
113,9168846.171226948,2095014.349545069,241607553.09963447,25310241.10318234,0.6826989461224309,3769.160864002624,8.361174806299056,0.17422872190374541,12.267658667116764,0.18192367360922795,0.0
114,36006223.53572117,5137177.752364286,3007214215.06018,150440829.68951133,0.6981938319212396,3469.6949183053675,5.6797807284282875,0.13372215113419514,9.296314125477224,0.12464694383953684,0.0
115,578.7289947566937,35.452707707997014,301629.43289536523,4296.580830013905,0.07988877777583916,3812.370384705292,0.6195250851002976,4.095714916182502,67.3394020676221,0.3568037533929219,0.0
116,12153746.968928803,3780973.381477552,436992637.2624561,31248919.38615877,0.7058173681189661,3508.13485565273,23.886238099941714,0.08408877632025842,6.1107635371087285,0.3657991148231311,0.0
117,3334009.9577126773,417650.92747894995,332855621.9112185,14935906.908429882,0.5325742113413234,3411.9167644381732,20.073299929942436,1.4634534297602668,29.80504868650978,0.21074453612602248,0.0
118,28672.536420524575,3348.5180939147394,4141821.712700312,138368.39559476814,0.1002075448035358,3787.5559249071057,3.1233490408699747,5.485350049118263,92.25679436140967,0.3373569227155298,0.0
119,31051.75931756433,4383.1429947663255,4973134.336751068,145520.05518193496,0.6741949877732216,3954.839405588791,2.072730449715425,0.1550605319773692,10.612836547253483,0.21970384201837861,0.0
120,16396.45510607429,9701.38527915475,1645160.279929761,47476.49708018249,0.7285908716762909,3417.9020924396605,3.0212191314734045,0.04186451448275621,3.199446833315288,0.11986404678379799,0.0
121,6664218.338499716,1020991.7085917273,740640567.0570415,28280619.86306753,0.6427343488793251,3928.5876666377326,8.00134596263261,0.1661990536514887,11.667691803211127,0.26018011642266553,0.0
122,686961.1667744959,200934.08794129506,11654773.351847429,1600761.3532952266,0.7763943709498499,3237.3840570297875,12.175689995373245,0.1065462958369177,7.772485299068997,0.09254712028976157,0.0
123,497177.80005748355,172213.7333153461,19067334.39633488,1380768.2703463356,0.6585285507634759,3374.8116283929457,4.210553708197077,0.1480167255627368,10.01671171236888,0.15166414596819996,0.0
124,3479935.847431353,366805.882453849,375730217.43068767,16151760.33038569,0.6405376682680547,3730.265659372904,3.7762822594842946,0.1929628454434762,13.520091816061115,0.14883758505395173,0.0
125,6758407.239450967,2466514.4894227264,439557319.0557068,21300274.723933034,0.6614210911004166,3946.9580233517245,2.481267500431754,0.12750740710698957,8.729154101310629,0.15595766290056448,0.0
126,12261928.985657455,1542538.2316000229,853701858.6416066,50093235.68580251,0.11983954990857346,3823.4348678743654,5.138488810052876,5.506187775209073,93.67701569492225,0.1062164934774226,0.0
127,10247231.854669984,1162328.6633563493,1187351095.995112,47921385.516417414,0.6783219661146005,4187.352911617718,3.3924259604833025,0.10583919093103722,7.564339671060404,0.3540910191402406,0.0
128,20000569.875727136,2503052.5828026733,2114096384.4617581,90256465.27382079,0.6234480368773414,3542.788662681078,2.11599537242171,0.06885726871473237,4.6732330316980795,0.16448008212311235,0.0
129,18643.14849282179,3848.612693113691,3516567.234932814,87286.18762922753,0.7512841607337826,3787.9439901854416,1.730860297892564,0.05444396558151086,3.8519073594507005,0.2965446656286396,0.0
130,29365732.196955718,3889774.787246447,1701304106.1200628,113063490.68584152,0.7503338394459492,3579.406107735521,7.7530170118754915,0.02126473581758086,1.3679941515065266,0.17880139912991364,0.0
131,33366.17092482934,3777.017230208353,7310199.239273569,181660.9472362956,0.6957729600473365,4105.815212886773,2.8992207699622634,0.03278063430165377,2.3579152769458815,0.30713748538065005,0.0
132,54303672.80999406,8752365.288543537,5071193853.755169,226840736.96463537,0.6478557543665404,3480.8200359268117,3.050604588155318,0.08474069264926491,5.596342427488975,0.17766171382756024,0.0
133,17233119.209550414,1451026.931963424,3857338076.9234037,100679965.06752133,0.2950475063378824,2991.2971990214855,94.46623316555547,3.5491080004362265,66.66259770959576,0.27543537090887493,0.0
134,4437469.954445766,599483.9912885412,282403873.4326538,17333491.32052587,0.5661080265961701,3773.3324384555885,14.93435773703964,1.519142167003426,33.746902270456914,0.2148920546248629,0.0
135,14696044.288184255,794148.1896260025,5638945488.939578,105768391.76049998,0.5163648703864887,4121.139312031262,70.32972728479898,1.5115682226076386,32.984912827808884,0.393354199649974,0.0
136,41897108.67105134,7907375.147227456,1523412103.9081433,133633784.76776488,0.7387523842798229,3356.154471137722,85.16160968855087,0.08332465451629574,6.348760549435887,0.17496822316187555,0.0
137,31527870.51540349,5654680.568599068,2053654553.5863082,115237371.55060463,0.6786302556200469,4218.813577150255,5.910472179748469,0.11263489996287772,8.256395122026365,0.13223670550299216,0.0
138,18020290.02791702,1293851.3133344115,3734084264.36119,106010550.3346082,0.7243344786325115,3922.5977374812815,22.67660787701464,0.05587018064327696,3.9224467157070735,0.16196718405741045,0.0
139,35849787.79994207,5676937.189417557,3504973083.9629593,149929235.4235226,0.664131039195986,4181.502005474815,6.610190825972558,0.08649353584703165,6.229014140879697,0.2458933882349784,0.0
140,93599253.86280116,12264990.655915964,9212334853.161358,410499160.7467992,0.7092562800283566,3075.6940611141954,48.66035037699014,0.09830098181631239,7.2815774521385475,0.29792968882241794,0.0
141,1050105.2235754228,184263.81614417874,80324662.70825407,4037553.0794078326,0.6978008920962339,3808.4944821645213,4.341323476161214,0.11898791522621943,8.636080059610382,0.1846881992895994,0.0
142,4658056.36544293,957525.194285173,172638148.0156686,14610401.617304265,0.6666109655357302,3512.4634486833847,2.766256371206022,0.0958469292356245,6.707008615840058,0.08404638849669333,0.0
143,8957707.674773676,797525.482321114,1206703284.0745738,45602945.9283485,0.5814105588405497,2861.550886002117,14.641348036721292,1.5451559266859978,35.56241492034331,0.14396477959534557,0.0
144,5748.999790123484,1084.4861616343019,1716349.5107922591,31985.508659322793,0.7221902199638299,3920.011985153402,0.6123880359626551,0.01955858035201343,1.424599962785966,0.1875489405862318,0.0
145,84198186.72785416,13337583.9621243,9872158343.819841,373502475.9529502,0.7131247871686958,2981.1818915751523,95.46127494733383,0.15343877323463673,10.878588309285043,0.08180405698748981,0.0
146,6642.227545717059,1420.8643761326239,1633379.121542132,33689.01392017232,0.6815546312718234,3473.859869461882,1.5425772156319215,0.07099600546205904,4.800859107963601,0.07654195089018326,0.0
147,18429085.66694794,3672568.215942686,1569747808.4920347,74524538.87094526,0.6004138355843667,3684.4360321849263,3.063958119076286,0.17190947065416848,11.992998366779686,0.16080650830772716,0.0
148,15807192.04458851,2284806.643144357,1436648946.2436528,64277116.002905145,0.6323728560536989,3837.1302875381034,3.9302153232815438,0.150298414222717,9.902781637554359,0.1883571720139014,0.0
149,40721825.31362824,7402809.063514111,1882606451.5674832,138843000.71090314,0.6049628539503156,3708.3952250976927,4.286132297154156,0.18400484521313504,12.13586108467832,0.10250611893992552,0.0
150,41263.73726034748,4211.382138665511,8618316.331788896,223164.36016723854,0.7110512248773753,3897.4165835335793,2.415072476985446,0.19750101245661283,13.192754187153366,0.5018987841762401,0.0
151,151.97664848580752,18.433427406655085,113877.37354713617,1266.0618102252974,0.048386075366023906,1905.5815989315952,0.24875986509040338,1.3877494704705762,24.20046455501491,0.2841119760160429,0.0
152,11748304.504509341,1006200.0560841898,2750559520.2474217,68867426.5688021,0.6620351911506704,3708.515033586826,4.976967031495314,0.13919018340452557,9.263236249336632,0.15922656613053937,0.0
153,12548073.64087579,3352258.398917715,193251794.20833942,30492325.960941065,0.7001642334790728,3714.167175374913,4.10786209175916,0.07625278642373497,5.524774885839994,0.14460919550956225,0.0
154,383173.70088397927,36897.66474192946,68554237.52034731,2011353.7442821737,0.7157450318735611,4321.0554494799,1.1082171507067564,0.08619245827477098,6.183632703038121,0.29829760509369946,0.0
155,22959649.98592366,4169297.715130969,1361927034.4835124,83840557.39772044,0.6602566905621349,4104.734209353261,7.829714402018694,0.1425422927040408,9.846479220377558,0.2780480099269076,0.0
156,11833891.251840591,1677437.3383671034,896171426.0263383,47777212.57503526,0.5421398474266982,4049.0589864064073,3.8674367383810075,1.4876944808924206,31.454328747424057,0.14810221564762457,0.0
157,86707.9983826728,27359.507299583587,6851812.563550478,289253.6656605719,0.7137890312221089,4135.381871578377,2.745874378919275,0.0889349910970723,6.189629639707377,0.20834238524391216,0.0
158,15650048.786567906,1378371.8607848,2310452472.6499057,81570497.04690744,0.640625591610872,3892.8735676856595,4.239722023750889,0.1518568694485963,10.158713620970268,0.17514253893822945,0.0
159,5613.979653890523,1880.1713047939163,1191179.5148133892,23914.027249152863,0.6313919598182877,3581.423895517125,1.0203718035615295,0.7963904339000345,19.002829279106408,0.2826193665625974,0.0
160,11685359.584526215,842252.0296528898,3152778725.7564173,73102974.72306526,0.6013154451604856,2849.113904872731,21.463793428110336,1.4429833738321902,28.314846913337238,0.3455671738742171,0.0
161,126375.89609075601,20791.225129500326,11962674.66692413,510932.2996773223,0.7055395475783214,3883.1084589512243,3.038333852799445,0.06331737443636758,4.352982139929525,0.2363010302258716,0.0
162,6710.832332597053,2008.542114873741,1449862.562192057,31400.7611933002,0.6607564853769288,3716.4554940933185,1.2821552419098665,0.1593688025696042,11.084707006942367,0.11144685219043844,0.0
163,11421320.956824709,1321504.4881129805,1743722659.8214328,57473978.40219526,0.715288907331624,3061.1919798462745,50.27012685045466,0.10097317077177896,7.380970684024402,0.10874582435221557,0.0
164,5322.888906541156,3153.1858986330894,796311.4674135292,19303.49708917353,0.42165794326371947,3586.3068343167324,0.8725895549227525,1.5145926287455826,33.446395302750624,0.2034741685298165,0.0
165,17242.688654741534,1552.840571392885,5548286.494457486,107076.74313184356,0.6666407899844975,4229.85215911293,2.139842219388672,0.19982479028496147,13.919536729900523,0.5003895659695505,0.0
166,23182404.466266043,4939174.454510773,988664175.878657,75636304.89269587,0.7256349455313346,3600.202259041389,7.192527964898242,0.08993461400552408,6.493178771722276,0.21134720413838626,0.0
167,17067818.20819072,5690258.759389196,154207960.91322106,35507245.58971437,0.4948695611627052,3294.5977997230093,1.438004904695244,1.4020058990412563,25.22308201429436,0.05754821812841299,0.0
168,15271826.320198227,1121102.512328315,3334959600.5759025,90410276.06339172,0.5299661292169787,2874.61127896158,12.300884543419711,0.05766481809202677,4.110745178999819,0.20335010737848694,0.0
169,687477.0251158068,59887.5254539861,161445194.31059974,3988260.948680436,0.6739696219378347,3438.9663309029743,5.471779058073276,0.17093626487300967,12.085529708598154,0.3772766307326672,0.0
170,4203.570284530084,416.8287224603126,1479021.8404918823,26295.114859349676,0.6212787565402201,3941.062104466874,0.7277191761830114,0.788601404452777,18.355850864308405,0.3612687078686866,0.0
171,11720.30950490056,1199.862229451493,2945691.90926263,66265.88319289159,0.6146115346885749,3530.77938470525,1.0186641625160724,0.12380433325282487,8.67217954543944,0.37643756268564915,0.0
172,45821937.537627205,14104879.775520593,1331055177.1436543,121561947.1161695,0.7365627772024116,3763.7100986953733,40.692756270277016,0.13244917557130603,9.329011254049336,0.24480038484420408,0.0
173,54811284.27311049,34125941.47964524,450894398.4489296,87747359.78583363,0.6477798985313916,3511.611146135289,6.219080540495881,0.16198238619997793,10.140683728978019,0.16818205602705022,0.0
174,10701112.800830388,704668.0830958915,3192215888.142024,70190618.26749052,0.46555013229564307,3663.1638017386103,3.2780708324208407,2.1572863044871933,41.98113022390753,0.30335509261444504,0.0
175,62650680.81399627,10381827.666732954,5871639715.934506,259631355.00718957,0.6994455974941713,3532.2935536206296,3.095423246607912,0.03558652294463034,2.476875141926615,0.05633220001357684,0.0
176,4430.7821300653695,498.63818323910454,1810103.5768171921,29807.783322535153,0.6084101739929035,3865.283978708944,1.1743644815606025,0.7734785214526804,18.0473811517158,0.21378970274398532,0.0
177,1165242.4703204494,71435.5873132444,407307491.13711035,8027553.336071561,0.6673458208973552,3487.295832632215,5.176261655001365,0.2089992768025013,14.834463084514576,0.29252786803384734,0.0
178,10515254.05127165,876955.4510761916,1533351589.7032318,55130132.41522206,0.425446539567655,3646.21652234828,8.359216579373324,2.8526529102944904,53.83071705542481,0.2901263651629599,0.0
179,287376617.69849294,116770722.96914947,10591823799.30115,755022475.7865938,0.707893085122023,1855.204685706996,8.525886990963471,0.07940739757471053,5.475577013277284,0.17743436559714698,0.0
180,7823.737172531352,1734.1441890699268,2104381.5926324357,41468.00443988362,0.739433696081965,3725.5559190511035,2.210098537469605,0.16992740880860283,11.841118564411016,0.42020823627824827,0.0
181,10061794.879776988,837496.8424453633,1521019934.6507742,53244201.10119243,0.7472453975473414,3730.2925112574458,5.596348432996646,0.05060371842050326,3.5909701734211423,0.12613426065889305,0.0
182,8246617.964071448,692562.5428103002,1437104770.212462,45305133.775283754,0.571531735866293,3111.869319319327,35.32452208443409,1.4819744583391299,31.19850198402748,0.20594648417724276,0.0
183,24986.922735405144,2952.5417186704262,4171881.697020641,119379.27422890431,0.7143232224573034,4035.3142883690334,2.012745300737104,0.08128494625933902,5.510835345244102,0.2587476066445114,0.0
184,802.1506513855768,149.4995529838954,346897.8973979206,5169.426612996695,0.2954658630752089,4253.507160849802,0.5630304456681552,3.965888329273114,59.257126102157336,0.3796575540406831,0.0
185,42791507.754107274,5525377.665988559,4562267945.040851,193550735.3529147,0.6248787641192137,3688.442024209443,3.5209508903734887,0.12876118974618223,8.774913641247021,0.15708113781940747,0.0
186,98069259.20366928,36310224.98317533,6878048750.791504,268406236.37473541,0.5075166889403999,3171.805757010503,152.60295217686573,1.5530249490055938,36.48435139528751,0.3888377827462226,0.0
187,53657340.25205545,7635945.035942359,3400415940.6924286,205399579.63034222,0.7607920678622105,3435.2797731149612,120.0479479610002,0.13545973183340349,9.864630020545711,0.2006207517546402,0.0
188,5704797.722255231,586996.0660004162,757049499.9355173,28168938.865747504,0.5069975449817933,3109.0462744974798,10.873217658036948,1.5610071921773319,36.525388707386924,0.17899605777660307,0.0
189,21665.79946963189,12200.492050537718,2559931.2215110855,69318.15396891057,0.6513685771230082,3395.6654970865866,2.1782672551439837,0.029422682350642403,2.1018444530387113,0.3772027263900587,0.0
190,774719901.0370805,131544622.88236773,29356399468.750874,2579186924.4875035,0.7036344108876277,2070.1855344741116,228.30791751743482,0.16314320521497186,11.878122497036916,0.10693946370829686,0.0
191,986100.8892127264,282357.9996864761,72399653.02162817,3423790.374094655,0.753274363191752,3646.58244901405,4.608607253763173,0.11049926442642706,7.228002531463638,0.21625936342829696,0.0
192,109585.53172100759,25799.40159438337,4920578.564923085,326665.7131190242,0.7054586584582468,3366.5317077982822,2.9099513732845783,0.03414150216196532,2.5752399806480737,0.209543357962969,0.0
193,11495.614429415851,2578.428419522479,2589146.751039191,56494.19926119291,0.747384299455373,3596.582435055351,1.9974844903159037,0.07141487588858837,4.74680478167613,0.3536451939387724,0.0
194,60154.63498834216,24127.581767560077,2231433.1444126205,151025.7505862914,0.08007280006939606,3842.8058567414637,2.2165584451742126,5.473165906803869,91.13772884638456,0.3176793484846775,0.0
195,48657350.6706317,6878740.125552082,2689381425.671406,181978372.46646795,0.6942481427231819,3799.593555839084,11.732191542721385,0.0840502452746252,6.180691932539713,0.14637843780456425,0.0
196,9492160.732524764,3803818.656836255,353974310.2929849,25891427.359966263,0.6328023615143964,3687.5901959851167,10.116342958375228,0.1873479777921913,13.044529315662066,0.07542230122302952,0.0
197,3905.297195909984,1266.5975958320698,1022117.6602440381,18465.948105280626,0.6669557634911782,3645.5383228565624,0.6128699395663832,0.13651287874424273,9.008535298483544,0.4421044318161841,0.0
198,1738971853.9811935,308497341.3531707,108214305026.51831,6384909993.3186455,0.622363621233104,1107.4648192714203,12.739288401788071,0.20599009476919994,14.53789409685989,0.16765590722491172,0.0
199,11048432.61785308,865387.0739577968,3428664693.574798,72362641.23938455,0.6767223001346889,3373.653481782286,15.21791025175293,0.12194661766816788,8.602595009735523,0.34693075252065175,0.0
200,75604196.12806512,7902198.065490234,8691241280.270277,357965854.4716063,0.6687195243551541,3976.752624943735,16.45792603809875,0.17741258256188663,12.294523139373911,0.3786723724056554,0.0
201,7875.011463571532,1247.5440766840286,1931856.2585224672,40937.965265674495,0.7424102602507572,3842.529011861647,1.1740711868262206,0.0517650831438277,3.716000526223296,0.2849002697719613,0.0
202,36812596.26184249,7557642.357782918,1355899049.1558058,115919856.64478917,0.6467261921851092,3715.3403697706044,5.062982559256241,0.13648334798905265,9.18747348764914,0.022493982516426127,0.0
203,2920876.1603914993,572785.1944433422,352237792.4208515,12640474.883697465,0.6333610061810097,4213.615908377805,2.259547423056757,0.11052016177214377,7.82443967086166,0.1910647518838753,0.0
204,7172.926949506885,1262.0667641569644,1792565.7525978915,37372.03587741209,0.6237349136064145,3431.650215750408,1.257053123079735,0.09416584070326266,6.963142680180726,0.4150314068658992,0.0
205,5327.210444292774,619.3149595804309,1857479.923904758,32865.45323106433,0.6727192992372462,3756.3064143760594,0.736432946697171,0.03851005585258145,2.7982478541031126,0.37052078324449583,0.0
206,3345132.7226543385,357175.55215501453,565175877.4920509,17242932.770768125,0.657270139041483,4405.373431593403,3.2462507388259785,0.1958225487123916,13.201994447245863,0.08532046917077327,0.0
207,23247.935457233227,6430.913259360898,3459862.317088125,98468.3351329761,0.6502887983436219,3818.986263614106,0.8825109547498953,0.06632280739544302,4.656917447559634,0.14778370477344355,0.0
208,3410781.630683151,566937.054520543,212742685.43567437,12859371.383553617,0.645782988929614,3379.086772932424,3.180066720642967,0.2420840047570266,15.503272968124156,0.1741355091556814,0.0
209,6608190.516667984,605166.2906450875,1037363521.0874279,35274794.39415811,0.6909804081095613,3927.7778154963216,8.446776560709752,0.09604954579463047,7.038858321566297,0.14624151489562712,0.0
210,22587795.63534318,7620242.202028354,489516173.4902002,56002549.10438387,0.6949704960559695,3562.2947650550586,4.121209258033693,0.124982161741272,8.979625391924682,0.08605246482259538,0.0
211,11831735.687496755,1413351.705990735,1303307429.4332254,53137961.19759478,0.6680126477321692,3991.270733261594,4.318659048247201,0.11282553892205449,7.602669273367856,0.177940285730535,0.0
212,8753899.133592593,800503.0357500217,1118409290.2337584,43780637.8883798,0.7458804656176173,3880.302635418303,12.876005399266141,0.10516132722996821,7.5359016685805384,0.040491219244290326,0.0
213,2536231.6543514295,661608.776962543,210837942.7703567,9410252.270520983,0.6402531846030446,3761.7222403405603,2.8411519457063443,0.10529880439957155,7.27684069175117,0.21597267280279292,0.0
214,1337224.380694042,103382.45435699672,298644110.1766945,7894454.237325589,0.7222915459915145,3690.618001002103,6.35108874649024,0.1402118912796201,10.260894432403559,0.2623416763075182,0.0
215,1690635.725779508,304454.1429844466,57616160.642484166,5436036.292985923,0.1838858369176356,3518.393943144534,2.472794321186856,4.114832630218517,69.361671749706,0.30581797903858404,0.0
216,12081620.391030515,991151.2410242253,2603683016.5144353,70771252.08417316,0.6874611333848634,3863.4052195797067,13.523235363693825,0.15374172153556787,11.02022034078128,0.20777595767441473,0.0
217,55768132.21361782,7102793.406332502,6312179402.0386095,254685203.4339024,0.07744068828326152,4292.269946593862,5.05074943709591,5.420230763503908,87.98749765950296,0.199039611201385,0.0
218,4904.070824851113,809.332822410863,1591865.512888499,28334.252522853913,0.6520164218121463,3913.5776402102297,1.071923515070436,0.14310201742586423,9.916652571896629,0.37682845979264107,0.0
219,5353.744250514125,1287.2503495934384,1520049.1876976003,27845.328722922015,0.6337924553534433,3835.0119443977137,1.0634648206969624,0.7162531559209834,13.752445289045417,0.2601957134365979,0.0
220,15079178.669363946,2844998.8096501273,1598797307.86437,61270653.17821167,0.7965978052689021,3090.392584272973,221.26369746435572,0.1598720021755347,11.553097413179595,0.20352932888600825,0.0
221,7692827.84004922,2228094.915941461,204948577.67392337,20238885.088461526,0.7189177448731686,3796.5656794299666,5.235195313184054,0.12800675561094774,9.240514963644591,0.12257870653543018,0.0
222,21637210.68830855,2638108.3660494587,2512654803.3351245,98440143.45860362,0.723047583017385,3562.8552252947366,140.8646698518632,0.7690322578484039,17.508413590161428,0.17687115441046522,0.0
223,113521.07006169678,17826.90897563961,8085037.204166219,426712.0995427463,0.5444623498347241,4250.573377849762,4.003079216631528,1.5708001878318965,37.32005120669071,0.35153775017427763,0.0
224,2199350468.981809,983752447.2942406,14468319192.582493,3950805452.529821,0.7017172641280801,420.30665887700707,14.64521394725563,0.11277184794014569,8.23415195441905,0.09730915775167566,0.0
225,130726.76012044688,55765.83133177564,11634509.745671991,443716.25634448574,0.6003882056327152,3680.5995711151904,2.0425872108932346,0.16208694607779658,11.545408996027382,0.6138651577401064,0.0
226,262104.9280120662,29099.207696570422,29674876.84524443,1197090.665752578,0.6602327979109991,3926.807691465774,3.289388567077655,0.1370173765802444,9.772112825475736,0.2748000962692538,0.0
227,8553926.448473673,967139.8314108873,1080437905.8949912,40705180.67244791,0.6317259413008518,3907.90902152791,3.609243026085718,0.19137496023028086,12.530799899593195,0.3339390437950258,0.0
228,8683.741978969343,5975.751895144325,1026738.0556398199,25152.939603086495,0.6736440435876954,3451.9112440141494,0.6572757077943658,0.022014732512117607,1.6875305298894858,0.3034994059267575,0.0
229,6665187.614809634,1482109.3458981074,513505635.5579931,25467919.222535767,0.5882759209541084,3964.0714768623475,2.391308246723844,0.10217699999527605,6.911925520704237,0.17402640504281944,0.0
230,20888257.99945616,4758540.165213128,451277264.99345875,57179558.39982651,0.1930476432387108,4109.007630375165,3.634509542987001,3.491777659894364,61.827557877008736,0.048991405101495675,0.0
231,286154.56585330964,112228.10285167894,9006183.51307,708027.2039868269,0.6601331172782701,4113.03355071559,3.3142566757427097,0.16296653076845374,11.345970326184208,0.006104909854558364,0.0
232,18144612.607338335,3227982.6346027553,1296291295.550291,69920265.87827204,0.617087662299707,3468.5396180145244,3.777131770843144,0.052805558681888874,3.730843836204046,0.27270963383910446,0.0
233,19569905.845156424,1677510.6399091203,4381361386.007966,113274810.73695293,0.4883140299389547,3081.212349874264,64.62558859664578,1.5328558379375155,35.03682643522609,0.2804343415887102,0.0
234,163119700.11984694,15324497.682549441,21921881013.639523,821647267.0912308,0.5950968520157792,4089.347236090433,8.391988900607862,0.7900717280908548,18.02088226447477,0.17325930593608294,0.0
235,118085989.61037728,9009661.75875958,25380295397.432816,697545922.9777288,0.6970070876759337,3896.451754683698,10.046540337936637,0.15686493136674667,10.78003748119675,0.2106970233160092,0.0
236,26449390.350813713,5506511.065175699,766488632.3988558,78030599.2939609,0.5038243942535235,3342.602123425215,29.5661517074175,1.474949982987432,30.654106986795448,0.16795035699189753,0.0
237,28913386.904577,5484039.891126173,823990102.9220166,87762932.69838843,0.673227589263546,3561.610448563736,4.771379218358188,0.15897461493556256,11.17706862045515,0.3961470082034256,0.0
238,731.436995901455,42.30094433331352,434529.3698041012,5813.400294363081,0.09739943176622291,4152.344999353388,0.6366003943607891,5.46196552592189,90.3185159056815,0.3509518425780075,0.0
239,211755325.70905536,106841212.6898182,3157782304.346073,422396125.08222187,0.6764358844591231,2772.231507634425,5.09535047347308,0.11498750550993533,7.938036575550619,0.29477675300264217,0.0
240,26658.689319579782,13962.574452466153,2206922.38837131,77694.81347849722,0.6630815711245857,3498.9700370644555,1.2318856444729194,0.05009761993742172,3.503937063164338,0.4452103684297072,0.0
241,8769613.521641184,651109.6280892268,1613437966.2358253,49700414.38820256,0.5555089722361927,3930.3093263694955,36.458833435031494,1.528045883252512,34.68398050501731,0.14200445511551957,0.0
242,17908967675.022533,4116526181.513929,385089033684.92535,48225501557.10119,0.8287158493971905,1638.7597610911303,1351.707965845329,0.10489541817835546,7.383808186675816,0.06353103864676264,0.0
243,10043152.335518803,1396496.7029590297,812808858.221986,40755719.63608315,0.7123508168466912,3636.163014204969,12.707068871814398,0.13677423655655802,10.043922591540532,0.2249599010361502,0.0
244,223330073.77708206,23120750.127053536,33794722201.170197,1140880920.4294572,0.6630333370835505,3651.2571929543883,15.735149473026397,0.1402391859865232,10.21814374455528,0.2136690149004564,0.0
245,19999.648053692275,4981.884704082977,3533275.0507895364,87593.76577457062,0.7316100721934664,3858.218546359949,1.9284750445976582,0.08697973697731243,6.188288218122918,0.25712545801429765,0.0
246,51631.74840774724,11547.390108056785,8091805.336326679,226153.45173679554,0.758745666255351,3499.8629546741586,1.5307881257454172,0.14383417115501612,10.515762776658661,0.14537877331038682,0.0
247,6053.653791277832,1879.9798130044605,1533549.738306792,30518.384701955445,0.6277426202785301,3722.0667070646678,1.0568109985337302,0.13054187499671918,9.137248633567978,0.19987416621488685,0.0
248,6086.848379760917,1255.850934371677,1604208.8223418316,31254.823067354075,0.6880691206673955,3453.924238540141,2.1197347699034323,0.19318747392813088,13.197781102862677,0.2428674482038861,0.0
249,216427556.33331084,30274124.883528896,25938145189.628494,993384852.7571955,0.5832369320534744,3890.3842264600125,4.559934884576962,0.10948268809818425,7.631432589421706,0.1821375149095766,0.0
250,8974174.11130175,924078.1207151108,1929992147.2798538,50641596.294691995,0.7084682059056291,3164.917484452623,27.04324456674501,0.08592875900339107,5.94389539669244,0.11310029324116279,0.0
251,65674739.25293461,8324555.5185498325,9106359765.112848,315093211.3292261,0.5982078127668748,3973.9712847810665,7.825829638384061,0.8209684841071656,21.219734828936318,0.23141053680919924,0.0
252,502321.44163331995,51315.68439409327,61371915.070277214,2426697.2377180825,0.6784752345093918,3638.4599534432023,2.884295326486816,0.07852334614249079,5.601015583748513,0.1181789730327971,0.0
253,3728587.316076733,823860.2233643142,314869765.64117515,12870993.512292918,0.25304434327294245,3407.2393946778634,9.070762495059611,3.4736409241015034,60.97485424155086,0.30517740328838955,0.0
254,4089.8038474120135,565.4227453216821,1222747.297181106,23120.994673706853,0.5844785680934212,3759.0593707217813,0.3989197929952347,0.02333127171574958,1.667604130334773,0.08980720305665565,0.0
255,28269382.443936937,5410767.497698426,1743047118.1265702,102231705.76674329,0.6928377369306913,3999.4651997442716,3.5165992939630333,0.1432687082726515,9.83301669161656,0.1356042150646333,0.0
256,8429.472958810364,1429.7554816413692,2002414.4128204875,43339.054957252054,0.7166542316696023,3932.067332142139,1.2416878707450463,0.12325298200434406,8.16161823177902,0.17294610564428628,0.0
257,50382630.175800346,11026533.195880203,3979850484.9982743,172444629.8245353,0.7130931642466725,3493.1945128054113,63.81287043539492,0.7805197887069798,18.391890850011677,0.2825775734454201,0.0
258,3953.4643781609984,619.5229338710815,1474974.3147087803,24445.6993129243,0.7230663798419295,3742.828465463769,0.4231157163161155,0.06810842027221833,4.855037578122364,0.38618063780484313,0.0
259,438769238.1594024,144549487.35629112,6122190207.074471,969800233.2920792,0.7694910341360965,2657.099039240323,10.70302047953846,0.08558365709160701,6.200521152995686,0.1543478388344503,0.0
260,4579018.19437925,633826.4604722483,265434747.2850315,17374130.4144516,0.6610479349218483,3619.897006659457,5.149617704204405,0.11024648730035888,8.121723608821092,0.08251310569217062,0.0
261,6187078.962959068,1117727.6501756713,311552730.2750704,21275599.453744832,0.6042836087345231,3697.4205619844233,2.7275861285542717,0.1497015740052956,10.591266501020302,0.14188089844613294,0.0
262,77891.720335643,27200.905248988558,7988452.209949076,278022.9481469489,0.7413309997784536,3567.8257422415763,9.14683807226793,0.1993729249358677,14.480475012419493,0.26882949639212506,0.0
263,1059026.909006128,238331.87676559406,58820302.991986774,3468093.5353751495,0.683181994382952,4267.490310524625,2.0489677644017554,0.13156386789092817,8.89910351022887,0.3661679913762376,0.0
264,6135897.460243065,713393.4740086078,582778019.4121964,27254526.4906011,0.7876564049603967,3381.2054628788464,33.33777408717373,0.12044840474728816,9.082487070274363,0.17136452518567485,0.0
265,11025806.220334208,1111448.4764056294,1384242203.7638052,54002819.623003855,0.6924184251066674,3882.628128663281,14.665184730221059,0.14206722892759488,10.156340883723397,0.0745560558865218,0.0
266,51892.62172990099,9386.454749232611,6633790.308805962,231438.81465643793,0.6499776745502421,3697.35739667465,1.953559563652317,0.2818890499928677,18.932101143929096,0.17025857236967729,0.0
267,10664.53422894383,1131.764522679493,2623058.7689895183,59439.60073202819,0.5076816949457492,3479.665446241068,1.5397501458995728,1.4902043792516007,31.560247716647645,0.45480682427201446,0.0
268,7130459.779422986,1412516.3898357328,239056059.99427074,22254152.45862361,0.7109314068599334,4014.0492079672617,4.422449479461181,0.1398727148150803,10.024204497057033,0.2216317963676309,0.0
269,1243088.5911706595,198734.1004799101,77755578.68047413,4685490.461180871,0.649890729019177,3585.829290809612,3.972174121323026,0.17887688127276177,12.425254784365697,0.1408122881899873,0.0
270,44026207.013494514,9778163.609771825,3223893435.906941,155426814.46271813,0.6598955929949062,3896.777418272699,3.668354748972362,0.11593153880381113,8.260617595163199,0.1871993761047333,0.0
271,73881.36806587383,33850.816130522275,3076596.5586106926,168995.12128696791,0.6556980449028582,4222.95676643001,1.6736662395635888,0.14518932998460893,9.638770066918088,0.31658884487099553,0.0
272,18182953.710437916,1910716.4171147705,2508586776.6172976,89064094.90596251,0.6992328277473112,3554.1654737747876,61.900658610451536,0.8448649236660228,22.779565712253344,0.18528353364559627,0.0
273,92427.14852431124,31972.001958366083,8485236.765306247,313813.56880141405,0.6573561926772846,3620.9315877597705,1.7242915262466445,0.7244042683333465,14.28473858258379,0.11250240856046617,0.0
274,48682520.46771663,5074411.540584903,6296902347.046236,236756623.61190462,0.3324002668982212,4337.432823971989,3.917663838012991,2.133290569633866,40.074082994190874,0.27784821930383974,0.0
275,2224672.8173384387,280787.1130708994,271940842.3231192,10372373.504128326,0.453159614778415,3944.2272139967745,20.50487846183346,1.5755327984380902,37.254517038962696,0.20381662915143026,0.0
276,14114.805537785276,6974.928506638222,1225598.6614222708,37598.276442320326,0.7835726564857837,3240.682981357319,1.4219949614213934,0.07865329587353491,5.755793654956571,0.3837013404152598,0.0
277,5000328.9213397885,785632.8267970529,299001042.5925888,18309493.209327005,0.596836487250229,4412.107985028553,2.4870867468101046,0.1846393355940707,11.779775845726245,0.10766421793618282,0.0
278,15167.731386862073,4050.7683001151004,2009669.1054328743,63972.99792362526,0.09244223502084144,3795.482075942677,1.4557409142407782,5.433395116213092,88.32721412304137,0.06018616805036265,0.0
279,13354.063937326975,4293.953940694902,2066958.3753663667,54903.70293355534,0.6439511972182463,3637.245090142946,1.2173850208223322,0.07511422927726627,5.508026146327621,0.41368230598213057,0.0
280,11015.711292872867,3092.8942322376165,1238727.622226193,38083.681256976284,0.6815517900555041,3967.577938928368,0.8798119214154175,0.10644306818390792,7.419141715085556,0.48752164030285716,0.0
281,6683.606321357463,2654.583604324639,1298069.0521132182,28223.14158157521,0.6380553157025295,3424.9204912194837,1.0527943699553581,0.03696306633424973,2.5615418496226865,0.1873719705662348,0.0
282,15644531.578184837,1547164.7556712832,2857353444.849822,85203005.66078052,0.5268792712657998,2849.4210409527323,98.41539396204266,1.5207724604477384,33.990049577140034,0.2085961788979427,0.0
283,23105.492865741377,10303.974838274098,1720219.2567244489,60388.61697372806,0.717800281408844,3418.710333293088,1.6313115236778117,0.06926451660839064,5.000594295964068,0.4480098211339819,0.0
284,1819677.0739824357,615547.8190939737,20189989.787638344,3810118.2311231955,0.6251451558502618,3859.136134562014,2.556532088825066,0.2515264227968238,17.483792570967854,0.12743017253677164,0.0
285,146884374.39383242,74826029.45576091,4742759340.252672,331194323.50487626,0.6917597561172715,3354.7981221125037,58.14727224640694,0.13023269871703658,9.730451151986134,0.3602624549906551,0.0
286,15204127.395474855,3660615.1744303918,631763934.8488983,49049227.120165445,0.7062394110519324,3453.046249155652,5.583755568935577,0.03943589774757781,2.9484694538857283,0.16764025506264307,0.0
287,71697.33049494552,11640.25092234462,11873150.271248335,344342.8226833083,0.6863712516472185,4314.8836477483255,1.6713305097259372,0.13090921082049026,8.932095941909214,0.1690794036683941,0.0
288,10466672.583793195,1684549.9073888517,584222242.6771083,37852555.308834314,0.6488617481645431,3569.472997879401,4.358551623833953,0.10536838487833985,7.143050574115771,0.3120532379079675,0.0
289,10104.411468931732,3396.8789823411366,1888939.1078840005,41928.831329319044,0.7562472631406033,3654.9374371768567,1.3029135738983606,0.0677591415428215,5.0438838883379535,0.24999504835134537,0.0
290,37056029.93040965,5258327.014872519,1904038336.682621,137483494.4680199,0.11959908602758104,3933.4341509654414,5.867952037350663,5.483954028256955,91.87389897973803,0.04826423801451016,0.0
291,12395503.259376582,2827557.9648370612,427023132.8869034,37412769.90735561,0.7745164339915691,3145.914297574953,65.44507922863276,0.7985322944805705,19.844353122804378,0.1055670688571635,0.0
292,700644305.3729618,210659943.9626027,18838809260.634556,1844708520.5935817,0.6922881633656376,2331.3333779723607,9.729452245614679,0.1268764581824345,9.029566645828622,0.164777029287451,0.0
293,957700.1109823047,361487.38910364424,7537543.965034614,1843254.9447783153,0.09452868402046816,3655.397985341828,6.023218157936099,5.5033118334584055,93.34159599798076,0.3549145692311429,0.0
294,40697352.079765044,4641788.223201695,4764570447.24948,191565355.88430208,0.6378763267716921,3669.633784739066,3.6124901767038002,0.12486524516686943,8.532132520887393,0.18140988163024413,0.0
295,3077110.5617802707,1172914.7919669338,30553671.122584037,6021499.225049508,0.698379493251996,3531.5338485836282,4.98609915032286,0.14831754998132451,10.509262470401913,0.029846217405548957,0.0
296,157171.26193884053,37608.54789609301,13101373.197535418,564348.8966316639,0.658054042810584,3957.1861005286023,2.038910049179051,0.08658611872216601,5.738632045284407,0.19627546485081115,0.0
297,8130.89792940242,1668.604159675028,1998789.974186778,41697.812927259074,0.595484137351591,3573.077345078993,1.1621151304336157,0.055098696641572256,3.7832567380200657,0.2259255985705089,0.0
298,92189.08577635074,76652.43588412498,2217284.0728715383,154306.74096533228,0.6443517492615132,3973.990318877451,1.736210170842107,0.19001366527069702,13.370898817823889,0.5211289597680102,0.0
299,13467.779102734701,2211.6252017623247,2053025.4269131743,62425.49169888375,0.46586198885359753,3724.173300052141,1.2746905388518823,1.5770093419443791,37.71320060909339,0.20172161554877274,0.0
300,58668891.70570539,19258570.686131116,4021707731.26246,194743776.17586115,0.7117033942757318,3795.0863033294527,4.132849854216826,0.07085540730200339,5.041600888904403,0.24758448414982878,0.0
301,3350261.6890535215,547520.4615063325,390796886.44192517,13772126.168678839,0.7307937370415853,3442.9145240206726,12.75769795176361,0.11188131679873088,8.309280276148003,0.37812767829921173,0.0
302,128314369.99416837,38310757.58066801,3168960782.415763,326179368.2507459,0.662489378032406,3791.3771153658645,7.343351781636851,0.17481931639695417,12.08250635692794,0.25218695274098,0.0
303,10240697.576222526,796060.0081518514,1774039588.6864166,56776612.331020236,0.7102358592255541,4060.990971199384,26.18777558816857,0.2601948876133669,17.141477693666644,0.13032220945439862,0.0
304,3025.1741139910023,390.157644074057,1074749.1944651208,18486.804093263636,0.6159991707327241,3743.0647275256406,0.6023000837462228,0.1298303533742029,8.72852405283565,0.0736988516531912,0.0
305,2007723.584416865,362445.9649170676,142144555.3076922,7446768.939536202,0.7194249623112262,3685.8678762669115,4.2425537222999905,0.15892733704308135,10.69419058098027,0.299335350474783,0.0
306,32056427.665491212,3881679.4834971996,4260880859.0083704,157254251.12953284,0.6894200323115667,3362.6051712945364,4.599190757332981,0.03260035083120032,2.3641841352056376,0.29976451927572006,0.0
307,21412301.270828895,3573467.431644514,884920091.8068174,71732637.55663145,0.6949106976402224,3860.91531493201,31.29969138420983,0.13622968343049421,9.83685507264517,0.22037707841842988,0.0
308,48767.53902603616,18009.635983799555,4772405.915466023,174105.42696974528,0.6670424711976131,4040.5551093427875,2.189454727069372,0.2280639479689274,16.047917969060286,0.350757286177408,0.0
309,25074226.31231102,6970592.382644499,943952295.3759887,73107233.64542016,0.6703405511939723,3830.464720175652,4.4659912888084365,0.11957877974624465,8.677458725089593,0.12586111360456403,0.0
310,25868757.578483243,3496903.1175774084,2397919377.3170624,111639774.35616079,0.6833612417925456,3668.5355441187476,27.940506276402072,0.09592398864479926,6.726784594916085,0.07463727296507375,0.0
311,2173.259002029058,311.41918752440785,1026476.8049965238,15045.564503536565,0.6645857252423711,3788.338980580041,0.6772912115913581,0.8079011648441558,19.83077038618139,0.1280067948746934,0.0
312,171449.7726063942,113804.51825123231,4297627.130106378,308706.173050881,0.6194807201413146,3735.4335486291666,1.3705236934304263,0.11693132380649418,7.86104443316218,0.4267476168602173,0.0
313,5653972.755461953,1869933.7641525704,225578396.04081398,16792923.08308464,0.6491767837715917,4024.5592169020997,3.655233491818995,0.11298521612614412,7.718941451337477,0.09909993598051973,0.0
314,3796.414686680615,616.3710326281065,1497420.9904579474,24497.48363965976,0.6960276811011123,4007.251891524821,1.0026409701203167,0.17173060581388322,11.598114346231165,0.26651908622639603,0.0
315,279731690.33794016,75801802.57661384,11422166333.97538,801651832.366231,0.7169639876187395,3058.7984112666604,150.53542255800267,0.26393545524791834,17.91714244083471,0.20940788761874943,0.0
316,2456879.771951975,358002.99832100293,167732704.74575454,9541293.618519329,0.6645793008925016,3601.2194703470354,3.3173203381761733,0.10254597910150824,7.401590136028494,0.1309945151907016,0.0
317,16328.891394229931,6955.008041445622,1740392.9324465916,53869.93744812489,0.6150869181213612,3637.8783543512723,1.1899742911158506,0.7949847879057519,19.11696241493327,0.45669853766996316,0.0
318,5341786.156845299,866635.0455380402,514801316.63061047,21550626.5560303,0.6304966358882945,3496.237688518142,4.897961300832747,0.1129731537611133,7.580037589532546,0.10205446263214693,0.0
319,139899083.9142347,12158310.776142355,20493074813.961964,728836972.1233704,0.700027152200346,3934.5359792585123,5.955532214971032,0.1427009527551661,9.709507518767005,0.1951368691912625,0.0
320,6901.349271011815,2967.6424540910075,1148784.1094226048,27394.018447469403,0.5172896947292074,3548.828755929185,1.9718892774091796,1.5204612464217142,33.464995018598515,0.37354080412744894,0.0
321,51116587.063799866,18476911.074855182,1947753685.0866158,136808396.4327303,0.7490235810780865,3693.5824691688576,60.45574869224294,0.10521378948146251,7.330101195909594,0.12038904656969869,0.0
322,1533720.8248345393,624263.6494416848,13848613.806851601,2839427.846321696,0.7462641743390555,3335.6900306705484,6.5029750297042295,0.07109689642728592,5.034935178335681,0.13781114520081542,0.0
323,76988328.93227237,29345665.972824544,4390298172.67811,233538836.02944437,0.7206752569486049,3481.563395993573,6.363881324799657,0.13154149518937136,8.686419882986593,0.20752308115472604,0.0
324,3369038.5164438873,459683.63064718235,406843098.20446193,15502157.67557314,0.6408127501648846,3829.2548110513126,4.209260158286166,0.058099537970229334,4.157298096443704,0.15988934154052228,0.0
325,79758223.72184668,8133685.366845019,11886398731.913649,406973660.8961063,0.6214798254931907,4168.102111782473,4.1174627386137415,0.14612809762896148,9.696129732983135,0.21020655420591097,0.0
326,33884202.11017022,8204244.120726856,2993802709.3955035,133264562.77745381,0.6033179703445531,3722.236036110059,2.1675406720246886,0.11767743507160038,7.977111885023817,0.1404784216563443,0.0
327,14677209.90015344,943747.6478021691,3649340099.072487,91991578.68486997,0.7571411684853617,3740.8273428638386,6.356993676620111,0.08347251138456757,5.6950095812928465,0.2609063039480152,0.0
328,5935092.5889650965,681242.0190909313,556451504.007107,26244305.58140297,0.7061452610273651,3738.1611739278746,4.111871421743602,0.11593465865886969,7.942757988281796,0.18242715393941566,0.0
329,92391436.9391084,6323084.092448379,22239383981.661953,567412731.6973078,0.42433638628358583,4205.092722857682,109.99153142674822,1.6229090564191484,40.513906599595416,0.20280037063201564,0.0
330,9315419.699912583,738884.7374437687,1895924440.5350277,53588004.36226913,0.48146309657874387,2881.7874926257673,16.662959188213957,0.08106538006532445,5.565972393748922,0.2944078759459074,0.0
331,1990.4822767779472,219.16910867228017,973990.4630682042,13971.383854318177,0.6409279726466837,3740.6960778889043,0.46212351234871224,0.07913315082899261,5.279648787167427,0.1330600663785717,0.0
332,352277.8550294259,35126.4727791318,56657080.418081805,1804573.9967237753,0.6173967642190228,3766.3224283904055,1.721389515248489,0.16152282709586077,10.818832938079058,0.23793941872451854,0.0
333,13305.119109519994,1642.3564690414908,3725390.3705988107,76281.98685035083,0.6625276666613467,3844.207747397298,1.991693017101475,0.09894528405085881,7.2173687784683365,0.251422028218038,0.0
334,7724393.418347605,1080931.6463364798,444424855.04522884,29071548.631481253,0.7323073105722605,3545.1935872375916,50.62150588473521,0.055313834639546575,4.096481992735529,0.3175340088783006,0.0
335,4891639.677451395,572413.0904718316,376566655.0933632,20589061.463106677,0.7406691072066505,3919.610000329932,7.135113042547859,0.072179685493691,5.185204555339423,0.20927555299630446,0.0
336,7370.833386113441,1120.3706895539665,2272429.776722971,42784.76535898664,0.6344885369272542,3462.19395224478,1.4165706894548915,0.07773325030394948,5.299530080746807,0.21821352835536037,0.0
337,7827.167793228116,3220.8493083026033,1647180.5028047108,35056.74694959935,0.6662770373650515,3398.880872384154,1.3441601892036208,0.03093234541059813,2.196226494330051,0.3136788579561566,0.0
338,29328087.65716374,5589214.744137952,2198989803.66804,114887115.70055752,0.2929258357207213,3878.4690635922807,5.6632723875236195,4.092090806388702,67.45436697218015,0.1271932211568276,0.0
339,33550731.34337868,4545269.361030457,1913488272.1983132,127865026.14664605,0.7102953079997004,3665.0273180289782,17.06982538049731,0.09399079150413092,6.619669307968489,0.1611913872217205,0.0
340,112583486.6652439,10845742.085570434,12247016964.609741,536138314.2482858,0.7668864651531248,3855.296391071518,49.02817240640092,0.11631457645553515,7.926643851582374,0.1229770161358116,0.0
341,5089925.146908329,567478.2577459934,663595719.18849,24586225.09642155,0.35324118075539984,3585.2016929078886,36.59930691592574,3.50965292856509,63.55344348721867,0.03709624528310825,0.0
342,19385.773935388635,12951.114812750453,2334785.2547044875,59023.397499237304,0.6481685396802608,3374.6607015250365,1.6478691625899116,0.040782678847522735,2.9288160112888506,0.347103913909206,0.0
343,35647586.10608496,7592116.1004702095,858007079.1526245,100641226.50839047,0.7407514053280867,3361.8848003859584,10.68868316886956,0.22767066111585973,15.843572931903614,0.013790935535663781,0.0
344,12344267.746431913,1653645.3095715619,1251953384.8951647,53474193.23669775,0.7059601944785862,3618.546787493842,19.97166110500201,0.12596097913223225,8.76888527045222,0.11310808139589032,0.0
345,4291598.991715255,812996.9281440984,184630695.135823,14185426.3429411,0.668024186333331,3753.9194523416213,4.170202285057065,0.08320391491973585,5.552217937014738,0.07582674005375231,0.0
346,16470.602125365163,10922.161605283376,1892503.5974808596,50075.65834799465,0.6522937680760811,3526.3975543207725,1.6148871465482553,0.08510061341071724,5.860449600436722,0.3482110154803563,0.0
347,10138548.730089838,1842561.7973004864,681426541.4613575,36431889.61953819,0.6574570458193997,3526.405426659028,2.399472181158673,0.12104199071882489,8.361996421618752,0.08377385956971582,0.0
348,15773812.312406594,1206319.4494535248,3825310642.487284,96428595.86631238,0.73535352642581,3285.340236441115,113.65541611545136,0.13945159048986486,9.818113648247609,0.2731884834259953,0.0
349,23303.843814822623,4333.238604176533,2601372.1603833847,88426.84828597486,0.7261257584014456,3927.0484579752556,1.4449489756081244,0.12115357636263271,8.455816443172557,0.11708674178589538,0.0
350,1484.6027964788532,216.47775217540465,693853.4974689165,9933.16619533831,0.6324811762649212,3843.716737854882,0.841742707054069,0.2136870529064999,14.401284884179365,0.1436716329252967,0.0
351,27986515.28430333,1723310.8167249921,10044119059.803202,194749093.12616825,0.7342359909448468,3473.6387909999526,110.01460857844307,0.7242733119438893,14.047316051935757,0.13843383536538573,0.0
352,15734.207730035982,2163.6415517025143,3089853.627821333,77136.36620971552,0.6550019865281845,3546.202431261023,1.8252173381142096,0.08958017996449294,6.304707167552005,0.28244273879693377,0.0
353,61372.58495859598,22150.329908897827,2989225.2003354006,190881.70690294754,0.41772795174965777,4029.836804624181,0.8860350117430598,2.151063120018194,41.229074267548654,0.2679068240092502,0.0
354,4793.249838575921,456.3940157786582,1898860.3774330423,32549.723311324,0.6387367346000213,3663.9819702581935,1.163264367606684,0.1500225155074192,10.770384647371252,0.31078067134558485,0.0
355,53848.380832392766,12353.73731667372,7291457.248125878,223045.3539285087,0.6948409285610774,3985.6047919211824,2.7094882816474555,0.1149539782907815,7.705345223890267,0.21098765049659912,0.0
356,307135893.6256051,67802233.84242968,25847690333.312523,1167803184.9915614,0.6643216655539235,3448.1072881466253,7.101808844044285,0.12639038853275056,9.207317228455755,0.11455239575320296,0.0
357,4374.151085527985,485.62347081995574,1594385.443412343,27457.2256817628,0.6738744472212621,3760.2704120953076,0.8911594411569602,0.09684477994011002,6.9620943997807485,0.38200228999183655,0.0
358,34361868.66194854,6396097.972729483,3785302823.7123823,149956144.84933966,0.6868513782014498,3479.0384252020917,3.6035331987377863,0.07974250187142724,5.887420677889473,0.15989197582640494,0.0
359,6267.003426259704,676.5381741420415,2447486.3625080455,42066.09740040648,0.6244397751840929,4024.3342667715083,0.569806325839707,0.7085394170138195,13.033893164626312,0.35116080959036416,0.0
360,13610376.794779098,4223441.108751332,584517689.7633873,40609228.593213655,0.7213968640319792,3956.633446045645,5.925172357446085,0.07564430611673308,5.664442349152696,0.3038168717263953,0.0
361,39437690.28955406,7157871.537640969,5701915861.088309,176198797.17377955,0.6744772805912265,2568.6723132237357,467.5747435426113,0.7959261532302895,19.267513240952418,0.15915695582536965,0.0
362,6301.227291493614,2275.461990092318,1365539.3674311968,28248.769911817613,0.6544439442618283,3521.2236923606897,1.1245965028746399,0.09252585754112977,6.791636217862683,0.38960358875883355,0.0
363,7820355.321985945,1322995.0288085986,577186118.3737426,30720590.1487405,0.4611216131322021,3289.299366328125,10.223967432983377,1.6244466777604198,40.935582039546524,0.3529494455908698,0.0
364,18630.86010168495,5533.154729510283,3478739.8688645056,84806.79854478533,0.6874999708302821,3684.6240619279697,1.8599531269393268,0.04684285099274943,3.0295138692451102,0.24349457881952286,0.0
365,19421.80620795019,4042.8155887815374,3327465.736238254,89061.70148853585,0.7439430173639059,3405.162842761595,3.9920726033892824,0.1185038979861921,8.61955028175679,0.2029153109946231,0.0
366,22683964.91564218,7819049.774800301,1560382930.8031707,76591847.23784874,0.5796870593069325,3729.8712991213656,3.289347739239348,0.14988477350416698,9.685722902765592,0.15839391894857613,0.0
367,486311.7220589821,35316.29751545725,157902563.33345455,3199830.131849772,0.4439484837768067,3727.6689053219206,2.1842348355567576,1.4503205970721094,28.83008823210116,0.3892232696107725,0.0
368,2113.6490150808013,184.5969338853118,1047353.0705697773,15244.723566898454,0.5643291974525777,3857.358536857672,0.8646563851220808,0.7855770778930685,18.279145844038105,0.24948037476631926,0.0
369,88594.58963370285,10050.379561675203,12789934.295980787,426352.5291963187,0.737169530699371,3719.0042793234943,3.0765829672988776,0.20873975578224863,14.848030091761382,0.24314868631289882,0.0
370,3930.283432434305,627.3907279157953,1392900.4789093803,24228.993695097837,0.6653148535353036,3592.417180461055,0.688602319133375,0.09809935528324942,6.934820389444435,0.053666479222602544,0.0
371,14540.30103494706,1589.666848322878,3760847.188007309,81521.75099724224,0.7348051730512707,3356.248151854873,3.1367146467403955,0.15319919188984904,11.412372185375215,0.337062411137717,0.0
372,62087.82775156204,56735.43700852238,1687651.7116540498,99388.74549735116,0.6575080261278637,3350.4935116587517,1.5939321848761037,0.06248473955330214,4.381766611852901,0.3752507810049894,0.0
373,25122089.50462042,4008356.6667572097,1345821135.162132,91748544.11489305,0.5870409363143876,3804.393437110088,3.5393274374902233,0.1263194719629004,9.272451760977178,0.13392318091121883,0.0
374,19262673.956459206,4073347.904530055,616861228.6024088,57155311.99917984,0.6598821042598806,3158.87234796592,68.07139557486727,0.7710316691381889,17.400540673051516,0.03442035268736908,0.0
375,32563705.64650364,7355264.170345331,1064447911.182725,94103986.22462967,0.7463127961765756,3611.8903045427082,80.30400490502291,0.16260746731511605,11.970489627088114,0.1414258317220459,0.0
376,5769.313365371827,829.3701606315377,1355674.3456880494,30804.682788006136,0.45869795658428825,4284.7519276013545,1.143976871859241,1.5692395440497902,36.97095862544084,0.3536606960876572,0.0
377,22238634.61626519,4103447.3027648306,1019226238.2371302,75977096.81191567,0.6930658635481705,3813.8769949430102,7.027062167720682,0.0823256421980724,6.079689285823238,0.21395456191387682,0.0
378,69064421.03803392,11902019.615097787,4287120793.7255836,248112109.83993882,0.6448155700367901,3772.0962539464927,4.37999658911116,0.1521037142285401,10.768169033135283,0.1769409654628619,0.0
379,39006.985306156275,26342.971616394312,2849585.2971571255,104451.62165002972,0.7151009060388953,3508.420984771198,1.7757437045975994,0.16303373056326054,11.118217836460031,0.19756028251223873,0.0
380,12700930.046307348,1298408.0760962125,2328844774.970163,69195339.9139991,0.729883476863575,3057.2622123451692,142.10220442179198,0.12627612514057632,9.147188217865672,0.15376654793034122,0.0
381,9238897.073898617,1784184.170889567,556842355.0331546,32841173.31346681,0.09342627395956601,4194.633873164483,3.438873278660078,5.441453820441094,88.70367573073926,0.20251289809281994,0.0
382,2779930.8996768445,640542.1630039022,116063633.84562619,8716212.435162723,0.735095186830923,3742.249003044609,9.049341384908667,0.08766635873037369,6.384344323994702,0.15395263037248796,0.0
383,2515835.97713178,384935.7525822012,142713678.10442144,9353127.258214785,0.5676536228480012,3884.7599700375968,7.161948515233629,0.23548218759168824,17.211620693974538,0.07517768634899168,0.0
384,13224856.900285553,933764.8736095524,3132958227.6512556,80626498.24400644,0.7358042040292766,3038.800952167065,73.25516583789219,0.1046020170618914,7.515711265623625,0.257489124811139,0.0
385,1950230.2032440472,227502.1176800082,151485910.24424267,8228753.960313094,0.38413026094470476,3598.451710565534,3.648877489905923,3.3981175530179337,55.59978314132444,0.11839181406995931,0.0
386,7025712.0341322515,1748395.7094885893,224282070.39180404,19292230.94229644,0.48300643685388145,3439.8306002571708,4.361812146304358,1.414984791087099,26.133507525063493,0.32557912934188615,0.0
387,1145964.5623892192,197401.7795203397,138662398.72637483,4973833.44506924,0.6198698904405634,3718.7448006607233,1.9230546681889464,0.1493261872975486,10.60640949099858,0.08275450484493138,0.0
388,36844273.24610759,5267212.916707663,4925673407.25004,171066541.64335838,0.6948152974105091,3169.864762285858,118.78485880833514,0.08502324722006822,6.427392620466952,0.2724762487793163,0.0
389,1648.0735421471265,168.91223149324065,843010.72595204,11869.032840936354,0.49545761591605614,3702.8929838885797,0.8363739045161452,1.5178103760874397,33.52681699938775,0.3524015555729171,0.0
390,41076178.62326394,28046976.513863076,213230372.43099982,58508303.7819383,0.6921160605038934,3508.564915634278,7.847986193008121,0.16114820709812686,11.893721560079204,0.09191765296905849,0.0
391,1329411.0751894386,125594.62892046648,153391939.64493012,6418298.490329066,0.4515836202286688,3241.4667745925854,17.463362391640295,0.8795230735852346,25.926136701908764,0.30112468429861106,0.0
392,6470873.325120662,1581571.7662446161,243731184.29895893,19576423.8441504,0.644937287401845,3636.8093316007166,3.3539301165436863,0.15565269310746466,10.771780593981886,0.11500240690331241,0.0
393,2242368.437689711,535331.0579445187,171442857.04836228,8186864.162200878,0.6779783719220671,3866.0915500950414,4.961069761181937,0.1627303903339076,10.890732981738623,0.1805008698935456,0.0
394,3166159.912208791,699307.3428597829,158183133.5973048,10748394.899320625,0.4011005581986334,3890.3780878026096,3.2138790453938286,1.4721147488984716,30.70803319867077,0.2810316543675763,0.0
395,125561410.82668085,41641740.02641554,4380155100.825618,323528014.2386575,0.7529183062994335,2900.9281080041396,1826.6344041607913,0.1360934997623165,9.96454607446432,0.1615519151770654,0.0
396,14966925.981162775,3088477.669037228,932280855.9301094,54515666.51198379,0.6575203881143497,3526.763545447927,8.350064148811462,0.1505010037554789,10.460365272491268,0.1252306580225375,0.0
397,4873011.364369411,850119.2839101277,260325571.62661117,17437344.805609256,0.6119519683053947,3754.24864060461,4.141045881538418,0.10075329830507584,7.146576976015166,0.27449174221548767,0.0
398,124621.67848580545,81503.8799715717,6385134.492675142,300701.57334261696,0.6599657604035718,3477.236838904578,4.044862439939267,0.7703879528308172,17.42916676295723,0.23094355428384555,0.0
399,19905.34868844806,5211.964915660026,3690136.057449379,86113.96525380923,0.7356982009132265,3794.534599752567,2.460887034669243,0.06403498480762951,4.592358177752628,0.40767946890067996,0.0
400,17037811.421789296,8239082.35382946,711562860.7520895,47986372.83467415,0.625797957999889,3696.355168693693,2.6266348054663933,0.10655822107240845,7.055103782402031,0.30742382946596825,0.0
401,38259.36956289346,5588.690504500437,5733465.93241517,179739.2270062223,0.6486025719315867,3979.0501004132575,1.3357264424294153,0.16412636427588884,11.175183400721902,0.5107476607227616,0.0
402,97177182.67833236,46569223.15816475,2419478724.6347365,221908356.34999782,0.6713309143402307,3553.575454651771,5.8269005130958424,0.06076768992181307,4.2504158696390135,0.06286368349794416,0.0
403,4058792.0568389595,1970355.9520755026,153062581.90997133,11261193.24278481,0.6846675481509035,3940.5970843001883,3.271785470569712,0.11439471527283969,8.117377948994505,0.11372041946994316,0.0
404,385811.0751944361,39318.42715314776,60238101.6488332,1956291.153084981,0.584214711324119,4099.602623008118,2.25929150567151,0.7375410162927662,14.956155663593199,0.28711121019480107,0.0
405,29282973.020027377,3342509.1955591245,4290697297.1786337,144897652.28622928,0.6947676922509027,3998.578581935887,25.49699850196435,0.07190261728904002,5.134821482271529,0.10119808284760888,0.0
406,225535797.83349833,85151083.80223921,1892040679.8598886,436437998.21684295,0.7637168715236895,2748.3917550749084,15.895790150306663,0.10851889684500841,7.877376698062273,0.1671606572478461,0.0
407,39107388.95065384,4547703.455880633,8473927310.115384,216537581.3296178,0.465990245622349,3580.880844475563,147.7019986915436,1.5830115433629075,37.56315151936974,0.33788915868803876,0.0
408,908254606.2994349,103481407.03826627,88474475336.40083,4021800296.784243,0.6702986905184148,2247.774076804726,9.657015350349686,0.2109200920721622,13.458234865209084,0.11803917502721702,0.0
409,233340053.13881102,22882351.797750123,28219593837.910835,1139593776.860539,0.6182832265298057,3636.863811494638,6.208055656000305,0.18799108145521118,13.263569329672237,0.2067654765989037,0.0
410,22095254.08478657,1839341.7234806072,5565422819.831278,133361111.54648955,0.773933547105105,3313.6723104816683,293.1635532778857,0.11250674104879019,8.348759607802071,0.2822575505134141,0.0
411,8967.771609649262,2420.547949630206,2645978.756473501,48993.611879198266,0.6452600676085937,3664.0654861817206,1.6607606877195369,0.7125357340251267,13.260304202252708,0.4587225915602755,0.0
412,13083.387914678871,1403.9682018427714,3475074.7629509987,75964.84579197735,0.09391980239580391,3732.551972741144,1.6554055193685089,5.491868777122286,92.55164857978252,0.30319258238440394,0.0
413,29372240.36384358,3891337.589588029,1690128226.381513,113065499.5355571,0.7658615964175848,3836.711493400055,17.24006617797702,0.05091927643780227,3.703183407598601,0.20397682005520254,0.0
414,44144746.40504068,8520885.014470259,4627591669.413698,188351132.23505574,0.6716137376431423,3688.1055823023257,5.9916175636088775,0.1338780168082721,9.243609294631804,0.13538321441072831,0.0
415,21318303.51481053,2847566.515063182,1808734284.9004989,89312498.3878294,0.7395111582593722,3618.547457059627,17.367207141109674,0.11816060081015864,8.409227471760332,0.12428753021244071,0.0
416,1312646.7207588186,360823.84497360757,56702073.50027893,4047496.9130309583,0.639439948703391,3972.954664834312,5.201876020431762,0.7707018998967357,17.065350269333898,0.2627097770808388,0.0
417,19505706.5515106,2314783.234082822,2455483396.847414,90891022.05414239,0.7382625930766926,3182.277556359786,222.15628245589906,0.13261953072629734,9.71620717427145,0.25986220131543636,0.0
418,3496444.8779622815,555502.0116140852,189239513.09512788,12589113.891824322,0.7969812994602873,2866.972715655572,23.780253253247007,0.057082939257858546,4.232159120282438,0.20608970793682593,0.0
419,20522836.60798493,6799376.870412837,1420886505.0485501,70715241.40529934,0.6549965672955486,3535.361481009584,3.7670870346544993,0.13381291538744203,8.812039886258923,0.1732420267663758,0.0
420,36658542.483126484,4290823.2544540595,2716396472.249324,153645750.7330377,0.6798496151003822,3867.769276686276,6.954015799098114,0.15429906553370945,11.380696774316796,0.1585813766140168,0.0
421,13458902.106764039,1521566.713548155,1194649053.4714031,58875251.45305574,0.7118129792817601,3493.2553990729407,5.641983046645293,0.13096981913951272,9.276798950872879,0.2139705850171641,0.0
422,181706182.11852965,15412654.104448866,32729634005.006916,994791777.8039801,0.7014350911357602,3754.8292436609336,274.60641459887313,0.19041847657049643,13.188362319044632,0.2205378301414185,0.0
423,472138.1762134539,121252.73903627359,20926871.054536354,1386749.4518687916,0.08362826135553872,3988.3694401498533,2.7479786075932644,5.463138063316333,90.41410190520055,0.28917605344857983,0.0
424,15794762.016618755,1260465.2516317887,3867827777.481931,94885890.28905931,0.7603975555555753,3586.0073161310684,142.67341652167522,0.12783446335667917,9.327090534768889,0.31094772549507677,0.0
425,2877.9035093524226,737.8674560999085,1132528.1972735208,17280.438771744528,0.7072976735071921,3820.1924996130383,0.6108712194985032,0.0709412010267565,4.376684224544244,0.3237095088688854,0.0
426,4623.565816799983,930.1862753282596,1421680.8475477088,25987.942011909134,0.6778933899431382,3578.7748185495784,1.6632623270677465,0.1427830156375772,9.968331221728771,0.2847729102822894,0.0
427,11736614.61545589,1833454.4679551814,569625180.7889371,42079361.60029653,0.6642028598246944,3825.801228022732,4.6206927410192,0.7761057630319876,18.195188975788476,0.08595671714235356,0.0
428,788749147.7053211,132071683.25866035,36267046636.307365,2712650932.5001955,0.7591333584578452,2442.1582298538924,202.2856206230394,0.03006526712640998,1.8809138662986684,0.15202286582268976,0.0
429,31122634.882987905,3737945.921980879,2530433551.2637677,131640595.07106109,0.6612902521802764,4070.2369348094226,10.79390006878669,0.10751990913055484,7.637575315472371,0.34393040388644314,0.0
430,3245495.075037668,490644.43021150195,151832324.42794415,11534430.914948557,0.3459088984860619,3704.0189269317434,11.717701685563448,3.5086626977802964,63.4829818968512,0.18947699883753522,0.0
431,6642047.089337033,1238476.0397550869,518548414.4232569,23656473.642883874,0.7167867772503421,3285.1686290437897,11.109620741949946,0.09180146340177116,6.522346466079247,0.3799609895168078,0.0
432,15612734.275926208,4340903.933160338,456022592.26300776,45174277.89003772,0.6453281198468684,3667.9932873086327,4.130091144273279,0.1379721094413023,9.548533118391699,0.10620288949284272,0.0
433,7367598.943931757,1122846.8263676092,560978511.2555914,29477037.99629604,0.6968164259735902,3893.0318537692624,5.005595856509806,0.10739324019509952,7.770979210176056,0.4015383636722687,0.0
434,492452913.0534285,286100050.99388045,9125834734.97964,1015589874.0623547,0.51909721972423,1695.996344505143,5.9969449614174986,1.4432572330649145,28.102052798230908,0.20397531757359752,0.0
435,5670948.513366841,452548.5931282632,994740100.7369093,31449669.615541965,0.7072694072053434,3835.059132063986,8.610518193644706,0.12653830017505427,9.058440993582245,0.3816804358569701,0.0
436,81764.56516379784,20514.521723865902,3324677.3920087977,232000.25261185365,0.6529518193163305,3127.488372255031,1.591874296480122,0.09184320456206843,6.90683993541501,0.28660828619948975,0.0
437,55145933.92991342,5610723.090892026,6083933965.09199,261416619.22224244,0.47179482479879364,3913.1073320408636,4.597125820943475,1.4718080390494763,29.953706413419695,0.12859459703838447,0.0
438,14346475.596195187,1193018.7817860446,3546081502.2800612,85516548.50435719,0.7440991462500798,3757.1094284375577,36.47160592782798,0.12606889122629256,9.231270292248263,0.4283451871290944,0.0
439,400386.28529310273,56506.41014406646,39243980.68216099,1701515.0726630273,0.7093105406836517,3436.1025223002116,8.26723108345889,0.08249083261831922,6.051997031658637,0.18333865410356628,0.0
440,20301317.451172274,3442576.818320977,1307361007.8207145,75979056.08391713,0.6511955851571375,3613.372713959563,3.975260068163267,0.11698308132175068,8.308211607743843,0.12417146233146262,0.0
441,4842.6029185393945,2636.3430829891117,1166363.71272959,20342.330447715864,0.7055657604915243,4045.519538877998,1.4057502391997674,0.16387226672741545,11.405210735409684,0.055941949011094776,0.0
442,388995.3338453209,234759.67321085618,7642265.776484606,730264.0451956228,0.6534956073991817,3286.307198196031,7.1413889559359935,0.12787807258532516,8.984537808950869,0.20816135228410054,0.0
443,1151833.8891227162,442844.32140148024,46700363.774010755,3195822.0903175706,0.6100974267915685,3180.5487912428907,24.600579428077438,1.5311783840333042,34.82420303309162,0.17632190136673942,0.0
444,14536762.613000363,2649647.7314354302,723257399.0311859,50841724.36104784,0.09871747578549443,3757.9427519447813,6.16257768880824,5.493501166430031,92.66697426599097,0.3977818785282606,0.0
445,208627.70043474063,160070.16447108597,6848662.189875913,404096.1703348862,0.7831050463025342,3512.7003617709115,9.207550330806308,0.09176544437644152,6.797110348684486,0.27675515703127546,0.0
446,19597499.949060626,4235007.218270311,1553242055.673646,70061742.61371233,0.7370921453630255,3181.8765138071594,112.80581180705066,0.07165057576249083,5.232963469171776,0.13413997355019167,0.0
447,76945.44704655927,20937.954209191368,8567484.468156613,299639.87568196957,0.7495409740026758,3643.8041263854284,1.2152696576314452,0.11327946829792683,8.387412890973335,0.2566905933334075,0.0
448,4355.849433311199,902.6472976064866,1475598.7974801748,25472.95575801119,0.6474706484520623,3517.3447112973035,0.9830117885615653,0.7342302226911925,15.021750315950396,0.26119853929291625,0.0
449,2794349.717956142,183377.7520440254,693119618.3379176,17448689.680382293,0.3281143741496495,3993.599833055883,4.810576228887318,3.45806665503826,59.47186451547215,0.3757456509393654,0.0
450,502444.02211699233,37402.01947730298,153798100.8524429,3242019.826836123,0.4883889382377708,3626.2955317350743,2.8312851669545656,2.1293548456294635,39.80198937853857,0.39608718690599,0.0
451,33150848.31037005,3889776.356641845,3229861593.56766,147684106.74156228,0.48279638155888105,3475.4518911786254,70.72526127621016,1.4625974917269888,29.932259396761793,0.15028128561258908,0.0
452,2001897.0867067755,584329.5893113398,39072099.403220765,4899750.188544324,0.7596826774728969,3540.4328284875137,10.160015576462769,0.04456383343271959,3.052714677694861,0.09626103416038091,0.0
453,7409869.485342522,2523167.1521270587,155326004.34663698,18807545.011574488,0.6927722478962354,3598.1520115873664,4.38952414830801,0.12837337169513646,8.813878315318686,0.13687596619675763,0.0
454,26011731.765508007,4681739.046212471,1421084668.4598618,94313889.30795687,0.6584404590220002,3983.260636440882,4.130475002292853,0.08259718943578535,6.02991516881103,0.17016596695526048,0.0
455,17842900.613566913,1173310.6553414091,4205095911.4741983,109931241.82703784,0.698270748278101,3839.0087733323944,10.551017283073815,0.11066084992808393,7.446356948481958,0.23003341528915092,0.0
456,22158.73834045101,15200.47034224316,1887054.102855653,59387.26806211968,0.6422864334734734,3730.7928872036346,1.1014112471867306,0.042152034942381976,2.978673102468656,0.310781602748466,0.0
457,5649099.086834031,1000849.591272695,598694947.7376449,23623981.36175425,0.6089215855269928,3652.4572866702747,1.6424969058449004,0.08972065673550471,6.262305066233165,0.1931098443662019,0.0
458,514287.0491395007,119736.36417314834,23512439.70817097,1628093.4027547936,0.7818716660295861,3455.11382757758,6.863307277978853,0.13538418620939083,9.655353891833583,0.09798243049359537,0.0
459,525340387.7228023,156241174.72823656,7588600385.387625,1223110953.6920545,0.6075806367361097,1187.1136408816456,5.688978432381718,0.11543704508469847,7.859287995062234,0.1423527105657629,0.0
460,23196695.84621965,5385224.805680478,1090636201.5972812,74543342.46151164,0.6391965598518198,3870.344577469538,4.747540210202627,0.7421068844283591,15.787771311609953,0.1388182593176195,0.0
461,7556812.167135738,749496.0109375318,1163352429.4494917,38907293.66474439,0.49844109591693153,2795.5511342213063,104.62046156740233,2.23626229599533,47.810052561806614,0.12230935911956657,0.0
462,5853675.800026314,1492479.4246277818,308118317.92382276,19095532.7232987,0.5691115191775123,3683.362658658226,4.597692379361997,0.10850102518922107,7.64769871582358,0.19002600436201994,0.0
463,9078005.111436902,1474122.343398538,429919525.23368514,31977821.20344653,0.701943388798336,3643.32344743585,5.254880226875415,0.09188948133790706,6.594612101327094,0.17492440789191271,0.0
464,51380.037421427296,6213.133590775833,5876203.169083208,234287.53129951266,0.09399241216138296,4188.873604032957,1.754849542732223,5.428487736948672,88.42606404361791,0.43128350854853487,0.0
465,72266515.05836394,8653209.659712942,10422700571.321241,356922026.12253165,0.681964713644956,4344.193499697546,5.926095538076837,0.15663796826864304,10.631646462549854,0.2784224146162957,0.0
466,386060.114778401,305310.2582230011,11638806.347347958,777333.854733328,0.748561996183915,3681.429184671294,4.601697777501128,0.09729683116607371,6.887049957787387,0.4351954120170238,0.0
467,382348808.5616044,140635975.77349827,8016162466.349759,897528679.6639858,0.10281145707686032,1811.8393037637425,7.854041223001586,5.5203527068073335,94.44705332413726,0.18985173601407085,0.0
468,297570.2903583788,34316.96788501536,58260312.71498964,1557305.4037615983,0.7197606323580207,3515.820301617167,2.419091047639545,0.07691287747027191,4.720029739582429,0.3236754481846463,0.0
469,7372.580676402043,1074.523102215313,2202833.9121499746,42059.4330998723,0.6532293816047622,3603.734396684681,1.0527465602812724,0.08981967667773941,6.544451874165648,0.3525819730177573,0.0
470,7276.825824213767,1215.8164557873363,2125097.4824252664,41322.253977633794,0.646855912601161,3865.6312078757437,1.5855772173256124,0.08351799122256268,5.99827591284169,0.17714273990448065,0.0
471,21931619.791394867,3664938.3890395216,1511440983.49668,84392991.35994007,0.4668653787600719,3548.8340225648208,17.067213548574237,1.4567051568190474,29.28557571286019,0.16542421124904774,0.0
472,90895160.66398312,9073357.62456188,10264882598.7741,436381795.7854274,0.63448224301994,3084.961264924118,79.73499082761512,0.7613553186341103,17.17753789958575,0.025926084455302617,0.0
473,2516.349046727753,225.53747201096812,998074.1312398147,17354.59754201952,0.07209394862891363,3559.014959125408,0.8890865681752957,4.771495635494928,78.65553224138151,0.40012352886812114,0.0
474,13280.310383350075,3794.3447288683483,2122863.326947539,53351.18653378983,0.6872356867391287,3380.309345171914,1.5023713543421378,0.11902972749704732,8.685876064517043,0.5216258863732649,0.0
475,60999.31094984922,8306.196351871771,9045013.44679739,288609.3956735743,0.5902878286582764,3764.3143564124375,1.2253585878398745,0.14373412224036883,10.084688599617355,0.06622587953287486,0.0
476,6788216.555862613,1180041.7807561893,351131236.6451585,23825215.12630689,0.6813561890777035,3781.0180550376085,9.70030587776357,0.6654607852776093,10.252039499591081,0.09052596569652793,0.0
477,133899881.63400164,14616615.620888585,13952943710.140656,615140202.241583,0.6966076003025266,3039.9472272280163,4674.197510804307,0.8542332738390002,24.023089176262616,0.18282888588030513,0.0
478,35778108.05209412,7474258.236297319,1905163285.5859504,119881351.89435354,0.643097000594387,2963.1121994154582,89.50797870808817,0.8362904206822268,21.774518060749624,0.14994911444214315,0.0
479,9540.852985764242,5058.377862863767,1394679.6125571989,32917.907009680755,0.6822486185771053,3521.417749490628,0.6045014751966453,0.07468965988881697,5.436064278798183,0.15555063900616642,0.0
480,19387867.58954552,1938152.8604821158,2897295265.318746,98259942.45523654,0.6987401435633097,2925.3639713174525,771.5375550995478,0.16810865053930274,12.442313753777684,0.22999619779808214,0.0
481,6974078.518036321,1604076.4702169658,440626438.5478727,25784465.09223535,0.7029496435218231,3674.6996038242187,11.257258060058215,0.1050150018711559,7.399539394944905,0.1024774331459154,0.0
482,163099701.18451133,44427500.228792496,7463810024.932614,504858033.6596383,0.6845219105404404,3692.3828483262137,6.742965241372909,0.144833572006198,9.691137240655399,0.014620780762315428,0.0
483,8666270.102180833,624607.4044408894,2020694615.716484,52546595.68544941,0.6601401412016457,3003.891647384015,34.334927356000506,0.19088895107549417,13.57891052031265,0.2597738640354882,0.0
484,14083755.73936204,3563008.3331674067,1008091276.3517158,49594084.22031102,0.6560562071304946,3702.9463211404754,3.826959199697202,0.09639950758911722,6.9113697766583755,0.043353778135328584,0.0
485,79591.69310346142,17720.145180525997,8677338.430664206,319980.83888187737,0.6245168276214109,3777.6822495095576,2.6100094362971484,0.11544873691917293,7.787362814380396,0.2711082740256494,0.0
486,25076.1376757266,6939.731227993667,4289867.252141104,111608.94950022102,0.6911186413228179,4001.2884040526123,1.502139052300133,0.10719011234472423,7.636691976570278,0.297854316312485,0.0
487,15622.2979237652,1953.563455629685,4076740.3708564625,89459.11004637336,0.5643471310865978,3790.9917932154763,0.960413007978897,0.1696489737588859,10.97474052423824,0.03675775425354759,0.0
488,24328.834528025178,13728.42649772898,1769497.7837117675,60797.04969175729,0.6458828609471525,3517.4687091760784,2.326811332801908,0.08214921436396558,5.973368939932307,0.5633315516699563,0.0
489,2427645.6029130565,755423.7149756287,44096130.57843299,5610337.878002918,0.8100173328894448,3985.045382391839,6.33529260447422,0.19589101672230386,14.139501965926547,0.12042535553371987,0.0
490,127705584.06583719,14692926.516635563,15887823193.05751,609764514.6494081,0.6570402565610853,3905.3736218975837,5.507831898293593,0.07288461025255666,4.811601314374312,0.11087526474601522,0.0
491,4163.618081115775,910.9225175445321,1050577.0629561276,20765.53823701008,0.6000632816265041,3770.9086872334187,0.8555044543029635,0.09820964985666229,7.132451338293551,0.5244079269249031,0.0
492,648860448.589264,182711886.51678395,34206672160.986713,2009486931.498764,0.645337644670923,1796.3671725300374,6.570910613185262,0.055765984898619704,4.028678743721838,0.16426202592183514,0.0
493,2755372.7798290043,182247.47419351124,650845743.0522118,16927829.099302515,0.5089987713029072,3647.664084202267,30.279543133710128,2.1793970899518875,43.19241698296834,0.10755297266227992,0.0
494,59532.93783036445,16607.845402212344,2494963.4096009824,161750.00215314986,0.7689740291372216,3568.0947107391585,2.109637445592004,0.08250835579425049,6.032635194224241,0.17302427359263536,0.0
495,38359539.64505285,7939688.497595963,5423901318.575437,170614891.5062965,0.724797098223588,3206.563456645315,67.33338277655476,0.04539678915576868,3.4222991792524895,0.18142977544543096,0.0
496,55621173.15176374,4946694.924919711,7127548048.491307,279909696.0303998,0.7066302045504769,3656.8292224680085,11.967726286227665,0.08669176572015366,5.742130000445789,0.06700560922673181,0.0
497,31133.279518198826,5300.43528346408,4412767.466477396,133626.19577922695,0.6681330511986259,4042.5483576809875,1.1760029517348862,0.08189579740736415,5.700184832920255,0.3992105909989384,0.0
498,26562326.068093188,2499200.4822794255,4733370710.943056,142590181.83472586,0.697994990923769,3060.3748904384283,232.67524154271447,0.1709425134009658,12.615243228907158,0.2693945207264923,0.0
499,24453.543793416073,9098.846821999028,2103477.6890621744,75662.37213984094,0.6716587893995084,3381.5338454425087,1.4595010526729693,0.12126640874038222,8.653003275594997,0.06460913480316559,0.0
0,109869.18849113188,13934.412594185942,11928608.488210035,474410.3379179785,0.7340391470673369,3898.9831588256266,2.2757708785254467,0.06378989808179565,4.4159766757398415,0.44602721498742043,0.0
1,5492.005841260411,2723.160273816192,864788.5622467756,19134.38684581465,0.4467352603274448,3736.390557287054,1.428460677134804,1.583855627715564,38.15907599888263,0.29478849691660075,0.0
2,17841154.12470458,2311983.1112074605,1753383906.8578866,77466286.22900084,0.7199492028613277,3004.819860979498,61.42978470132675,0.11556262291617747,8.593096049622448,0.04133078197521111,0.0
3,68241026.39870304,7392689.355067233,10268468362.686972,337638608.6413492,0.6940787237288918,3576.9366628942134,27.417121164601543,0.04819583700305641,3.4768243672019836,0.40568504879764844,0.0
4,12026484.468307693,875622.3298635588,2982314254.0980616,73811780.6669127,0.5224096303780985,3743.5066797667982,24.38333046290867,1.5060706873697594,32.90384899466882,0.2917396199871936,0.0
5,19276.702878793498,4586.484390992989,4007597.0381157636,93828.54649981963,0.7610723842414187,3407.765831853965,3.739733264375914,0.06904881089082275,5.0724217766664355,0.2592426674875762,0.0
6,692439.550405367,83937.20779677578,69979608.94963558,3061280.85335378,0.6864647539299047,4046.563222733152,2.3355611709581523,0.1413002665227019,9.42743956100524,0.26518405636212716,0.0
7,172388559.43298203,11429761.706632972,39368286986.84508,1052887200.903883,0.7172171644552494,4023.1035209205556,20.398603607582302,0.10071528038075198,6.876608002742192,0.22898031106724706,0.0
8,2522608.812901671,491264.81220548955,230618656.1073934,9939874.905281225,0.6293297403272592,3556.20730811154,1.896023332640233,0.08850272741756574,6.34188612827388,0.12711601999951982,0.0
9,11582919.197069388,904501.1471924683,2004394348.3155265,64184812.79105822,0.7221131896580855,3858.435927279552,12.732118671054028,0.054782387722539475,3.832350328915834,0.16415706758697698,0.0
10,22170827.18230599,3645171.076648332,2172038235.6067038,95227097.17622207,0.6477357387291028,3881.4935155111843,5.064711300236908,0.12615620685769188,9.110706041671964,0.2607957345634819,0.0
11,22952.884756295505,9622.443326537777,3660003.2747109495,93896.1016525995,0.6204428937145295,3705.5397351207175,1.817371335956579,0.07382592627400361,5.349421855215921,0.21455181651553004,0.0
12,1909002.6878409982,374686.6347153288,75886820.35107084,6148086.588281389,0.6545363629730488,3747.363841838991,3.7579992324928853,0.1563042659789134,11.25572380049948,0.11453637395436758,0.0
13,48149165.63991023,8936265.314955754,2077822362.624813,162420737.72350264,0.7272256578438865,3598.5730776459004,11.189200405221724,0.09771270434504417,6.94220451284033,0.14461626254459076,0.0
14,21542.915968134574,3985.6348262707643,4419144.535607666,108014.802049994,0.6442925604067458,3483.907364662872,2.7557214218670945,0.15818289371268063,10.988243650540355,0.26352621186815,0.0
15,10621.489920143313,3310.7417327157846,1930190.0926943328,45423.26622912772,0.6639507597028935,3451.9736947883,1.2306574224971556,0.05686680866481009,4.140162545867993,0.520921459843085,0.0
16,16226156.860459995,1097507.5944204428,4163387019.1203756,101433613.01531348,0.5028004381781435,3870.2651722165565,11.586737404340175,1.4936522846255198,32.07485950229137,0.43754749425437933,0.0
17,1386216.0281529701,211106.16850167915,102250269.66766943,5341581.22287033,0.6027957168376032,3800.1801480364397,15.454784557704166,0.7465759347040751,15.982727104102986,0.21943654882346192,0.0
18,252261.20089909402,41947.19049371204,15373632.172489366,915223.6875261127,0.6806648192934062,3930.2646422526855,1.9727633342816588,0.1245760487809398,8.847212951146755,0.06142752312312216,0.0
19,14841925.554591034,998759.8044110241,3405331422.5677896,90641986.45272116,0.5599474174674498,4139.60379085241,6.266207716831789,0.10573831947760723,7.749925265998198,0.23262848033243694,0.0
20,10068285.248326693,3127011.040177013,397220786.9270158,29387936.83603692,0.6332695786502416,3514.7519499365635,6.761385879405113,0.09044583667243708,6.461054583701211,0.06722687067174532,0.0
21,3315084.8538840353,389508.4746262657,368067052.64414275,15129247.000063727,0.764495464667088,3584.3903478330894,4.1047899629194875,0.040773899294484384,3.035148207868525,0.27676969453603906,0.0
22,37224505.59324698,7643926.59496015,1441242744.088685,117607170.40674865,0.7037880509145343,3082.097231577908,58.88094024027023,0.06990268444172605,5.144770283844363,0.1433499741558432,0.0
23,6051308.493634505,875946.5157916446,864989427.7670349,29234033.059369583,0.597450872581281,4160.214023204882,3.4858566069025265,0.7976850174654914,18.80370822657825,0.24211888852312508,0.0
24,5044338.48520526,470094.1051359012,915895866.4737478,27160908.694202315,0.4437178328313089,3871.0576613029007,6.538761903785831,2.818000964785377,51.55431194300074,0.2577057651307881,0.0
25,4973440.205668755,599183.163144062,345185255.7472386,20405973.281443518,0.7394002765704827,3668.887458757433,2.494451998500021,0.0670477528163607,4.8243380862145155,0.18988060698100825,0.0
26,24325.466088290264,2141.2404187640923,6735115.626258595,145082.88414416809,0.7113970168164447,3817.254362272986,1.6864810412317872,0.06256486209282172,4.589266033958604,0.592015619653691,0.0
27,23280160.91074578,2541545.9247923503,3056325737.318438,110697619.51901369,0.4916301481039854,3479.2518134845795,86.02921689093904,1.466226277834223,30.065745157659467,0.18595090903512426,0.0
28,97129.28593503455,21349.5517611904,4486745.893847507,301011.82820751634,0.7529889549087184,3515.018468451187,2.9722321876717634,0.15871950587928288,10.731759724092448,0.1421873014804679,0.0
29,22752.444415869573,4226.064026189153,4625123.445221452,111575.06886397341,0.6723671572125081,3203.2730713893816,5.815921644669502,0.16658088134355725,11.55132433089897,0.1965441570554274,0.0
30,1221009549.7424808,533782080.62816274,15293616483.598536,2335653614.5206776,0.7074220472297108,2143.390860346345,162.26639974666534,0.1321249677067664,9.590933931503155,0.20287579606267445,0.0
31,11568514.326775696,2275393.388824151,1223259140.4448445,47890810.37091219,0.7273140883054932,3616.085341308877,6.565657816340675,0.0545214346747314,4.054953215815084,0.12179356577855452,0.0
32,15555272077.727448,2047459888.5924668,1039140594474.858,61426449289.44905,0.7637837541182224,1669.3598132475645,55.47016218139526,0.11264173150467452,8.282563622907363,0.10981129912945051,0.0
33,79121931.150417,6262956.512977386,12841195242.752594,430583438.2204504,0.7319706314603907,3583.825969931347,8.632552069464397,0.03962325423496767,2.414068935519971,0.1641209511817097,0.0
34,19678712.970983513,1296417.4019963394,4675508827.176813,121406067.27861771,0.5356131923253604,3340.7732955741594,34.58997702232436,1.4810523172243468,31.15636549912616,0.24227294823085885,0.0
35,18141877.54149357,3227951.6422798056,1280943097.43135,69834463.99324648,0.5993757847187101,3713.9448827977317,3.0151851479227703,0.031962814730636245,2.3437884588143887,0.19344413613684017,0.0
36,6240881.390341839,1196648.5988602352,439446553.86642724,22398105.348604698,0.6230191298524007,4287.941224610768,2.0901252061367956,0.15911667638541188,10.579128298052362,0.21346480540491455,0.0
37,2828179.114615547,882403.7765894277,76186019.6854914,7604542.700446057,0.7312782347485106,3533.2483532758724,15.30501216739656,0.14737512210253617,10.16972182405068,0.10963266113156948,0.0
38,11764.59093608634,4068.2901647462945,2411081.6025053295,53555.972693218035,0.6508549392265899,3402.1501260335895,1.4958135543930102,0.05601825969459266,3.8641133446652036,0.3614526732139529,0.0
39,8292885.874111578,758742.3673314364,997748920.6543753,40892366.54461878,0.7852443806798073,3836.128852417469,4.075153426981991,0.044995073488959036,3.3972634795855727,0.12517657907386684,0.0
40,138678778.16081733,74245834.65737143,2407593956.273203,278705346.1961412,0.7220288762724614,3456.7065603093265,7.347465583149184,0.15132025219405554,10.967625445302364,0.03449330996624815,0.0
41,10619715.206190538,612668.828829232,4066085066.969342,75623828.23835476,0.8011311557768032,3703.047441450756,13.4264519488336,0.0930685972280469,6.471542730587172,0.3868529723684304,0.0
42,346391.7837529144,108592.26763393378,28210105.3827342,1223428.2870778828,0.49102934822389643,3067.7869090896756,7.089320583079458,2.8248396918861802,52.19352819751655,0.43023919451163334,0.0
43,4078870.8034265125,1584397.0702991416,52233852.7606973,8503019.73080063,0.7362670338699046,3339.640083413842,8.729517402428938,0.13371000166267608,9.210304259341397,0.1474332514563048,0.0
44,13019652.54484379,1171827.7501646434,1961576894.038945,68058199.84441397,0.7441089503811711,3343.5304449200466,36.49669935620033,0.07838672683607033,5.787463295869651,0.11839672417897219,0.0
45,3137.732940792712,900.9100823041994,757565.0788312117,15078.45866182376,0.08999958322526178,3669.5820601566174,1.1321328536143704,5.465234508932062,90.81181482110013,0.46057813318928614,0.0
46,5799533.238472717,920552.2874753323,510977136.2356535,23519086.11550099,0.6384509755201251,3654.2216071487865,5.568794709736324,0.14345877763474765,10.244680129999239,0.2013310007941839,0.0
47,375217403.45199424,57649548.95424893,20545313814.888103,1376525642.0516918,0.7703167945336171,3009.4430565322136,2466.0583037660203,0.25404934121643946,18.482362308892192,0.11162270322977132,0.0
48,478126658.27325773,230663492.9879725,10635089326.58721,1046776197.2344166,0.7115854391872606,1661.961713294696,9.394301799749941,0.11328623998028453,7.787457124400778,0.21379395065027706,0.0
49,75647.24936527185,11321.384188348922,11781365.939152246,352940.37752890383,0.6470395345570541,4234.603703143699,1.6294219900987945,0.155386758819047,10.127675938879218,0.23842846596790784,0.0
50,5769.191031948777,782.7172803792638,1165861.035559407,27641.1454024743,0.22800461114815565,4266.364452918783,1.624929913024121,4.2202836412566835,75.43633842381999,0.34710625550934177,0.0
51,4248.102706685403,728.6703434399708,1385980.5354939369,24976.697959539415,0.6652088890740911,3788.1147819826465,0.5882532615361101,0.07383681683027107,5.339045049378522,0.30418946837577715,0.0
52,89517478.62839213,24113717.48652981,4906334622.976347,288825893.78602564,0.7071170654682792,3906.542799180645,6.058376515527295,0.12031792112344472,8.864113592199523,0.2705301273330624,0.0
53,8461162409.858014,1045379110.135265,595845016691.2456,34511351936.23276,0.6858732681185777,787.329628086696,37.950665152833544,0.13774678286581662,9.67552464259846,0.09540920070572557,0.0
54,532533.4356376969,44845.403726163866,166380083.57922798,3383025.619082076,0.5621837783011009,3921.927396335454,7.648278113411453,1.4596484450151943,29.66141356874538,0.33081429445972116,0.0
55,3995.2791820743614,734.8664942221683,1504185.6960555627,24820.16459860831,0.6964721203896407,3903.7923690584466,1.443782869135718,0.1497230059704818,10.33414815515205,0.3328404059989742,0.0
56,115117346.6436053,38788738.170557246,3840640888.988532,318450608.42370504,0.6378655403623932,3456.8257728199005,7.836170096549385,0.07100169576665802,4.779116504885401,0.09164849822484349,0.0
57,16237465.967669267,2101700.5170864724,2876977853.010157,84436715.73002301,0.7700489125410594,3215.61788172824,151.73048416525333,0.1397152478344413,10.353617566830163,0.23835447579858302,0.0
58,28616458.781184673,7212159.242948455,863401256.4991548,78114452.60182604,0.415966796816672,2780.4730734817495,68.37377433270456,2.221168840335637,46.810679779347666,0.15596789621985965,0.0
59,17332043.48988808,1268865.2165048965,4346298713.485643,106800049.28733848,0.7704713009089854,3194.7928392007084,97.22266592033232,0.07090676786600776,5.136701808602588,0.31189665724046056,0.0
60,67055.08567795977,27463.711186786364,5540798.007686479,229193.33044284303,0.659863640960828,3886.005219944461,3.030094880089313,0.7849308227928081,18.956711937741527,0.22735633215970422,0.0
61,4337370.1515441835,1183710.6037417937,290331801.61987156,15688255.434234377,0.6720521817589022,3427.508531389075,6.732923790630028,0.09442419987406962,6.492227890127798,0.16449630352056374,0.0
62,8554771.610785048,849519.5500426285,1130980469.7865424,42797131.50604239,0.7499800570144796,3219.085356640129,12.775887594287225,0.7677428680286025,17.477029863163523,0.23415855230303986,0.0
63,53311569.190238625,8031659.521443948,3393260255.4383607,206250895.3932353,0.6743669687931529,3608.4262774058875,6.098583865805819,0.10419989091702533,7.44610434331743,0.09674627202348692,0.0
64,7540298.919085436,1443693.3607926324,351762440.27658004,25921440.77125574,0.4458036211915526,3668.346116827879,4.6765705848120795,1.5527583815449815,35.81782930341946,0.28914121043751706,0.0
65,43070355.6556033,6590083.811413882,2467894585.0996175,161898182.7895679,0.6680802709659562,3987.5437243007086,5.733166131690911,0.8218395885900188,20.814259537041874,0.17444438867586987,0.0
66,4400.1453373895565,2626.639671839615,634790.8457811114,14297.051779122534,0.07700964599996643,3566.569227910224,1.075256791730705,5.506276419312541,93.49058741036283,0.38608478127332896,0.0
67,126957.27057583924,62706.778150812956,4361537.430586127,268192.72791457153,0.7299577847526135,3383.4665822941647,7.2106778066605255,0.12100500313304678,8.667155620887495,0.5358203731933935,0.0
68,76343806.79571348,14193157.387479696,3907486596.7462263,263670387.33166963,0.6038845112011194,3943.242851816567,5.116887916806497,0.1936407414557209,13.135063489125276,0.1109827933436918,0.0
69,13284966.528403947,2963467.159369208,461233681.6911375,38568587.037221275,0.697863012934728,3600.9854005021166,28.03157997440054,0.08021290595043133,5.836850326201589,0.20499498341235478,0.0
70,26537840.80834839,3680340.8796666428,1405473607.6121516,99116531.93668485,0.7426779113973796,3631.2680949506403,6.643402893320961,0.044334915072253976,3.0434518907206156,0.03549995451860988,0.0
71,7408163.359341979,1159842.1761245837,529898161.824525,28347618.774109624,0.6881451018283408,4021.231637135118,3.576797001422361,0.09277411270375442,6.743768796954159,0.19637423423640607,0.0
72,60036.14384613289,56609.12902244448,1080252.7584576996,83216.85389273308,0.08600860684944212,3642.7128215812236,2.740921947350433,5.499681184808706,93.25850093385854,0.4226434175496708,0.0
73,16193642.126186034,1610176.9185148545,2352872660.999406,81990856.38697752,0.6907827436129816,4104.933371910479,42.81817349774124,0.08469205200113165,6.187147506201109,0.17433650330094677,0.0
74,1618.9879474545487,229.60686811831383,743271.236298392,11079.73508659025,0.6373712651162828,3689.463490048571,0.42279023842558855,0.08415175679956972,5.824996674089277,0.4064023971600909,0.0
75,83232508.9264351,17614140.771721475,10066405439.220417,358126783.2384242,0.6529096828818611,3934.0904527501048,2.7295788549911184,0.19149051377930676,12.814344253334749,0.10496582648400116,0.0
76,5890.871733122909,987.1472578328414,1701456.9273737601,33647.53613466544,0.6071825661153902,3654.875363830119,0.7994921443084512,0.7623328715412521,16.98543905270295,0.5117777470870827,0.0
77,9394.287555292265,1564.3134545320222,1963420.6631159112,45524.24048217548,0.6080645033582955,3518.8446796804174,1.0293235756505168,0.01870761376147545,1.2780301779716354,0.2457985236764824,0.0
78,4926.364722874698,702.4514608390584,1223505.557880843,26308.02335657089,0.4450461104796908,3757.4919032854987,1.4845813811890796,1.547875207303861,35.42773477123528,0.23672725612262158,0.0
79,5072547.476971605,983782.5740161259,310638278.67808676,17600169.696009044,0.618155405154047,4057.967980274488,3.080215159399084,0.16633297522496235,11.150907958889908,0.10384009367675445,0.0
80,2787458.2612455157,440888.69332767033,113347443.25914998,9545512.757361311,0.6139922328469449,3549.5201189427953,3.1625405244252716,0.7460475438039931,15.898323376902374,0.11978797930163551,0.0
81,15220951.97295923,1018380.339837588,4664500373.425835,99670753.81982586,0.49684831533825297,3371.1277105644303,5.38198847236861,1.511137869396663,33.03342092487762,0.34768322904401094,0.0
82,654285.1633943304,108281.2859730157,62816726.05078747,2763434.3867807253,0.6415633076963554,4164.563553515192,3.993358328232785,0.11302009624120526,7.789913902852646,0.23176578269035544,0.0
83,262029206.8305447,49184863.59098244,15298095496.805918,929272593.8883159,0.6000339371939766,3404.5585217261605,7.205450495718886,0.20748680942084005,14.59248915804917,0.1248561569014603,0.0
84,1211.235954581734,159.10160139083274,504238.3406128989,7890.963596763495,0.3574170442920989,3827.4066741199013,0.5113666796084126,2.752544614763156,46.65956240429544,0.4599294224674812,0.0
85,41780635.823157445,5822748.120323658,3687936610.5520616,176982180.51763433,0.5935440427550759,3742.785247646246,4.9954058192692505,0.2637308409348972,17.433449050357016,0.15919179383713689,0.0
86,4401653.516294949,982534.4022928458,108949860.07050376,12178049.72181508,0.6968288024791953,3672.504263433114,6.64226624538569,0.219691317771475,15.452108387000049,0.11468316851797764,0.0
87,12710.965794925674,1719.430195150985,2701414.450657306,64599.052649696634,0.5024313146739886,3709.614822049066,3.8524599995266144,1.547063729235546,35.835105525854104,0.4895813269728778,0.0
88,5391.573773314459,693.0749363895318,1686385.3471676528,31731.869893951265,0.6326479978611477,3715.069844368804,0.9219312506826282,0.08672236443917436,6.148565080715978,0.2140957856752531,0.0
89,20704445.901511397,1575816.5755437412,4559344230.6284275,121891413.7215809,0.5447094707549734,4073.8446243695157,37.67081506319246,1.4981684746387087,32.14964770151253,0.17448851160967083,0.0
90,4161512.352978144,868993.9883987248,163148880.4595786,13029771.544934364,0.6719645736557629,4035.880601517638,4.184760585575023,0.10481581900158946,7.6657611508696535,0.10979496258541102,0.0
91,2108873.9497589488,218679.95097227482,313252049.83171207,10713795.482683674,0.72620736940739,3734.1292509100604,6.606944601903679,0.1502429831276241,10.788642529374801,0.2033783063286753,0.0
92,18778891.546961255,3062617.256408287,3250429794.709773,89689665.26035185,0.7583854175263463,3342.2668839959238,28.08543609279652,0.11524387661139972,8.376555569224958,0.2789843613704006,0.0
93,927.293403832279,59.272500492282916,457279.76368541084,6896.777199018245,0.3095787031735524,4417.396435508081,0.6496115697516285,3.4766849604316676,60.74990326758475,0.1250032939399659,0.0
94,2301476.150351612,484150.3740669964,82736090.63142616,7249191.346273568,0.6401263406491006,3855.205185912798,1.8949478942003546,0.10067870831427213,7.278492627409966,0.41460630204877025,0.0
95,1642495.1421469352,231283.51086132615,152081368.9239207,6977140.13406906,0.6636481177002043,3967.981473204005,4.4016172899974295,0.12612776509821844,9.058429139512219,0.1362020296222944,0.0
96,19065324.93830072,2723922.4273310727,1709406494.7611363,79536365.28298137,0.6936892592025732,3542.2793382894306,14.540101718693894,0.1812121252765837,11.919877646185412,0.2030106429933687,0.0
97,323223.257374657,91413.89614431959,12669899.660038475,871229.4716730323,0.6426634478495352,3800.101876909515,3.049307985222658,0.7336169664063827,14.851993632677733,0.5292489769184647,0.0
98,4964.115965684493,1561.4865293479493,1338255.8302362536,25034.257777018116,0.6666607331253636,3477.468846155294,1.3877254138446917,0.7781339089398422,18.18254524637546,0.0358270230319534,0.0
99,1454755.3686044337,317283.17201589554,64924437.81508193,4643447.649236371,0.6624802131557692,4076.400991751634,3.1909724596785667,0.13468311436288155,9.567873008464192,0.11203831389077074,0.0
100,10624980.740429077,938213.540630424,1650093927.687658,56384032.629484914,0.7359832758631875,3657.035980813883,46.72871970839685,0.12115455773133181,9.003292603216812,0.12701465724744365,0.0
101,11618909.754755316,885570.6476955224,2024383259.323293,64723950.01951394,0.7307946581949832,3896.3138825713677,5.912643794858607,0.10015024770720685,6.94698359928577,0.18103110401111683,0.0
102,2637.0231070975638,377.8348447753739,1015614.2860399846,16471.631531352126,0.635119338140371,3567.318516948407,0.5535390143915025,0.02970581911608585,2.274300236332786,0.22728749308607113,0.0
103,6580839.390319693,503583.6287667061,1291058223.502147,37777689.231007434,0.31071898083077637,3721.9231664206172,5.0538804538888655,3.4394999472124717,58.40464346006415,0.21057915976154484,0.0
104,5496.212533806325,1206.1979372778198,1411467.7448658545,27421.292030765628,0.6538893936613339,3489.729613279287,1.069951205432118,0.13139501511589877,9.36702611632938,0.30050614166557854,0.0
105,7396366.443736644,1445378.5587134701,250220592.91961962,22637818.478634384,0.7432356508047009,3664.413691537736,6.186461572586812,0.17712730612599,12.959782563135073,0.04453862869584666,0.0
106,5636322.620757061,687538.3694542466,520358647.333523,24722409.61687667,0.8003323691908868,2779.077893720194,58.90606648298199,0.12202608971235662,8.825886048184545,0.1343074782323117,0.0
107,9213.011907885888,750.5021825773407,3357600.9068651595,60225.50764708863,0.6787442593161752,3724.8923296144553,2.6255844729990194,0.1508710493840913,10.633909151836308,0.5686817634939274,0.0
108,7199695.780488337,1042938.3846215609,562589400.5492432,28543385.23941821,0.6408318426572409,3930.851706362726,38.393233751571636,0.10044285953579601,7.397562276978009,0.21677943269711097,0.0
109,13706000.053609755,2171150.053626716,676014083.4406078,49148594.05322319,0.6633235682029046,3797.208827819328,6.521424534392577,0.8090581451208688,20.625580768762234,0.10620968101111229,0.0
110,3772.92830591401,1978.514192655731,987449.360539479,17095.939559410683,0.6373520281417855,4052.9556668331234,0.8718388651980116,0.11714491590439735,8.253211597950628,0.07380735613190116,0.0
111,285410.1892144262,23382.554965706167,52186098.21192412,1573146.1722574022,0.7124034229798434,4071.504565411541,2.1288449321816096,0.0832853006122007,6.0366988297489925,0.2303664893607224,0.0
112,172634223.05962744,52738853.6836905,8138421292.392416,516893884.0720746,0.6527000798733902,3703.3085749807724,4.985748913108893,0.08961479894165816,6.3766115556291085,0.20250233618191849,0.0
113,1398616.5980846079,251168.30605215984,82465875.71392018,5061449.020572608,0.679074859098883,3844.221385319206,4.797537218441497,0.7235576230535277,14.679963994185721,0.190761816286256,0.0
114,12286170.743505199,1425043.7966902887,1173787026.3514042,54869416.355457366,0.22566569446763235,3780.6444209400834,9.147416185725335,3.4897865256505023,62.14011200576319,0.18551027750512736,0.0
115,8592020.318889279,1644873.274805101,667088602.8092086,33292643.760622334,0.23544283928840892,3305.3117336847954,6.414071472292116,4.176700349311758,73.73072105043387,0.2989951576322422,0.0
116,4947.75426667792,708.4765846031968,929882.8471963151,23575.237521078136,0.17864351969190062,4278.2638135235375,1.1190796700056507,4.177741077550477,73.06841538325126,0.30881273970757783,0.0
117,2355924.404801157,325227.91578097054,145696808.6996315,9172952.497941716,0.31254427929727246,3354.3809900238057,7.636071443059866,3.46735410977132,60.27618044535067,0.2857634460225963,0.0
118,10855572.8736644,3611080.267524241,514772944.9332911,34574902.6412288,0.7070384476610746,4052.7091684091138,3.456483648589238,0.09733515842259681,7.206382075417207,0.1392913370362789,0.0
119,3072797.964547926,392426.68400387315,301705299.30180275,13581587.364984253,0.5788696510316618,3847.5195785826327,39.01451169880067,1.510192210651193,33.079951484593906,0.3579679035827248,0.0
120,25687.608127677355,2130.1007532109825,7305247.136604031,157029.76931309458,0.7389012354315929,3596.940881601372,1.6023343416159825,0.06957877879339032,4.964493388378114,0.3326520004684136,0.0
121,135343997.6590727,52212459.42199249,2526515796.556963,296777648.2253517,0.7396794495360003,2534.2580746204144,104.40073294652993,0.2790316179074542,18.6736504508416,0.2197465735385135,0.0
122,12022534.112974714,3516420.757457494,354254414.63315976,33360941.737618815,0.6411368161896311,3580.07201357582,4.781970731946539,0.10734270677779652,7.616926577484861,0.18448432650448085,0.0
123,31012861.674514364,30441621.032516636,98154372.89539537,34307228.96315273,0.7355893124107018,3307.7596006498134,6.504345234630861,0.1499753954032883,10.90052222262178,0.09018264680918177,0.0
124,41057587.200696126,8995336.483686505,1573714313.7385974,129561423.0844378,0.6090649132165963,3677.182997634996,4.307972368785904,0.11569383125592703,8.04407461876254,0.09941968023754646,0.0
125,747034.1510244968,117263.41463894086,60520838.6042483,2975177.3522309167,0.6741910874122563,3913.3247610436274,2.24399050563706,0.08791532185140838,6.321487847261643,0.3581355790036625,0.0
126,6855008271.717784,2579195353.655591,64295652613.4388,13502054036.696762,0.758055227567119,1171.7413091656308,81.7183143560191,0.09450153190939928,6.863077677624672,0.05194706355756927,0.0
127,5415.223496183242,1840.396383641144,1151806.4388231724,23940.185553766823,0.6683173470444075,3593.814330547155,1.5051478871791777,0.17223578879312829,11.983361489370463,0.1859339494294947,0.0
128,23441670.44920314,5529912.312594513,2974272891.907481,102870002.47488073,0.7322997426639762,3565.2540306883066,27.619746610444082,0.11753399461066127,8.749336889364704,0.2198715428567751,0.0
129,12893.170060608234,1475.4404933537323,2928214.9917430235,69969.35219160489,0.7230460580783672,3679.0524423440293,0.9290924358660358,0.08383767614726176,5.612199482937673,0.474317418238673,0.0
130,3438.095174351748,388.078787569802,1373646.7020331458,22359.916437919674,0.6856443028041783,3954.451301409821,0.8399594532247944,0.13078889626088924,9.048271413066665,0.08102108215758365,0.0
131,70168074.47019741,35767600.7743945,3088605867.8601546,194179541.54939407,0.6986678700597071,3593.4237442417398,6.316170391546905,0.19852982965366178,14.283939750836078,0.16897788074805725,0.0
132,3731553.085647737,500684.72448394913,283844831.0262325,15347760.449395796,0.7276009569942705,3794.2229366571464,12.413663716767525,0.1181176432865609,8.438031919464231,0.11728087111466068,0.0
133,8110.809823008461,2238.491506939169,1759152.1991128798,37698.66850782842,0.691711435077899,3720.1096869442654,0.8692014275813337,0.08103266144609425,5.571875875506005,0.15145239903516755,0.0
134,580317915.6143026,186608648.2389653,17918245441.53341,1549793582.3005433,0.649707671092722,1826.6529053833397,7.665935652854255,0.16356125080968953,11.067154080127201,0.09851718178940179,0.0
135,15674776.378403213,1000867.0373383708,4783804236.948854,103457367.87886843,0.3077625195661427,3616.0707881850485,5.424360087326162,4.129430305164746,69.68241930686227,0.34375319666395376,0.0
136,278897490.22862136,27857992.321050625,37738396772.13185,1384788721.095445,0.5377214842138038,3662.3742177284166,233.192108399129,1.444601141309969,28.53670687676754,0.07091445434358858,0.0
137,198664.82457114794,91938.0516325173,9999281.958427671,537568.1294422691,0.7413034479421161,3545.779587225723,1.4616034008615493,0.06301369468924119,4.485021287717897,0.2958091754576634,0.0
138,4841756.181792725,851029.4599877608,300458356.84653175,18487790.171183385,0.5430646839611638,3456.855016124475,30.698989692722005,1.5116601531554223,33.56728717956311,0.052643873143338585,0.0
139,8519826.55983308,621088.8740053677,2041296069.517184,51928183.631073095,0.6962311972921582,3247.405894870806,7.007589173494325,0.10473418614377313,7.436408244754324,0.18652854772968097,0.0
140,669683.1962367428,223528.92721183127,8931853.695853624,1420118.1239486898,0.741379241904655,3479.9428818839983,6.20707054348766,0.10197111713951079,7.236819947488418,0.14213691839544518,0.0
141,45341996.129185766,8967858.057795513,6900397647.152036,214623639.86057186,0.6705454345849581,4133.798718588646,4.779713236001028,0.13701850502460192,9.854710172106781,0.19399999387770536,0.0
142,25539.21579176242,6108.56891655208,2621649.049711182,95744.8501747248,0.6084906905619657,3788.971356009417,1.2087747963133189,0.21747092809800614,14.749575485977019,0.2441933556123761,0.0
143,3423030.548641459,3352757.608245422,28924245.641855527,4196125.3070144225,0.6926379287739833,4049.123914451813,2.4834436397702686,0.15235389469045685,10.504427860906079,0.17491040328193416,0.0
144,11177.259047347685,7542.592505568684,1375476.0951407258,34741.01415334647,0.6723451188230343,3886.386891912807,1.5916521285101186,0.7576539779116089,16.916469545906622,0.1774712073638772,0.0
145,7676066.973993434,913020.2493826147,1108266694.023425,37871014.57772015,0.6164899349677451,3699.584594610368,3.3388904147480813,0.08448349608379387,5.483351027320628,0.30890770238236137,0.0
146,3194.75684215422,437.09990808603015,1216563.552904822,19993.303539131233,0.6502148713570761,3605.166406156999,0.8398227495938481,0.11044402452289433,7.882604312318786,0.4109759920180184,0.0
147,5418761.825548631,709259.5893794456,518303895.00209296,23358536.35723794,0.6677841942838378,4208.118605697863,3.247026637138932,0.18667956079349945,12.879413025647523,0.21098213470663005,0.0
148,128782.66827562705,29690.291658424667,16253170.446257403,515185.34212629014,0.5991105945118781,4000.003807172401,2.1237198952462397,0.16473818434094153,10.908619174502013,0.19013340667811635,0.0
149,0.0,0.0,0.0,0.0,0.0,0.0,1.0,0.0,0.0,0.9982587333625258,0.0
150,5390.6687777195575,1282.345707340403,1178655.9593220032,25963.93100473502,0.08871756187734554,3810.0961462378114,1.55227919249998,5.47023164289672,90.84931813655315,0.37534108731642724,0.0
151,37137108.74864404,5255069.569954356,1859632164.6689332,136813302.65678006,0.07589185203009005,3826.314602540071,12.142925552625384,5.48368813923294,91.86202486467532,0.1832109160222146,0.0
152,2165838.198885001,1099681.3244492235,96624580.44402954,5935755.30900529,0.29612147377391246,3659.154946640363,3.0806561532245307,3.4284601717648884,58.48039584268817,0.2940420291897595,0.0
153,14114579.761766776,1819769.6240001046,1167588373.5885267,59171458.17426109,0.6568787642716114,4364.3898244442025,2.8698019019777954,0.17861218774501636,11.485608663215803,0.15096549290970984,0.0
154,11833400.017699972,1677401.4752173927,895959398.6182741,47773773.74705875,0.3180886504650341,4266.9159578801355,3.541210444833371,3.4674721407446185,60.371099242926185,0.36788505219863826,0.0
155,7731.81257926168,4287.760190204026,990905.1326877351,27336.549852084347,0.08687823722358763,3820.3099799908096,1.54991992439744,5.450369737424044,89.42387377709723,0.47057901653485856,0.0
156,13249.42325002799,2155.6638615091892,3664521.127007287,74446.84027064005,0.636796342913965,3439.4419258785574,1.1681060920427928,0.1195912652316399,7.9578993136766485,0.029738543557514804,0.0
157,51962207.65264376,4467106.5563810645,10818799027.017384,295852900.25132596,0.644091499051201,3532.851918440844,26.052707402081857,0.1351913828561714,9.214953952018693,0.2699286101489362,0.0
158,14744327.18629865,1071734.7142114115,2873953524.342142,85197581.92675258,0.703760544480591,3805.506126856869,18.93309645299765,0.17517249569619658,12.75327899783308,0.16906036094867372,0.0
159,326385.30780518125,68503.09566524152,16107036.657561984,1076716.7176647598,0.7074474875952694,3465.900758225575,3.7901298204976492,0.10334279892363388,7.371479618307279,0.2588326540055285,0.0
160,27655945.337014515,3053433.0892140735,2783295742.447883,125176617.44215539,0.7721959849171204,3675.4216673973033,30.417583764553594,0.1399715586807984,9.986292505853713,0.28821673241413726,0.0
161,14770990.629873654,1879746.1142067905,1414328844.122889,63746483.662050486,0.708699641313037,3586.812298818947,19.969830385510623,0.2285649400965087,16.28380522421815,0.2994101901187016,0.0
162,31890803.26907882,4834923.900838885,1846349787.5800624,118781418.61230259,0.6938709489658665,3459.0245773000142,8.206783222659277,0.09546104598103744,6.683947704722686,0.14888111075468508,0.0
163,15484.814053555252,2414.644262699592,3923447.9096262082,86494.206463023,0.7064820402259773,4081.8630066909222,0.9817161255015547,0.13828766883634866,9.518971818418848,0.3594300151670277,0.0
164,781042.3692627994,98422.1351580825,92892321.49822047,3579314.4455941976,0.6827754162639714,3749.2106303607384,10.047364904740354,0.1569933611667606,11.041724252319007,0.13285462732168996,0.0
165,4072296.0949075967,492483.84595874493,388236417.02829504,18024182.009740554,0.7678872238063172,3136.2834059319994,22.573851461216645,0.8042212120659453,19.391967516279504,0.2004706418746632,0.0
166,21224074.421213977,1770437.4745834842,4856839372.518564,121760300.84863052,0.7492378563645002,3271.3727620401896,182.86585282531087,0.20334450447568883,14.877078048837358,0.35045672677403844,0.0
167,436361.0660057999,305540.2117318221,28273426.882456463,1183299.7203275107,0.7227503363571743,4198.4616552835805,1.9245918150217005,0.12697919030543706,8.776818876393486,0.18257532361777054,0.0
168,523837697.91797465,284097686.2811993,10795123090.459272,1062131217.6580967,0.7175410698673997,1841.2673074976547,8.96745185292009,0.19262044829266572,13.067929031125356,0.17302269322349362,0.0
169,3991365.304573781,562383.8603809228,215369965.65402824,14844391.493317014,0.6827277131836273,3817.9764158479206,13.047290706116458,0.1586170030981499,10.941951259989292,0.29729566563341386,0.0
170,59034922.98990305,9173788.536122462,4902012504.658019,237209722.7473564,0.5101246915404353,2982.7549001713965,126.2695088705953,1.535912607222372,35.26425731724389,0.03528836685712073,0.0
171,1123679.160278261,482459.5786241993,37184502.54893021,2785613.2841090774,0.683574100854465,3638.879120776657,2.047027467894565,0.14136545722152477,9.284509547493425,0.2190695076618033,0.0
172,2015.9524138471556,392.9073067564634,713758.1895069589,11912.00518126018,0.5902502246301529,3385.7848444004007,0.1348060953536481,0.01680443416064543,1.1206811658748195,0.34585166478085794,0.0
173,9444617.243751505,886544.5767406598,1084649128.4680047,45862401.68035261,0.6166798878972225,3715.1891893753545,5.111712211819989,0.730463686646219,14.768386940505863,0.13637920772510626,0.0
174,13566462.724024585,8357300.865096472,914496509.2836215,40077397.38368906,0.7636019357554001,3671.5517202953056,5.181791614352894,0.11991393506903299,8.833444990476167,0.267579313316882,0.0
175,5083.983240260559,659.0475578046554,1231554.8134914245,28094.699608000403,0.3996301368075381,3850.319906393658,0.9521790043018161,1.5160560738070854,33.596571350108,0.3929493104817812,0.0
176,24182194.539412457,3197877.558361753,1791467978.100717,97464238.6866678,0.6585716648282693,3767.3465734756014,5.01637328651186,0.06557518388789071,4.635410694252599,0.11079373171939805,0.0
177,23959400.63957464,1579828.164197558,6730302222.534274,154002799.19278342,0.5270490687859514,3443.5718551178743,54.03865292043872,1.4439992542917277,28.487316476375746,0.01230395451687574,0.0
178,5336573.172468418,566344.8744173732,622177120.8602741,25365888.32387121,0.7302338457106032,2787.298002963902,37.242581488822644,0.15269645075280555,11.089124057906027,0.14511368816899095,0.0
179,24915185.288433492,3684049.5180847445,1312043692.8163133,90748656.05357032,0.734483395779044,3403.2668158072415,99.13719128591408,0.10088912728618596,7.3429135041365985,0.1508842544788203,0.0
180,476928.44302704063,40061.47821118809,123896358.4278675,2894169.332140269,0.4292170868674402,3379.8831060437988,1.2916860635959957,0.11573306117668176,7.756641654567792,0.3254620213102497,0.0
181,20659993.83412168,2685568.409416476,3400499090.767207,105254719.42685015,0.67402131720338,4120.132019593265,8.016396231012168,0.14825356445931331,10.204091488554898,0.1155371050082362,0.0
182,7053393.421599634,2132981.6654721666,370197279.9695023,18641237.05557915,0.7111643994024772,3292.2853253196236,9.712168109660645,0.09905954276565102,6.789185597777326,0.23879139939900584,0.0
183,5922757.135353217,770291.8442191161,535834807.8053697,25707987.759055655,0.6715839864148407,3256.4614045146423,6.754052389582121,0.10667772742145978,7.812342569207251,0.14180579045866717,0.0
184,4747.472660951964,1245.4027300767557,1358617.4300278523,25176.5668212564,0.6333001069907688,3591.874439575594,0.8631609871615237,0.060436683825057534,4.329287399601915,0.31251208533178765,0.0
185,20334.553722910863,5593.708131753609,2486506.203266076,76049.17747143039,0.6408880737075234,3780.0621467216897,1.576153848143687,0.714508282981323,13.486810368487932,0.47117677378445577,0.0
186,13328147.279020038,887566.605609896,3083833860.355435,81533594.24023062,0.24973330644019467,3642.2943729707777,17.326474666635058,2.833517100452109,52.735102838239655,0.13080822360917874,0.0
187,8726665.784915462,711458.7235686046,1728119514.5018296,49455016.71926791,0.49033222990370595,2972.6007130860044,9.935440495093994,0.062589852601403,4.832668646746133,0.15582096657446606,0.0
188,80518.2931413788,23464.32228236693,8850123.508790042,315182.8039025192,0.6403959321371145,3744.435766051388,1.678935884923242,0.09887930648782453,6.716760688375267,0.05858854326682508,0.0
189,204.30560642860732,38.81060809510923,113440.24934552536,1355.7201764313247,0.2490973605469129,1945.9225095910788,0.2717063339024578,0.0031075814652978375,0.20249454758826174,0.2911811856828681,0.0
190,49796.66626479683,40103.992391525404,1907149.1551854678,92118.34461575668,0.6480097062209532,3527.184443990498,1.7895994097194632,0.062239782419199675,4.671352336101552,0.04435503397188949,0.0
191,4936200.968123615,1189615.9237781088,113587414.59413958,13383369.499998162,0.7303039594445089,3453.717542904189,5.256887335921775,0.1839951645366189,13.237141317651657,0.09998428708627523,0.0
192,33575383.11532629,8848895.333345637,2743203463.5573897,121842979.76556921,0.6306364117428139,3571.2538379499633,3.347111564331315,0.11570756464090515,8.354937767945207,0.15022964807948166,0.0
193,23870.153390457486,13707.60765394876,1584399.0418035467,57869.4978946348,0.6659486332175931,3344.1048306879275,1.233017625552742,0.005903988754199041,0.37815227156482933,0.36148522819673296,0.0
194,9150325.44783317,3759622.3628369803,304142442.4623551,24268529.11284811,0.6025432381497646,3699.964844484619,4.731333169947411,0.8337860509544643,21.49198012473097,0.16704874980356155,0.0
195,103521113.39948115,34929501.39302155,7539986964.722132,342969757.958669,0.5517264033246404,3978.2122188774606,41.867240169511504,0.8524029183135393,23.300150632276292,0.32558569021527073,0.0
196,3537707511.569918,641751961.5400606,240475741867.2846,13247241034.749617,0.62105370140613,784.6968987082129,13.353787944304315,0.1602447649534696,10.337372052735683,0.333883683052801,0.0
197,4791409.974455541,720471.2650873591,325029575.2596513,18736392.61338146,0.7909073641438223,2480.4119929659005,44.13817535766959,0.13688735268981747,9.701242095100042,0.1008723986926917,0.0
198,507319.90728243627,36171.63298501426,165554602.19190967,3352543.626517427,0.49111135201906125,4219.867627904139,1.6826976881957425,1.4903454626009895,31.496922798754156,0.38123586087535244,0.0
199,12022425.343199842,1545684.1843418186,1036633174.3032362,51513831.97496808,0.7406928130157032,3918.688365084289,11.139673962507107,0.09491077761813482,6.601493711490295,0.206652019933605,0.0
200,18592196.581625883,3234787.0840161215,3331852666.577511,88472212.45202322,0.7502271818063122,3440.212556818051,46.2992983639049,0.1544315769787091,11.179110865528973,0.3786729552981184,0.0
201,8507.237707688892,1446.6793066355708,1835944.5206666563,41796.15593584053,0.6453624510004949,3462.9441015413195,1.056926049741741,0.10317297566336459,6.82412114786254,0.3205872105992963,0.0
202,33118086.468321122,3256977.4295126693,4188942979.4184594,162826412.95186833,0.58391664414622,4218.172144058108,3.7467978595954534,0.7716804084707856,17.79809975493916,0.1313445549914866,0.0
203,2507.66124776816,312.2638233574535,987747.7390867986,15959.515023374432,0.6558861260315355,3881.1183309118205,0.7734808654442465,0.1048731858068023,7.410417257174911,0.17321788925596102,0.0
204,2860989.358793241,447423.9644392809,123985061.71410072,9890279.83055228,0.7117660633107736,3819.805149206076,5.258234379853625,0.12029158748438648,8.494665469392078,0.19357868212275187,0.0
205,4314.997448935355,467.95126595121246,1490864.856355649,26035.355632747705,0.6536265536995494,4169.35466851852,0.7128408711069225,0.12910732552326776,8.564989215170197,0.07807723243554622,0.0
206,13146.776357226317,5027.185065775778,1590651.3078422989,46300.73953961606,0.6796950748258018,3228.420745796536,2.1250990158339715,0.10542774582515238,7.678967407801286,0.3658857633022716,0.0
207,4799587.138244815,800146.4623939162,310931221.797007,18040742.2978641,0.582025383271679,3855.7518361901284,2.386955160545818,0.11984942650615223,8.397331293754092,0.3031531581710093,0.0
208,7054.7254340258605,2643.723704956584,1594335.0514163699,32230.989294412495,0.6806097341041203,3505.8621516526637,0.9976197547073631,0.07358938248764382,5.207496918925524,0.17574879316143927,0.0
209,4328.456359682767,1398.2570604288146,1065928.5542182298,20640.843056598784,0.6592134188068746,3443.103389421993,0.6156170993647179,0.03952533603851434,2.5767261105924675,0.33022786566229656,0.0
210,2243150.7533510756,489219.21935595304,56410925.377625465,6257114.859702675,0.7652874155593913,3530.3121209697083,8.38921371895515,0.048953352187805256,3.303099482028766,0.13414191991420124,0.0
211,287008.5505337169,50386.21729574101,18456399.139756568,1085796.5521148867,0.6729018606874295,3601.6623230407617,3.3189211764661293,0.18179123974122904,12.834792050411341,0.10543689016358605,0.0
212,92035.17958675246,78466.12334999708,5372917.428326255,178020.31003554168,0.6619160361553992,3484.8212953303664,2.8677167384919198,0.09677319863435815,6.544420285218858,0.38773789633236166,0.0
213,6496892.123842878,672643.0249649261,845829875.3140754,31719496.400100105,0.5341057497413177,3074.8250889592955,19.169977411382366,1.531399174250223,33.95477710372444,0.15938458152334317,0.0
214,6265.586945207552,685.328853293943,1895291.3435132247,37452.14709274998,0.6388693000421214,3925.886829063372,1.1007615706116143,0.18374519235309678,12.217196323206121,0.224306704641991,0.0
215,18496.488157869266,2401.5952341844177,4847792.761835835,105646.89001611593,0.663917093892521,3472.983284842098,1.2172364375003628,0.08902515717157655,5.759310588539783,0.299898481871318,0.0
216,28436289.97179734,5270916.600165354,1612851928.8357453,103782689.72479361,0.7253527235744986,3788.238168994332,7.312557751402105,0.16316543501328545,11.796886554041361,0.15436903808447086,0.0
217,6703590.80375092,463004.60593970993,1828309158.1459477,42671545.55393464,0.7282059088407296,3344.1611247225,18.631169075586563,0.1765564115550741,12.857489830020677,0.24931942744216506,0.0
218,69905025.94686836,12018199.957970245,6135696634.604399,289688908.02181494,0.6902545578837258,3519.857928002102,13.13746484303414,0.10970465054267561,7.489945190048822,0.142435784648963,0.0
219,179150.3278938348,33494.651602563055,11276716.258444762,635958.0410502612,0.6550737165062237,3751.298647526537,2.9202731461858233,0.0764285665029278,5.300297965194931,0.16155448399447184,0.0
220,10954.858106876185,2284.026319064974,2321234.652500258,55164.958015934215,0.6539946186566593,3269.0901952362237,0.991112948786674,0.07793919785969558,5.508570440024437,0.17732283553079214,0.0
221,13958657.275946686,1753149.7905513956,1666247962.6887672,64692114.98627299,0.48919363195355653,3587.921999566065,7.461935133236396,1.489249630683743,31.619593260145667,0.1328768184506384,0.0
222,26007414.050088044,3650678.2583214184,3524768423.3995905,123623924.17147355,0.7205702502976912,3953.037735496464,6.173426022036749,0.11069435961025187,7.864479876030925,0.23860675177495713,0.0
223,42158.62759795238,12931.968095944958,1879403.0506115188,113064.10275107405,0.705977657529092,3172.2180639573653,1.0947907742301444,0.08990073181888389,6.135874798841077,0.6013163995856772,0.0
224,8851.005054788622,1370.04921449169,2107330.5976647157,47131.4046148724,0.6315118690741575,3482.234826250635,0.7121637347845519,0.06086886083489196,4.204739435403441,0.24253443909333486,0.0
225,3794420.319267777,482538.50796636834,713769684.8803635,18968468.54049155,0.6733443385183823,3625.040495179537,24.981046626095,0.11405790979474109,8.43614244786565,0.4215120395833736,0.0
226,17250.950951273786,2605.32644217406,3357332.867880933,83986.62073258123,0.7943735599679322,3962.8428416178094,1.8743230128348374,0.22013895203140796,15.21920413339914,0.47786311159658407,0.0
227,3447.0869100100667,806.0989496389906,748297.9503620786,16006.998027563812,0.08722827876884692,3935.324602574362,1.2899593289795361,5.482663772268036,91.64895006246267,0.3051317948335064,0.0
228,11103.793649350986,4847.179939913265,1492855.6469370134,39558.62678942756,0.6486397509550207,3468.8382778418527,1.5646240557564532,0.06913605968066197,4.833757907040339,0.30673432668662576,0.0
229,176008219.1554312,59496059.63709865,6277755227.140964,468581314.15355027,0.6802460102980482,3424.042217942132,10.743513080109018,0.07463870408885383,5.199968769388495,0.0699196574386962,0.0
230,58221.95383981081,22784.461655628387,5611491.578593438,196618.43775845278,0.631612830011042,3670.8500201353145,3.011039765533541,0.07872057391075513,5.672072540443082,0.3847675777772128,0.0
231,1123697.1419610577,90385.2699170873,190239353.2721846,6119514.8087192,0.4435907300052809,4051.578481547437,13.499336946633756,1.5119118978936998,33.40898147869707,0.1661650027774019,0.0
232,15099643.633916488,1027067.915280656,3363142181.6316423,91233891.06813395,0.4509893763730872,3977.564722749562,10.193401331031211,2.185306958548254,43.823800603423486,0.22486235028835713,0.0
233,12971.287545673435,2121.484991212843,2973618.069218827,66607.91918153901,0.6918597191282403,3509.7575763506843,2.418999725280328,0.11826144484757153,8.711799764405113,0.2507246177564274,0.0
234,4104.569550178101,730.9481148987137,1179244.5786415793,22109.75475015999,0.672946347939036,3582.2828101334203,0.9713035875477426,0.07106533325295813,5.180016378826449,0.26788150911172165,0.0
235,529888.8994644515,104942.14509077712,20471755.740333833,1617469.2546755462,0.7175230677093346,4142.461047818126,3.418637335429953,0.07963594004970434,5.399643533831258,0.11466300589960957,0.0
236,196344.97748612627,61324.03141633326,19380374.245667264,724049.0745160561,0.6876766327650896,3481.8342777611147,3.9782400028483167,0.0891532683466223,6.246479250144103,0.14885836504618016,0.0
237,285039.11052893125,60207.664954693464,17229786.33556903,980828.8917859904,0.2690652993518444,4282.577628660098,2.5784883316546527,3.5656970461668784,66.54066294254285,0.1987418338570287,0.0
238,5310.466671147454,1081.1250067102103,1440183.5196165338,27521.066470844507,0.7408781717751598,3485.4635792992904,0.9641484500997177,0.09058764463844104,6.400304475718892,0.2563761621080488,0.0
239,44240748.041612655,14517081.362363014,4360633815.928781,173455989.0976308,0.668573884019351,3508.1573122037234,5.270991395131096,0.09796064622462489,7.001993647987463,0.1744913890564322,0.0
240,4797.70557124683,595.1770793234191,1415743.7261206724,27609.87260572114,0.703449335884862,4141.808220308185,0.7558339807637579,0.14950888192060763,10.388237866702468,0.1721493118906647,0.0
241,3823789.8151080636,440290.3854823064,324002954.3957554,16616774.410588231,0.44882348263412075,3119.170709398816,1.8415596892819373,2.1304317740317513,40.02521900616701,0.07022746147256945,0.0
242,7400201167.700514,2784184044.8852363,68053003646.58175,14574698617.59995,0.7295429271464349,332.83518543969365,21.40319293471647,0.11067361005437756,8.23497447623841,0.18932128539152226,0.0
243,10783647.6527465,1974408.24945282,700147749.9052837,39721163.265169345,0.6309067303461602,3462.5040544578874,4.543782070804561,0.10500689887113648,7.579173423033343,0.13988931179030137,0.0
244,83621.43593927317,13287.639232436544,6200699.011147872,314371.73091320705,0.7103014730290351,3924.180508874252,2.5582551221807557,0.060176511125666375,4.33837463326766,0.514690416626761,0.0
245,14033.99468911719,4374.763034757935,1437429.5783172804,49855.77214452417,0.28104701629520645,3693.2951205013906,1.964700774341454,4.063708625883534,65.81326005322856,0.5681160788136327,0.0
246,23731.359312647495,5522.687725505974,2931922.246377112,102754.49016748261,0.09453519837261226,4155.374735792149,0.9844820615655097,5.423808255595314,87.80740991139906,0.22143564022630918,0.0
247,9039287768.45972,1450368095.5750208,395015117901.55994,31027283711.011395,0.7305431109779219,431.8757940134456,14.815978972935996,0.054327013089640365,4.026021175891961,0.09130098779501032,0.0
248,9896401.358923119,1830335.0853212546,583122273.6088789,36023423.3934258,0.7138827060409445,3763.2694469407475,5.488681297298105,0.12993057973954522,9.315144522890952,0.12039524248020149,0.0
249,95429087.61573629,10353302.622642647,11326877124.267775,459827077.107856,0.7480713173096838,3703.076619898134,17.728079412283062,0.26656561768664,18.38646953400673,0.21326908696916771,0.0
250,10080688.308970327,998464.3339789084,1440155519.4904351,51040770.49537541,0.6863869522149837,3362.551905958929,14.44080415244791,0.8194594453241535,21.316132710137175,0.18660172117140164,0.0
251,134992110.8224932,32913450.27859696,3160075142.3060613,370255459.3557062,0.809660798823875,3470.3661732970068,96.35322181965259,0.13739637557123557,10.063573514556104,0.14371361243588188,0.0
252,31383861.02409639,5236836.145259745,6334001476.771436,156594466.87272295,0.46157154127632516,3917.5950235437704,162.8309135041515,1.5735793295784393,37.491251192961556,0.37573574629035794,0.0
253,1153220.8234122556,239079.86475844853,69883058.48235585,4018037.1889823736,0.6982355902459816,3785.8191481855674,7.160116000815999,0.11290192610477048,8.131339217434515,0.301309458268422,0.0
254,33876.983076158256,19996.29800062211,3359486.4878920615,100962.36139382175,0.6570505052418605,3478.9096874307625,3.237605949836573,0.0569631329264797,4.191639434968723,0.18372515352797844,0.0
255,2383969.745749844,647746.773954841,86334344.02773078,6908889.121008378,0.7147817830218968,3529.894048277246,11.294259370108325,0.12620289166891432,8.928450677875244,0.1933677166878862,0.0
256,11424345.459727116,1095055.4962695749,1987131805.0401711,61852010.90253538,0.7760971795902908,3614.3524998002126,24.669293876863414,0.8194054361570613,21.26691109489522,0.2339542139652689,0.0
257,42485389.71584363,8573714.844750509,4478445657.9313755,178640182.7524133,0.602357248937741,3644.670823279737,3.497008225124059,0.07718250202272126,5.594012757483799,0.18029811672633447,0.0
258,84123082.00374255,17469324.528562643,5845953675.051431,306420441.22811973,0.6642238704084946,3444.6232009918654,6.330283199244732,0.14263919077723247,9.846160317425136,0.07510656080561001,0.0
259,9058844.26632277,1139473.8683119563,1204778805.4523454,42933827.35685586,0.6909671025254694,3789.160250759707,8.310057713092542,0.11613184814010173,8.35005500774327,0.22255103311015828,0.0
260,18700969.913867716,1533601.730436799,4576117381.309275,113539507.21384797,0.7283826454795436,3722.5142384350816,83.77515962592867,0.16427987356034324,12.015517411474145,0.2830584136294111,0.0
261,15519.367674750698,4346.965031685014,1629681.3309358452,55116.794527080645,0.2964802363966236,3597.194047113773,2.988463843422882,4.130573693515538,70.17733016381001,0.4782645616721821,0.0
262,33053203.96115435,6064921.33629484,1857145255.6390328,113798175.05238011,0.6543711497600049,4014.9939929910556,11.971322208549688,0.116631364808915,8.449057089234001,0.2518856762142612,0.0
263,9598003.30811875,938915.4695226051,1546805180.098814,50277234.22190063,0.722485178886971,4086.825566303197,21.344319918888296,0.1348310539957695,10.021209795707966,0.14025553163798538,0.0
264,30989018.052548148,4967309.239740329,1551355017.8839512,111093760.58300976,0.702018351606504,3760.5775951325554,5.889563644586074,0.09898187387679842,7.166711204786084,0.09850823582376564,0.0
265,40400194.88567707,4066221.2762228856,4442827219.123202,191077603.48665985,0.7339701239503605,3918.233468977496,35.88903033082831,0.19111836677903532,13.641637194033473,0.2575975028939049,0.0
266,18881091.68903316,4192259.0888128714,1984414227.6100357,79047077.31876281,0.6876731332078998,3127.835997451182,13.140138952782076,0.14116948937560309,10.395352794108403,0.26254370265308846,0.0
267,444556841.49921453,139890717.67919022,6752134654.116722,1031863581.2973372,0.6538522624185401,2286.3324485301137,19.21223255616773,0.7233763654562455,14.150379800015799,0.1663133403162014,0.0
268,3313535.050978115,1180422.8603678788,57074501.73914806,7410496.037867524,0.6304927673599137,3749.95186644565,2.8278557224138026,0.0764412260564555,4.95587076499004,0.02793927106998773,0.0
269,41765522.55430319,6176698.898596964,3641362671.988417,165086921.2041011,0.6416588482984495,4086.620449793169,86.3439630996858,0.8107359088900115,20.734520032749185,0.12541823681512554,0.0
270,295294545.15390307,98337851.83318457,2809856651.5855484,616507664.174318,0.4943531857305926,2187.7547255969657,10.559791264133114,1.4186682618737823,26.452746163734258,0.14028828193993312,0.0
271,19108.41182320132,2153.5318295313746,3455528.3431352815,100253.37629183484,0.08963826627458164,4059.932792519083,1.4489888534301258,5.444140337301697,89.48594533069841,0.37265393701702604,0.0
272,24843904.78393577,2807467.119186899,5308567898.754935,136513870.1288855,0.7570493692225065,3160.768759355631,472.4923320032392,0.778680217418508,18.21014806439579,0.049392243566192526,0.0
273,7632.004330228859,867.2242491269672,2104688.9759655055,43231.39076953614,0.6525019192829077,3659.566576769395,0.9137313998584419,0.1238049117939088,8.651215875848619,0.2660251712492113,0.0
274,5917.43525753376,2418.1774482948204,1191086.5013457201,25225.061132491017,0.650783238879637,3359.678216997507,0.6770176279512365,0.05150206117539433,3.548303105332779,0.13836526221793097,0.0
275,1291309.773319461,137377.38163648217,178855677.5616581,6278761.745952966,0.6662832930748815,4068.635089793742,2.722383019642689,0.12496098249942147,8.72794585437475,0.17046297467455898,0.0
276,12788849.076942518,1670994.3154514846,1082453681.0167346,54721068.70239733,0.629188782924366,4028.183520381217,3.5543337541289137,0.1402521549739209,9.680933698130413,0.23839916806188022,0.0
277,10439303.429251218,1113934.8169414357,1445100431.2262616,52090703.20417651,0.748061647051004,3184.913897810083,77.35545300333777,0.19791653305437204,13.665934183089865,0.06751021573501007,0.0
278,2994336.264913199,1955415.966840069,195138256.21916732,8116154.34647533,0.14060153409078852,3624.716927038454,11.723135822949185,4.210456989147508,75.422841146822,0.30897554011194917,0.0
279,19049688.59046653,3901572.9877991723,920931031.7870114,62393100.63427969,0.797386796685045,3213.1010603125933,86.15426869603645,0.1496320795716633,10.897613099033304,0.14345412846809458,0.0
280,39100199.0249967,10827744.47316403,4157239511.476176,144129963.26268807,0.4459042856478658,2362.218751888009,451.65153036407224,2.2251573978725796,47.07527109528144,0.2539358822263342,0.0
281,212262953.73012266,67128108.88609913,4695145966.333638,523030519.37871855,0.09375871412556767,3569.8381520447374,15.977057922755598,5.545275259017036,96.229457986054,0.10179183706747352,0.0
282,10698326.065560378,635452.0360999695,3972374491.495823,75245128.07705402,0.4227125664026393,3463.3844634317716,33.66445823467099,2.206539731349443,44.80415893004285,0.3935817258747182,0.0
283,10089974.593429372,1185276.7586264196,1151313893.0652971,46858142.397156075,0.6960389386102407,3652.600606583761,4.93559497605218,0.06561230667496103,4.732006524956779,0.34047834500646157,0.0
284,59933947.69620417,17467810.199959867,2318032973.9828086,185014515.44435343,0.6442331529688093,4115.196904944741,4.210119919096745,0.2180436937656915,14.078164191395853,0.07221967441955597,0.0
285,29471923.739347555,3134336.7280910974,3545481907.7638307,140709966.56507915,0.6203313793918264,4051.8706408827466,3.303151238344321,0.049025633486141904,3.5464454539361854,0.20466205947923058,0.0
286,422.6612431447127,37.475685594666956,242323.4993823782,3267.5743302458786,0.0,3819.2054328430363,0.28371109898044966,5.9787743875893575,90.17012430373288,0.371400374051093,0.0
287,31439667.278908722,4581829.409672484,3177646872.8508444,128515740.0354505,0.7079418465182978,3221.2566712128782,43.873232258032935,0.15490865546657612,10.988310318863068,0.33018134411783295,0.0
288,24989693.39237998,7571816.460576433,721747395.8894589,67526268.72027192,0.6078230192268885,3770.0074342858015,4.4468770173155185,0.0554217540845614,4.029583629593262,0.044971221208651796,0.0
289,31137348.387041222,3680504.541902433,2918213620.1380987,136189145.55132657,0.6958705688022403,3644.637403051567,10.063821681305898,0.16607500998605323,11.806005693301895,0.16220474805097615,0.0
290,67007168.32530817,5266768.0111007895,11062161213.806866,367086200.6997124,0.6482305636189151,3908.575447049029,13.470568681687626,0.09674620639032216,7.272876679240821,0.1750047506190693,0.0
291,15637910.552347716,2886039.710483781,947488609.3894727,55971631.24365254,0.48023327735617166,3688.342765469465,27.456566386439746,1.5160014463350187,32.954622436552086,0.12818578355385593,0.0
292,2448765.0186600992,1024948.4801102411,29950049.15447092,4914305.804875602,0.6575800422228484,3737.4719618227737,4.526129592514344,0.0897661781011088,6.368601130764025,0.43071533843585275,0.0
293,46345548.89198597,5418273.802030916,3700216303.275612,198029570.46908623,0.1275555726913411,4008.639988072137,32.93440633376613,5.419550446721063,87.69159235101328,0.340495757844012,0.0
294,6270658.265102187,815866.1554272154,509945220.1132746,26386740.12181966,0.6545146886505073,3570.7120479107757,3.9042895921614758,0.041277552446465735,3.082447126033027,0.07103634959421672,0.0
295,46412556.88687248,7780840.325208267,2501709846.2735405,165214109.8360487,0.6406144812088769,3631.9067293319818,10.429907848268453,0.11630816109338218,8.621656092571822,0.2211922883035346,0.0
296,526973.2121215893,165888.78006066428,7389660.936051433,1155115.0870066134,0.2889749751053555,2694.8311669040218,5.519520573913224,3.4930018104127165,62.33325701191806,0.352393358526272,0.0
297,6927.144775272344,1997.4145991017322,1713251.4568800884,34799.15985923789,0.7190598949001787,3758.9667656136144,1.6278777385238863,0.07096115926719015,5.1871369608615385,0.37728881341887643,0.0
298,5699.52005113661,800.8665244152321,1681051.2818535785,32492.05164735861,0.5958388987173315,4181.61650799838,0.8139413778006693,0.7857372906889533,18.071248535805246,0.18457394616983622,0.0
299,24022566.792408586,3116349.086050115,2472425909.3002768,106383987.2944333,0.7375591096775792,2815.624330136764,93.15420543298018,0.10839622712035535,7.864548631552313,0.12221151140914209,0.0
300,123412.35922939677,119945.85926563565,1941595.687702328,156806.44551874493,0.627019213445583,3777.073715126928,3.19641464128997,0.7919475038539432,19.306204268797384,0.2635722673310363,0.0
301,7545798.41910137,621259.5461158312,1227038387.6585827,40943396.758405656,0.45857054987276025,3709.3597864046305,62.466019105477386,2.231272521285895,46.43504004144452,0.12078255212553572,0.0
302,7309722.5502094,761352.8144259152,778252567.1366825,34104850.952634074,0.7350249217657976,2634.878524443758,47.24759162043596,0.16976516590025598,12.265892361999251,0.14234098135546047,0.0
303,995402.1319595877,198173.616063432,49118961.44116266,3325974.2962074257,0.6857340071524117,3730.787074176239,4.098046865999958,0.1792343839463218,12.412171757706576,0.2061498810499446,0.0
304,34726105.83756828,3138894.83763317,6387988339.566229,188599440.58717203,0.750083311300678,3394.7215147714314,318.22091242135184,0.13736435473876343,10.159419482207742,0.26577260573690326,0.0
305,3566.0757750586295,531.616131611316,1254342.0030435838,21379.26589741305,0.6354286834600911,3649.7609111905635,0.5239692475808697,0.07751921176618035,5.487437633807474,0.2711416911475038,0.0
306,143444905.21854487,17214813.633697387,23357055035.306953,730720764.3813896,0.6404746304367939,3698.021662872138,8.2501320618185,0.06599580929361118,4.630080317793862,0.1482464258666342,0.0
307,15674724.354183128,1547177.1913760689,2898097655.428882,85701387.2193082,0.7607077850094133,2967.7335719803377,88.39518386821605,0.07668262168614497,5.673016809568127,0.2197972177199177,0.0
308,160474824.66159278,52648802.07153929,7874010103.176473,471954051.89450085,0.7032624437817928,3402.4276993682142,132.90182371376108,0.20962289553520702,13.98437950938273,0.09818392543495508,0.0
309,4937253.89350774,416700.30012988177,950360448.4128771,27252695.12341718,0.550618564872077,3913.0304655787636,7.300674153050525,0.20367846484688928,13.796052899392166,0.3231792800236147,0.0
310,279578300.7846067,26363004.891167585,47925462882.32882,1486497324.553762,0.593678578326102,4322.147026555129,5.473166719042948,0.19933301311046944,13.265185043342985,0.25070297635922195,0.0
311,11971839.264797999,1090729.0426245474,2111332642.3488107,65197115.05644868,0.7034899759591398,2872.919070089496,69.26129986321932,0.1654507344740252,11.922978955323545,0.3752643861273893,0.0
312,14963184.508453097,3088101.5777420886,940502967.5680511,54522422.00058135,0.7266661886999808,3549.3333887571753,8.669203526927438,0.13788980759332786,9.921495962278938,0.04723586130738062,0.0
313,30063095.74698822,5840998.913640733,4978151668.9573345,150085154.58933753,0.8581610141153829,3429.204974100995,613.1917388201142,0.16100205311719468,11.810246263798103,0.10073922036791223,0.0
314,30672021.57418754,7853459.309022759,604014273.7277138,77427595.88861996,0.7100194677352987,3953.561504593512,17.68304104194711,0.2038382838216851,13.48097324352563,0.21914635917194508,0.0
315,460414.48347054806,114536.35622036706,18513849.679431807,1321110.2280657068,0.6937690505017038,3608.774699898347,7.375596697271571,0.03604672543982579,2.6590821885264146,0.2780383373511481,0.0
316,9361.445706453214,1033.2887800231306,2599420.7588026035,53703.78090366242,0.6285206176627637,3638.451794675119,1.1618571432393006,0.10719715406528252,7.222909328980857,0.360881296013887,0.0
317,151702358.09516385,17371748.070118632,18625053264.298126,723977576.9262598,0.7292819945957014,4075.6475931877053,16.60649274452836,0.10999712114724014,8.019731329801134,0.17279631322698613,0.0
318,10040245.93097874,3128874.4225919503,376948502.1292351,29085832.156712063,0.7399991618243612,3692.1097017863076,8.3999754836983,0.10848437673824876,7.621280254977636,0.11527497189114051,0.0
319,25659131.989187695,5468571.471595481,2241066887.9471145,93121886.70182088,0.7083100637539609,3012.6335380863,115.3570603284922,0.13679512683401232,9.13421232130425,0.22748869293539467,0.0
320,352447255.0652467,109294208.98416951,18999955077.614166,1121125047.6700492,0.6835840372451834,2684.9339130899625,8.595833509829008,0.11740680448876226,8.238385214121745,0.10097250380751255,0.0
321,332473027.7358781,111395614.40453097,4481999431.417873,737083337.5737771,0.7070645378580844,2530.458437425763,19.115232417706697,0.0943083528199522,6.618639446200601,0.19138719202957521,0.0
322,443557.1084729498,156016.52241015466,36404246.07494854,1549327.9117103298,0.6294149103083279,3942.4610790279257,2.3140699225083416,0.05252595779004192,3.724406535919654,0.08716110182937013,0.0
323,17160567.44948352,1560682.6920678967,4567589508.249242,102754484.28829221,0.6274419921908508,3748.3311756588832,10.852725048901162,0.05691853517982555,3.5954216815286,0.41582872966373663,0.0
324,982655.8409988324,85172.04813966356,155851150.43693694,5199293.813864907,0.6686398917002825,3432.2667567294984,9.007289644996414,0.1241699563101025,9.10079213997714,0.3984901412924888,0.0
325,22580631.099488515,2025676.7143280238,4794714247.916019,127037993.503914,0.6985361005218227,3154.8146675803255,85.32045555683787,0.14562064664649288,10.597926269579503,0.3328935368559926,0.0
326,1510178.35592863,514164.4661376945,30015753.32345733,3478144.363513965,0.6330186691489081,4096.432276653485,3.1794270809210605,0.1691127880457927,11.814716668220344,0.3186953881895323,0.0
327,3247680.6969379405,490737.23727658595,154543399.87835497,11558454.424475182,0.736408160538004,3403.977904671987,10.124694885225699,0.06810635452098746,4.8434030772738295,0.358831227901736,0.0
328,3728859.3836047268,395620.213620862,552849236.7816664,18949570.64282392,0.6089968336340196,3735.1498447171753,2.0677450879913706,0.10245225353392495,7.183892669223117,0.23526530736632764,0.0
329,249476.1839752039,22557.1139170627,32373407.4656367,1257099.6696285452,0.24794875295608296,3993.903857756701,1.7081561691963707,3.530973433728191,64.38508728652315,0.1416621340518863,0.0
330,131452592.45072678,30332034.82486219,9980960881.473246,485219144.9197463,0.6250671827504597,3654.049171046076,2.2225960963835814,0.053355358320565836,3.6379492686221737,0.13711547751705852,0.0
331,84318500.63140611,12087464.047476798,7052403036.559445,347317523.73264265,0.7047474466118845,3706.056190402004,73.62980792473661,0.11915483023837554,8.363651092545854,0.260593536776316,0.0
332,1146147.4622921636,77261.85916642762,262267529.96914282,6948036.202457014,0.43699435795653974,3845.4264096353377,8.172415867062456,1.5283957486049793,34.02372162901341,0.2376458201828504,0.0
333,2287338937.284218,342011601.07364607,145804000740.86273,8574819577.784254,0.07978673048414742,787.0441484153355,8.718528918872535,5.438972885081763,88.6273695831631,0.19074422955624248,0.0
334,1601690431.4375863,465194314.7132409,57790170212.04103,4532763742.077587,0.7416869003209146,825.6152199471893,17.186010350620716,0.11218834190733266,8.247876758955702,0.1927398533556029,0.0
335,8286594.553847713,557500.4424638298,1856646699.7761216,50158366.98226195,0.5083507737794057,4234.195408805306,63.1381928989301,1.4847615225706954,31.625178070466433,0.2596352906596161,0.0
336,1024221500.004748,160947458.545444,60329817271.17605,3802036909.1856194,0.6656945683191967,1692.077146631967,9.228535129413169,0.10650010101814003,7.329838561979111,0.12851978010712706,0.0
337,17076.438758154552,6068.703520881852,2401783.560253841,63558.12380113837,0.6744538288034055,3226.5650481748626,1.7559496129684464,0.1354821597090683,9.891478331981054,0.03185027285417415,0.0
338,5993.908576972103,889.5686186612056,1704154.9334368638,33661.70908630248,0.6753931163382794,3233.4238049889336,1.2975826125850851,0.12551519384788995,8.907792844252933,0.3293529486270134,0.0
339,14405963.632911941,1221301.2905676928,2163566483.2133093,76016799.0413627,0.7510045454152836,3712.336673931862,8.14701733969833,0.03940229172041336,2.4403730993755417,0.16469927931407144,0.0
340,8599.221078154354,760.4478382005631,2970276.994285713,54524.5046532662,0.6523512973331342,3820.311086458708,0.666946703390557,0.07365768057721071,5.166325314524758,0.23286557498673327,0.0
341,1808.9539408399355,545.0664320542286,540392.7679770194,9462.52273846548,0.07656947049005422,4180.0782111995595,0.5544164458978053,5.431610990987319,88.08780547308483,0.4454440675946906,0.0
342,27511.181843809445,7478.495485015223,2673310.878672564,93711.56189910063,0.6826447069364185,3868.6154646679247,1.259337406412332,0.08121650476864,5.4010821472402,0.22497589182570027,0.0
343,32681113.365520157,8062177.243523796,5500721638.504364,147581164.25888878,0.684763968068836,3580.2732516592187,29.834663852900235,0.2309166402247585,15.108836840070856,0.37644493838755655,0.0
344,31072566.54459702,3111248.603285836,4965663945.064895,159096665.0037426,0.7105499234114225,3236.483927374849,227.5505095763381,0.13336551654796977,9.829210572930638,0.3110535630119293,0.0
345,4889847.261299658,568305.9976758079,512531678.47393113,22316553.05358304,0.4984353403866083,3083.529071351541,28.238453670402592,2.148119954500085,41.074157792555575,0.2047709768879735,0.0
346,3929383.3533037812,373684.5609015281,559643543.7509943,19862733.36175229,0.6827482019276558,4251.481646743068,3.610152132725919,0.12239708598714057,8.396680541396679,0.16147206134373832,0.0
347,7354883.049113674,1446145.2326891231,219223062.46104723,22040982.03810329,0.7205835709261348,3281.2094548358473,11.187305344194083,0.22614045561809126,16.41596898170774,0.07825083069866497,0.0
348,17109888.433541976,3990324.072613582,2018147886.0609756,68287200.69739696,0.7875914209364115,3416.748592825827,70.00100687638943,0.10521774147726823,7.583843139196068,0.42942502562625257,0.0
349,3741.038174853845,310.47235965255567,1522123.4613969089,25034.175542706274,0.633367760702668,3781.260062179097,1.5110014596413062,0.7750316499514724,18.14019061928655,0.34292313085521825,0.0
350,24376620.1830565,4315220.18175945,792499452.8629788,77410384.36396249,0.7938014861717178,3337.7826628355556,26.99732426534155,0.11621883214763215,8.561288258991244,0.06494527945898691,0.0
351,28062.6332083388,21984.623064146672,1977996.647620637,64547.003928125174,0.6628344067792273,3584.3013942629364,1.9279774582377862,0.10696286965942425,7.821192631720763,0.18590305746466348,0.0
352,38505573.9813859,3146007.175915229,7609165600.886583,219967310.42707816,0.6223257551421728,3898.1273329103396,31.740443718170106,0.1161412190582591,8.577349184675803,0.17123203281447538,0.0
353,1876.2122811959678,247.56227788889197,973591.5583116058,13545.968822168288,0.6601922261511987,3892.7483327650607,0.5650915403491305,0.14215881487267987,9.48057552744263,0.2922472766319947,0.0
354,43157995.5678276,6026689.215153029,6216028167.598326,204794315.08093148,0.7099349529768441,3131.0414808394335,69.44915620122067,0.03424797673419429,2.5105687158398537,0.259162674880435,0.0
355,6867251.933278081,2287883.3997271,77596264.36868612,15084630.742008245,0.4165348374495217,3991.9196867555884,3.812458116865671,1.561583131253751,36.83120881520891,0.31979420893807603,0.0
356,6377472.039898237,1194768.17586396,315618202.2679832,22161119.52199164,0.6446086088836813,3695.409182816018,4.371355325683102,0.7407762149397539,15.768674029715442,0.12015253108056563,0.0
357,5772084.729482823,891403.2356937667,401687729.13527095,22018273.588871546,0.6488972223336991,3603.4255627520206,3.9814084467278197,0.1175727181975554,8.388388260599111,0.2189976975052622,0.0
358,19986639.57823008,4403654.597674554,695859125.3842613,62061709.992459774,0.6741761541478324,3837.300826322243,6.667965294015616,0.7821665684215888,18.546629049514927,0.12237387092021652,0.0
359,2926.456572774593,242.62695057131046,931295.9078691956,18390.011106426045,0.4139703768298146,4006.6880999635428,0.7058014683537399,1.546610696323588,35.479100304196365,0.1312587201246555,0.0
360,51786018.79925944,8121181.834778661,2464916894.730607,181795436.03072917,0.7434774258248311,3401.380326014507,105.70600665170534,0.7640352359915435,17.476682041977416,0.12361878716902003,0.0
361,4434.547714822884,986.6476096116018,1251424.0593211926,23188.710915971584,0.6895544772658765,3567.4720850654403,0.7318192243564902,0.07352026372141669,5.303507510797243,0.23358189076718455,0.0
362,6475315.087243787,1581738.0101396865,253986645.34547764,19665200.27043207,0.6542683245254406,3599.900361168915,7.641236685882214,0.09036354223714911,6.663889006051875,0.14648340915075758,0.0
363,66163.64341942115,45719.81530671961,4392828.901657287,167910.18816441944,0.6818754729887438,3307.842032280741,2.5757871837833615,0.827086786760925,21.429141534896264,0.10704634661865128,0.0
364,3026038583.726051,2133885283.1060061,9789618368.581484,3933995537.1616907,0.7466047953434286,218.58883494880791,16.82735159365913,0.09862851853419068,7.205726733735654,0.05541032988158394,0.0
365,15571274.57362484,3899345.4041582546,262534318.31318855,39278655.90325513,0.6725547214826285,3768.65167239137,5.184816527990791,0.0781027186519796,5.507296400658369,0.08538775352596889,0.0
366,37176019.89233239,6848335.466383366,2037354618.0732815,134390565.04011598,0.34449219947862625,3670.607183799755,4.47844075314735,2.219704489176441,45.667590562019136,0.3551420803354928,0.0
367,14419073.923387477,1379155.901024038,1616720356.1400352,69222103.19881237,0.5008666406365914,3927.7019541514123,35.403429487254144,1.5410775879596494,35.64552381111938,0.13044474913027088,0.0
368,7596376.155529926,944485.7862255245,517626655.0758246,30734474.471310865,0.736946993121004,3678.208872492455,11.269171097616304,0.030868050678991656,2.126166370988416,0.1790508990566631,0.0
369,6630660.952273881,707118.1723743697,725185909.2715013,30962622.359449394,0.659038954976092,3777.1966368920034,4.376936325780263,0.1392109661477134,9.914740884881505,0.16081945940469564,0.0
370,15737514.251630178,2002409.9038388669,2099973057.0419254,74307882.82662067,0.7456456800569462,3482.914232484425,120.52555662796802,0.27347572778291723,18.373959001447997,0.2213426166600686,0.0
371,12795166.93011621,1039267.0360464447,2099267815.1505344,69609608.0496784,0.699798782405215,3925.231822059629,19.185383531869846,0.09619460620718465,6.980158482622068,0.16997608171063053,0.0
372,49722113.34228427,15519642.652246198,1032615189.364757,125342436.56142876,0.7101770299153406,3650.3541705202915,6.4866686700386165,0.12287579444176835,8.957611771669907,0.10792056508062048,0.0
373,2528589.5277618603,695177.8983475001,64955587.238156185,6636952.605838708,0.6766385485993327,3979.16503911592,5.159505055775572,0.08005318126208856,5.8438917106959964,0.1140314973414354,0.0
374,2759.0565095484562,348.83231062953075,899427.1052367069,16756.612872993544,0.2608341866313098,3840.409771515047,1.2236729350084492,4.096307901846728,67.76664046633506,0.43296177073224323,0.0
375,3491546.043140178,404355.1623234389,452443912.62320864,16734379.752048988,0.7493766142176825,3579.0233508039764,11.771448978589826,0.06668684124087543,4.834232583642103,0.1946992263791513,0.0
376,3919812.6683074078,781310.0331678636,118093875.62285678,11716696.529090604,0.7310341816808346,3794.4798504956943,5.0952342660187515,0.08799742308573962,6.2519647981961555,0.21871753891859103,0.0
377,3085.985125734473,320.0608639097221,1246100.831982623,20503.886709348917,0.636068751110074,4002.1602029531487,0.8516779694368207,0.09517178409504715,6.98485606246638,0.2733876044955197,0.0
378,14974471.1837921,803205.3939003143,5812422948.678497,108225234.75330761,0.4738371472160864,3189.998611099303,21.097782669454396,0.13612418015900135,9.912770515798945,0.41651556870306294,0.0
379,48810.69237077521,35793.468808514124,2270892.7888199994,103287.1941051487,0.6529124085725283,3532.961035369912,1.6408761271259418,0.09455337100532155,6.661942026051021,0.21232320059848217,0.0
380,43382523.78629592,6285081.367097837,3500147407.6961946,173797553.84358025,0.5855198754633077,4147.227289069597,7.559097814027891,0.1942992355728575,12.773471053254024,0.09666150975878586,0.0
381,4835.931569992793,768.9441245238238,1548346.6249199053,28423.71078847636,0.6057000319255352,3789.788016050704,0.528983837526408,0.7130511578519657,13.34913831378394,0.3729598307401589,0.0
382,1745339.4231019686,450505.9361068338,35244949.73858501,4486969.7889454495,0.6045657434885957,3966.915094780573,2.7569258182847265,0.7893003792531961,18.8686618901825,0.18119612527841203,0.0
383,40903.80004101846,9854.26192184985,6824416.051139954,186900.76654456105,0.7521979431382396,3859.971367760555,1.9588918675957097,0.05537218530699199,3.860795601819119,0.2499034491245982,0.0
384,9513.183949586315,2686.421430608426,2529130.961665282,51058.45378724985,0.6910860592486904,4057.586040981186,1.5456201692740454,0.18515086199493905,12.808818768184398,0.5045113948977259,0.0
385,44422839.480123006,6392583.53257207,6153916033.018093,210187620.28152132,0.653235621518035,3626.306608850075,3.377385329647463,0.09033746869124135,6.415812626893595,0.21097478004621342,0.0
386,10130458.247114237,2102897.374712147,584789713.571626,35202510.55364277,0.6889565737605454,4046.5508807668366,4.15501274560041,0.08816615717177498,6.449592404827598,0.09242252824981062,0.0
387,1681.8062128352387,196.90855891820812,862484.2238880286,11984.446134379925,0.660550187087926,4189.076921451538,0.7194913556652401,0.24738417738772123,16.09099713109933,0.16184666837181244,0.0
388,91281543.0988311,16597918.123398881,4207673801.5973663,311617731.00793034,0.49446714089262933,3641.1443613333386,3.439737319624361,1.4464315917411068,28.401427314679744,0.030389354919395522,0.0
389,10046.657023112723,2939.021432366383,1805804.2810300558,43285.70996827978,0.6496021770561505,3481.576274414345,0.8468261856674811,0.03261622903387203,2.1132784611560878,0.2632877537229426,0.0
390,23252216.500821117,4815893.721224895,3226595432.674621,107091803.12362446,0.5753018913760503,3742.8864251815694,1.0220147848479042,0.056179985569017266,4.0370485323510055,0.20607652330556464,0.0
391,809284881.4068679,153167211.61501777,29344851513.82945,2582601607.086823,0.7097151874283818,2510.3732042779575,18.189875401177552,0.1487415951691446,10.801404252172347,0.16801810649474058,0.0
392,10066.489529727545,3032.8708095344537,1758796.7974143724,41985.03804144099,0.7164480967672069,3722.9959232708757,1.126728902274876,0.06997844594144871,4.872447252852017,0.16156892029622624,0.0
393,183917049.5408891,35395664.56188905,8443424216.632971,593261952.3694075,0.69299890299474,3906.723857624085,24.41074993264841,0.21651204556306886,15.46528760077204,0.3972233796137784,0.0
394,335414.34390255663,251752.6698430532,11871566.49094303,748004.8358022717,0.661567654505435,4017.4703132993723,2.1646661855005416,0.20554137910720707,14.724527023866163,0.1234213739543874,0.0
395,19264035.47960561,4073386.884445804,617431783.454328,57177667.36641365,0.6780199102491743,3017.1214808718005,82.41604790103335,0.7982485531182938,19.516909120685845,0.12818282503782952,0.0
396,124854735.77435789,103530647.03397657,3483619600.0854516,229953741.05578652,0.7138642365011416,2342.5716863189873,113.07333038968254,0.9163254985941152,27.205443961074923,0.15128277537519244,0.0
397,31140569.132658117,4029584.7329038917,2480113709.7177296,130237721.98619047,0.6568657706022354,3541.2737557876385,6.1327296313114665,0.11903597931129521,8.197817119489759,0.11722604973604024,0.0
398,17037780.17658288,8239040.396359612,717320970.4507294,48004514.68093674,0.6632334719624966,3660.7921087912446,2.668947515249262,0.14357767528075263,9.319024842774828,0.35605583341759595,0.0
399,7946609.7320367005,933843.3956610191,854724066.7204487,36789628.92428322,0.4953269315274582,3038.173307882642,16.877451328454445,2.1935162803311967,44.66805477107258,0.13970450488682296,0.0
400,22709933.05571476,2031711.6607966847,4886639295.310713,128393434.78447714,0.7073934608752042,3321.3665524747403,99.53597260013102,0.15257070548688817,11.0995905148834,0.30338992424954603,0.0
401,1949981.0014408287,368532.1021944179,71164886.26245365,6364041.244858897,0.6317146802044136,3574.286365351804,8.929027969913854,0.7311008907201569,14.85219010457451,0.10268103756137295,0.0
402,45463.04485878317,22545.362990773003,2368959.211582451,108461.37347354523,0.6440400341667909,3495.9669338085405,1.479332841957374,0.1226001538992926,8.88017011367254,0.5310388333137656,0.0
403,31315727.63292854,3434110.424934685,6470996612.397963,163820622.7549618,0.48198687900646914,3582.165497549401,211.13029559318613,1.496926546701256,32.047731152508746,0.23998494833670295,0.0
404,153968872.14852843,13540577.416507337,22218443582.119377,798451671.5099506,0.7347640720552421,3365.1064624683736,2409.766514859113,0.129472056908362,9.746039040726934,0.13467610616285247,0.0
405,29602488.901109755,5045521.847069869,1456753936.9316883,102922413.92185953,0.7422211944259486,3850.860626871017,5.273030265256515,0.11648672817521018,8.493962750751821,0.15248389890771283,0.0
406,7878117.002546869,1142696.070441785,799933235.2750814,33010451.36564072,0.6885270754611372,4295.310807228023,1.4074156691980233,0.07653145847252567,5.4449584567566705,0.06577394843274549,0.0
407,2808503.6170266825,196993.89167195556,690887539.399822,17458587.146464225,0.32276447422914367,3947.868540761273,3.576664507090617,3.4346338848816105,57.86783992389218,0.39928848919237436,0.0
408,7490.312411755489,2114.5399250413398,1080811.316933756,29441.50920984699,0.25385060488324945,3624.859573028395,2.439003245678891,4.211429585489761,75.9853568904894,0.5901422852996722,0.0
409,11529962.18985443,1120646.309610159,2447389646.241656,64243848.00304635,0.5103998759529931,3347.8631642634023,32.37601149493893,1.5266563544269558,34.3729119987991,0.331211765631149,0.0
410,21381.601100390406,5604.840836824921,2898912.480101738,84719.94517734449,0.7263102087541213,3713.912449764901,1.5381083003729803,0.07952962983498404,5.682192887010255,0.2490339412570057,0.0
411,12509.468271779848,1286.237072137404,1874376.9090971253,61606.62196602544,0.1615391438344258,4358.026772273554,1.2264718428706074,4.792830930359304,79.74687436837557,0.3411638424841961,0.0
412,54524488.58604084,14891874.06029565,1931389857.8068595,157325785.99865025,0.7145608743229406,3552.480189321725,23.763239110602456,0.13804098403676957,10.000367894255655,0.08340184762572526,0.0
413,1137758.4340345024,135553.76115704438,116708458.58665402,5084489.042201032,0.6482663807930372,3643.0312663585187,4.571863387332052,0.06227600686455039,4.428369871369957,0.12419440749067737,0.0
414,134212250.26558015,39835555.33565246,7585997908.059036,425682249.24567187,0.7468228944389724,3059.1169274793374,302.82713010352063,0.12910891795876855,9.191615568413136,0.19629730580362698,0.0
415,700965.9527322791,203414.21308591525,30545418.633966453,2050678.1172887448,0.7756431943582661,3759.1329576510675,0.9517338048038099,0.08253930402402201,5.7736403332267425,0.3121658227999113,0.0
416,119731663.07322566,10102749.774715763,20174527294.51813,645111360.0175859,0.6419869197494152,4253.3011181949005,5.183675526247108,0.163494590402773,10.952734113955623,0.11910312139943478,0.0
417,71761163.6965925,9242003.616218448,6914255122.1747265,314388733.0159589,0.6697251375899114,3105.852055952988,82.60362734192688,0.17390172228255593,12.54159676189337,0.21334077052532135,0.0
418,8228538.967683745,813353.386067669,1094206461.917216,40797880.638268374,0.47719556748962144,4418.048561393372,24.984427381800547,1.5322584677610702,34.9588636118831,0.16374713472438163,0.0
419,52216546.685588956,9090443.443548474,3440871447.4578247,198392947.23000303,0.7523160742493442,3329.968834885227,79.27752794420105,0.766420042138586,17.541292478568675,0.11922095681528116,0.0
420,21822861.653995235,1668873.9001233168,5778418837.4957075,133588195.48259404,0.7466211864470269,3603.911815332138,109.90200177726473,0.20481118012027508,14.26472100669938,0.30739747544104634,0.0
421,6693424.91082179,689117.6833363285,878551522.2899355,32776207.63171195,0.607068946084754,2754.478146065556,31.08771924507595,1.5265397194911359,34.31561048892131,0.273801655676961,0.0
422,34502658.530366495,7782140.383483033,1040573903.4838346,98787196.82446232,0.6234603016575777,3513.173440695775,4.59726747713764,0.1593539829356226,11.593190614978653,0.02404337198471422,0.0
423,12807.923161095157,1928.915586239765,2711370.9093636046,66434.81171347317,0.6627944572904796,3851.9875653033696,1.5944714971269212,0.8670295680181267,24.238454993939932,0.4803414299491398,0.0
424,41620.97403474295,12059.470158489637,2827303.201891367,123372.87871462331,0.691875424087083,3649.0069532039015,3.183773676236368,0.08755830166394549,6.557850880625412,0.4927889565080247,0.0
425,22590115.461286567,3003032.5819776123,1736419356.230887,91435390.6562893,0.7268291035158704,3249.979605151959,24.036274539542784,0.14779435261427798,10.72367947462744,0.21072516318268325,0.0
426,12434888.420754466,998957.6831886575,2137700121.4915752,68478117.30275671,0.681348189775073,3073.0119968155573,25.40890132047528,0.8504579774876383,23.299611910189874,0.18978196419608667,0.0
427,233061.68417990496,162064.77108900287,5593121.872965763,429742.8946608727,0.6771291037959144,3312.496792060318,6.224404522837526,0.06110729334163807,4.553635833454818,0.24165307489334226,0.0
428,221125272.82501364,37233986.18319007,15564693825.588999,864382177.5495055,0.6788581309877677,3174.794409049112,121.29401597952595,0.042595988086653415,3.2472552266492074,0.20936951551200095,0.0
429,10998.970015256598,1130.7324807968193,3236962.4087459063,65967.68605356806,0.6685482931510978,4106.07977182867,1.4810661381272558,0.20821071219825074,13.660971508866401,0.3546272496512891,0.0
430,21467.069542113284,6335.125085434985,3585248.8292997153,93699.73519771504,0.6536275195418364,3679.5317729110166,2.352744711645582,0.11371772376831464,8.136525880576936,0.2458812079561015,0.0
431,13045.246223086899,6089.400591661911,1338872.0514104087,38121.83381560225,0.6828446849698382,3337.416236548626,1.0379633926397185,0.12839088205824778,8.46889477078294,0.18088819015884885,0.0
432,46263.08202850496,22814.517048014393,2682406.3843316487,115206.71368278768,0.6276183161350366,3920.55900643925,3.783231839900538,0.12092851759877492,8.296665018349369,0.36118950850104486,0.0
433,469578.55668983934,49268.54347358221,50367152.044094965,2157654.0686517833,0.5261710670091805,3400.5360437155464,6.018797269562951,1.5335289285134888,34.6000872742684,0.0500683957449346,0.0
434,11893253.070089191,670307.3703753244,4506209045.759417,84851005.55196784,0.6875643152448324,4126.610860837811,7.925363444055134,0.22477385751822254,15.261146830661872,0.4031084368890175,0.0
435,6286709.668575401,971049.0905862603,633851250.6326054,26705052.759939432,0.6483280373546372,3702.742517696925,4.001581605756099,0.11146130284776064,7.62838465808264,0.14631869980175796,0.0
436,17410726.26538663,2942241.1373400604,1214977516.9656281,67695811.497138,0.6898018340001334,3427.8285702654225,9.131441192455501,0.10106149159502609,7.0372745216060695,0.034041653957379465,0.0
437,6820366.921538817,1380941.2102005144,208255861.46725595,20741126.194649354,0.7155391635553809,3497.469576112526,4.85417417176218,0.15819278305480583,11.130313047570844,0.04351417382623517,0.0
438,100402907.25840631,97439957.60659605,785613869.9847046,128414246.36267623,0.6129133546072417,2396.421050784674,5.899074783895702,0.8260930368875471,20.475515019765037,0.1606830632836753,0.0
439,13161292.196351806,6036162.698688665,462014140.94802743,31270740.622858483,0.6864488739517449,3172.8125828581706,11.422281458551268,0.134567397424627,9.567586603093687,0.3339170498658375,0.0
440,12243020.969475932,2634310.727145944,1995780178.9121158,58786537.1535912,0.4610843955314623,3319.201959897898,17.620876381033952,1.5300167978149133,34.71354422157162,0.272512611533921,0.0
441,5205597.897309134,606658.7018433977,605696669.9961272,24179066.550328426,0.6378223749152381,3748.9520043688244,3.383673931578507,0.10127210013239027,7.417768695371834,0.18551527266895335,0.0
442,1043333.9291778387,246191.05600241927,55737652.94096426,3364597.3297410244,0.47296600499972036,4177.944227194021,21.96427289375893,1.576522803914338,37.907864140837084,0.16167018234036576,0.0
443,541706992.0878395,166619340.19720173,9538475175.539257,1256575472.976445,0.7506084338076112,1996.4218062223213,118.14866689005551,0.08841690006454091,6.467326632358227,0.26348523025753945,0.0
444,7467912871.821417,888334652.3481748,576002084301.4257,31354984482.654285,0.6802187345849855,1568.1547914919188,92.1947215472452,0.1326631889804771,9.801266043681284,0.14197601082918773,0.0
445,44414443.65645389,9953398.003874695,3390331984.432485,151300524.18549052,0.7531813864857072,3331.688809282905,142.3562615071838,0.1508058296616097,10.791586443268837,0.24748885006857343,0.0
446,40489238.036065385,8075145.132707682,1546079821.585361,131278087.54019324,0.7236631017874207,3593.478626283908,9.398191206240334,0.09445834892617296,6.830443436092169,0.241122039963519,0.0
447,55211450.33173837,7789045.707983683,4713098624.34963,220956424.45331335,0.757638864227227,3201.6405821221906,224.7496856792649,0.17957099231261991,12.98784915135931,0.4080327828057534,0.0
448,8621261.088797275,2456860.0033091973,157927602.19902566,21825599.383286647,0.7110862908906845,3804.732669980138,5.872527434694575,0.14072389539006594,10.305150872297428,0.11634383846964617,0.0
449,4193.092677143146,1483.5942815460298,1047123.7529125984,20170.527062914505,0.6574870787179412,3546.7282951727925,0.9364538761330927,0.09627830455726123,6.962854966907727,0.20904081013515172,0.0
450,92463.9689361451,15255.83040325718,6763067.811892378,340214.0672502358,0.7520321911593741,3825.6217387287024,2.3895926320918974,0.07312192116183151,5.356862823413778,0.6052732165137946,0.0
451,38556295.44688051,7251981.082830941,1891393336.4556804,131111769.08477564,0.6617023678303889,3684.642576186373,7.373792556246019,0.19738962214117928,13.920232232760307,0.11113255690901024,0.0
452,39402284.03699471,7461784.603899327,1645463233.5529447,132318348.7095035,0.11755521332041692,3858.9385818393885,6.275473383834939,5.474942897791649,91.23504672962017,0.16126392633757583,0.0
453,43561.54090097063,13349.108011384651,2410217.148329695,121690.66600419363,0.8042914077914318,3378.9211373734124,2.694151503176759,0.06859307477639813,5.032396321710337,0.2392074532133273,0.0
454,105303745.53397164,13628414.520975322,12323817059.465424,486229166.5826376,0.594168019215276,3775.5618887055894,3.8206402839806906,0.20391834586048577,13.735474372426477,0.2607065999573683,0.0
455,28620991.10631894,3896428.191689787,5306295882.675226,145885990.51892447,0.7215138860072691,2746.857186514441,575.9208435451853,0.15810320367754116,11.264084281506335,0.08733988010780346,0.0
456,1035447362.5639595,161820782.2576844,63439847074.81421,3871502936.6201987,0.725331411731713,2065.11614262284,411.5829870326081,0.1124349211648588,8.336271843941116,0.13330144727135623,0.0
457,6984279.543811371,1031512.8968970621,799666979.7550142,31325398.66169014,0.6887201401314738,3972.027454788316,3.8463896112348577,0.1721343464020662,11.577471327834392,0.26061777087567367,0.0
458,1789762.9459269694,307694.33990282443,106769838.53548893,6304239.838453914,0.7652327524052772,3922.1845152312844,22.154901978146576,0.18320201422201618,13.10099943378307,0.1941432809816097,0.0
459,11787085.272397403,969528.3427447553,1887930107.635683,63178111.23066814,0.45789889426781744,3931.8156646811103,39.41772917492851,2.881531066051014,55.60832731706298,0.20933289295649807,0.0
460,12767052.611762714,2294928.022220207,570360691.6478698,42332103.88464889,0.6975851139888926,3920.546408584155,12.904475345542258,0.20849844323664435,15.085983949367806,0.1622913283293327,0.0
461,1639.5805995069281,331.74619449174236,550649.1548389758,9450.925015732231,0.19614030315616415,3932.226476318063,0.5571393237508703,4.17543940933845,73.38318576699137,0.531571929466003,0.0
462,2446.313695300686,342.30109495759797,977791.0669090059,15581.311483724718,0.628993773892131,3514.0130761703253,0.3768569287313612,0.02180252031563734,1.4880027403857725,0.24882048334354376,0.0
463,18066209.328360517,2446358.642824407,2033204586.9157786,79282591.73781502,0.6827165440797229,4038.2859099427255,3.407303352168057,0.06952727274407486,4.841372795305828,0.35283917938768394,0.0
464,28139951.75045694,4656565.570879096,1406493576.508005,99438786.68503422,0.6145503328002464,3697.052928713927,4.259332825426778,0.08235957333230663,6.0373844340965634,0.14269405186519812,0.0
465,17469.59347649393,2154.973210277591,3747456.1118600653,92115.08021869695,0.5879546355661975,3760.871123637022,1.82249895740098,0.1498659512129598,9.75882740463686,0.42854641268488236,0.0
466,32604384.861003596,8088386.7773553,816105175.8509922,91789724.65258777,0.666243406501748,3566.6374663558345,4.682782791117559,0.1102599051045627,8.028015902610804,0.0318764008847387,0.0
467,6018.578128005919,1166.5843773143715,1116102.8466090008,28269.871768829016,0.2817720006887448,4021.7103599250545,1.6542062622818592,4.1304984432094916,70.14416901331296,0.3385695276391823,0.0
468,89897836.01048021,12512056.806664111,6970241818.563947,364019583.55156595,0.7134891101131169,3893.8704655642305,6.039540553476004,0.21589477902458168,15.202973224388078,0.15898835508439035,0.0
469,724625911.2289813,104723101.59354608,58138906696.423134,2957403823.08898,0.6798812297794038,3164.5874506403748,12.793862197089378,0.09720984340647298,7.078168326321011,0.10811397517144834,0.0
470,110882577.86678092,9750096.266089646,21481811600.855988,621891984.0392451,0.621828446862638,3856.7995905566127,5.589980804876076,0.08005729336147036,5.855395509033334,0.2520415250933973,0.0
471,37126524.92694856,5051576.99339419,3532866712.354823,159307126.4670184,0.43918801231165644,3754.261035091773,4.724323258658733,1.6053900500494513,39.27856910983327,0.17596437061633535,0.0
472,4072709.2501283945,612239.1734636661,382658238.251946,16955412.01861856,0.5489615298596271,3817.207262193935,1.6326797204359909,0.0766184738452762,4.882193781860178,0.1708423538686073,0.0
473,8537.390237981546,4942.9504236461835,1467489.560235935,31637.7852925663,0.7331904380300828,4123.473513896431,1.1195655256229147,0.1263694570251693,8.811682854730167,0.4442099094248056,0.0
474,6755777.427563613,786511.7428827881,746119969.9237306,30681910.36556186,0.5916188573815871,4136.6965386474385,2.3255667562625217,0.7244585428133549,14.260889614868285,0.18758650627029116,0.0
475,311497.45235576254,60916.60584258661,8782983.546529133,934023.9680154591,0.2973383206870046,3819.5210924145745,1.4555749495885548,2.1407007534113776,40.561987170429646,0.1407550626677763,0.0
476,108928371.0870183,19055639.339514185,12357270326.510897,476241584.08926123,0.6682887119690017,3629.349782253231,5.8628407498297,0.12177380824128381,8.555782066923097,0.15926280171700172,0.0
477,220887.2873899496,49929.53568738727,11692956.920435142,705700.6418730479,0.7023675029468628,3677.8931223261743,3.69577457977998,0.20128243772579948,13.905034186544844,0.22799963943953822,0.0
478,28312.103752119925,5507.918158728163,4305713.970736995,126810.58281392753,0.6551346638481303,3428.7644856224897,1.4749915156123157,0.09541137096598691,6.313428931325703,0.18420985941742563,0.0
479,18462.19139121952,3005.6542884400524,2735047.4190855594,84645.46971761521,0.4929206071832842,3803.1721601355957,1.6258123456630438,2.1667032719072052,42.38114588032617,0.47053070249516754,0.0
480,3516983.0955713196,426281.83575513994,376044585.860695,16144138.77086994,0.589551743836719,2639.7872254424665,27.72538015238858,1.511275721602401,33.33033606044682,0.149532354166795,0.0
481,352437.0772405328,31984.815222042515,64498357.680664256,1943745.7447260167,0.6342037106119378,3695.482396809734,3.279662489577729,0.1452619726487284,10.282066012793633,0.4873927871538379,0.0
482,7889.509545973064,3024.445489229932,981892.5420310538,26364.469234206736,0.44050057933117015,3749.075199293371,1.6464211901856616,1.4817937988941843,31.043979803793388,0.41322631067181237,0.0
483,10820.049064343697,1450.6949814254122,2544266.453594449,57140.31141975099,0.6727894079298036,3409.5641893636803,1.735457337932399,0.16756949009803676,11.58922027324,0.4348813390562958,0.0
484,1988214455.7444415,1373103961.1851158,13618404251.00728,2947295131.6221967,0.6756939108517525,287.8880155319043,9.958904855481638,0.13938172692884132,9.761800587426,0.03323810401009329,0.0
485,2646153.3200769173,418306.11940526444,119486606.43678181,9237037.965296399,0.5725264995157533,3407.441602397087,10.048877442556629,1.52415321507054,33.96786036699357,0.10688412595294285,0.0
486,13016762.662010204,1084409.8467659748,2678404596.612645,74934236.93743743,0.6376376632834223,3310.625155195113,26.665233917034808,0.7993661624556294,19.70987409967551,0.08179437155941267,0.0
487,5277128.034533897,447398.23324601224,828309626.378036,28086036.60580319,0.7529328525062523,3765.358006668051,5.840779685177159,0.03767429676850833,2.376295904108325,0.18892858627880982,0.0
488,101238651.47306165,8718899.93787399,13955943855.889324,522539177.54428357,0.7140146489662611,3802.2067957342806,15.141813541308231,0.11294650902926459,7.904498574088966,0.20674831683170805,0.0
489,329127.8931543916,49307.07220608197,31259066.789295632,1382918.0378697668,0.6694935260910381,3368.268845903448,3.868254228993519,0.0863030622215187,6.278888880347156,0.06637190642412749,0.0
490,2422368.9103376446,421235.3815859018,97624946.29041061,8047560.508972737,0.8060371152362219,3004.966009235201,16.514921027714724,0.1590524741518145,11.653802465478035,0.05152798277878749,0.0
491,3172374.0509114503,376977.7031852939,340459793.55619514,14391708.69220053,0.7039265249716715,3725.0973011984074,10.485383532343516,0.1361600507441172,9.479038112183071,0.274231600623628,0.0
492,16638.000102311926,2611.8197040260584,3820294.640415609,90251.6970531339,0.6034735437466316,4078.140985344654,1.232452727310921,0.7286964696636715,14.310158503541336,0.3688124905348051,0.0
493,2135664.890523835,507722.04022710177,75026399.0941779,6647776.070311419,0.7322852513406873,3260.090449003861,6.166935715325675,0.738687060787245,15.57913698463966,0.16002235494841233,0.0
494,124604380.01703826,61384531.27063565,992448776.0960165,213720242.7048293,0.7703064387509997,3666.220320313367,4.88601939715993,0.09687805168654,7.177596777765785,0.14828529646416197,0.0
495,173211577.00112647,30443078.411325365,12739737196.50047,682799245.3244268,0.6362426399758917,3583.291277671968,3.1686864206460155,0.012435929156778958,0.9235111321036726,0.189433913818212,0.0
496,5594.17074760915,925.1761142277999,1567694.50770206,30689.301496405456,0.6186837695620206,3673.470130057178,0.955763894558973,0.05992852117124361,3.9965605009726444,0.14113416959225575,0.0
497,97666.456410426,41004.88422051315,5707125.669924841,275866.57042993593,0.6041533011460803,3647.9623253301033,1.7991938753339534,0.1678452735831537,10.666707498630917,0.3541206783714275,0.0
498,96122282.87242493,12541289.421624597,8576251817.066694,409577575.30582035,0.7146305739405364,3658.942910781716,15.490511332508301,0.10137989843324843,7.500001954299816,0.1794684477064036,0.0
499,28924258.163161613,6964030.5926879365,1896228306.803423,104623804.19435921,0.761747004176582,3561.558570397533,12.551117152475161,0.1543047580191029,10.948330930948753,0.13223438546155097,0.0
0,3820840715.8991966,1055077480.5792687,67278386610.78667,9260755261.550755,0.687256711317067,739.0753289207064,144.2477402151365,0.7666718585038499,17.27829567786346,0.07988276914358772,0.0
1,18188.855944482635,6315.321597350264,2505363.357163041,73062.09700003723,0.7153833510483201,3872.1349971420505,1.3873928925433374,0.09311494252872823,6.563391182784601,0.15555301936189297,0.0
2,28264550.900107525,3495606.221326188,4684810528.821093,142260471.47150987,0.4598427187408863,3547.3287135053106,32.017808326105985,1.4415676502259607,28.507491494391353,0.18718913471661072,0.0
3,12647541.284937695,1002424.5874643062,2087194080.998452,69066241.1894824,0.7016042407811962,3944.0740088135362,19.735075312608878,0.09964303707357373,7.234595479032332,0.048290785400875405,0.0
4,8032639.351706939,708556.7518379888,1149379556.8119252,41554805.803701326,0.6421912033788897,3376.1341029424993,20.306956359360967,0.777826588029163,18.23491825089942,0.1536642880164382,0.0
5,12287368.316629125,1170302.1735424316,2255250013.7927485,67571091.46158202,0.7299598507157515,2933.2845580089706,93.19663630101039,0.2161744499381058,15.135112381550481,0.16390024004922185,0.0
6,8718253.091653025,983728.4948646066,946145465.421279,39658044.812237926,0.6094670224458641,3872.5348328483597,2.8122718254716075,0.0808758300905267,5.052592137899128,0.3552741176698881,0.0
7,44524.35866928329,28659.492434314692,3479294.1835238053,116215.14040472175,0.6677984145395276,3310.6797792265015,2.5920123007885625,0.05379127554618277,3.8954015213051507,0.1492679734481898,0.0
8,4793388.056754473,800855.8360673299,291509975.6491892,17836933.53195453,0.6368534997681503,3820.143311751811,3.7476689660553113,0.13479264670596738,9.40175961206123,0.14873294359725595,0.0
9,2699589714.271532,1340689941.2517347,29330669761.064564,4854689481.933951,0.5025459311309662,1396.6840301097352,220.7228650474303,1.475051556432465,30.611970455567956,0.05626646760502147,0.0
10,35072578.74388408,4080226.5814320026,4573260235.6685095,163668402.98130244,0.7369669628333761,3023.335880768045,48.90054241353079,0.027554024952522304,1.9068301567460666,0.2187126991658227,0.0
11,27166740.39535878,6184752.431595196,633622348.5165884,73865583.54540339,0.7276124478007256,3762.675584624866,13.890509651757757,0.16504375193420193,11.882818728582114,0.2575741701904436,0.0
12,3030947.913074366,472431.7379554738,165377818.38063556,11109997.144894201,0.707353143677623,3601.7747787857306,8.005937689568263,0.14030008903960303,10.244216726911976,0.14745582499856677,0.0
13,580999.1480726689,110345.70942587257,26890257.84182591,1907130.7391555111,0.6505430971745512,3656.374280892248,4.4009427709357745,0.7435802735272373,15.701884936294174,0.15504658563697868,0.0
14,2915183.4672257532,678150.1824706288,239481864.80106717,10366488.643967565,0.66164531686901,3548.8071516986543,3.880930003080895,0.21554703505441833,14.13138397345133,0.2537253504659563,0.0
15,16738.333594197895,4620.654768527171,2196757.595863915,64930.10568133254,0.7282160606913459,3522.79268023613,2.684596190685395,0.18162426283104827,13.032542288079458,0.19818533554979012,0.0
16,13171341.770674143,1181736.573142978,2670766673.660302,75198346.00424737,0.5976788642583958,3258.546476361028,18.407703086852713,0.734225996302013,14.991008476336088,0.2449173926523709,0.0
17,30372.831254388868,6090.471122295881,3949328.11760996,122934.99323471534,0.6451962557569548,3652.471961286161,1.6203354282976021,0.11253043024380878,7.967453171571259,0.24305065625477296,0.0
18,94903442.64453176,26891875.183818053,5613168109.514404,309422556.13741636,0.508088937730947,3202.3133750047937,161.47337751392286,1.4313562524055563,27.614445338073033,0.08354189271424893,0.0
19,10837923.430160468,1034666.4923324719,2463677161.3439894,62211741.89204864,0.69825748385491,3272.7244779512885,39.28628110098859,0.05576814692619116,4.144876314266348,0.3017026830363414,0.0
20,14077060.872733781,3783601.419432535,444677341.161019,41477534.96884141,0.3159788279422156,3804.272471862132,5.228096087740884,4.125334274227012,69.58771870183685,0.08938972103388607,0.0
21,3762285.231764164,505506.48256222194,314812164.73582846,15780448.84049127,0.7266045159712962,3309.5198839841732,18.463433997878603,0.11538689765516415,7.9756617731783646,0.12790862419537324,0.0
22,78944584.15746868,7220650.219940627,13802876492.720358,427280065.6113368,0.1715364445508618,4193.625387219484,4.668367213520873,3.5190164600692304,64.2801586985808,0.23007610083306926,0.0
23,4972750.550844787,598957.3654633078,345883706.8321344,20403720.688788526,0.7096905084955887,3626.97867082043,2.2999090077186732,0.042215782799900924,2.970884985773118,0.18450552266233564,0.0
24,483957094.1255829,152952419.8953007,5060768514.579027,1045101083.4458183,0.7261266143049582,1923.0170338396103,28.097502186483588,0.12325948881687579,8.768000577406546,0.13688265981284606,0.0
25,8949213.38580372,2015059.0346551866,509515660.3798357,27611168.87329676,0.739780483712827,3340.1582448357826,46.01566193636875,0.06364073558878776,4.574228434894252,0.3250688734299716,0.0
26,502198.65206307155,36430.24606730472,160302493.78182998,3288505.3587847464,0.4906297584849736,3541.4201901029182,1.7626144247206907,1.441229218828022,28.15438928353305,0.47946459716304374,0.0
27,18472250.777436413,1424627.5944923437,4431636385.317681,112250472.52208991,0.7790533393492487,2850.2279392354576,90.09695869818925,0.05881895077944863,4.004318375727645,0.2502813613921452,0.0
28,70262116.78588477,5794120.201867457,11086927269.380379,377118177.8028355,0.6724530985497144,4054.5226210796354,8.10427453758158,0.1784974986314179,12.508410089681451,0.17183483328265364,0.0
29,4970130.492628729,736928.7434298324,505889958.4177759,21438786.267896436,0.7812277283041419,2848.918453941368,49.279672726213235,0.11318986037670378,8.224460499971686,0.3085228140513589,0.0
30,303434199.0046838,78146893.09480166,12888046211.393095,922659605.0251108,0.6540790520038304,3354.17930792667,6.496943591027021,0.10033941763481007,7.17776869477149,0.13080218901843618,0.0
31,11657992.954465937,854087.9357777117,2745882273.0820694,70485752.50554839,0.6630799129935513,3262.318187200948,10.706921401310238,0.8051937470515125,20.328170523228856,0.10952994954496027,0.0
32,19428.56822288314,2705.101640442315,5116371.50939048,108328.77804556822,0.7200332237099464,3632.4804048956103,3.0274138202828897,0.10541968674576499,7.585097883033347,0.24948518102904996,0.0
33,10061114.919561904,586603.1206336527,3400304939.0649633,69431433.52872248,0.6619963253895539,3203.40183574597,2.8096905796653093,0.8163763523779952,21.008988547763995,0.3314476434454477,0.0
34,163188842.0730098,15323356.734406758,22712125977.68348,824896195.7814362,0.6071699645972031,3796.2464437401786,6.798518905320537,0.13671908414659698,9.155182141690542,0.15540653075728375,0.0
35,4999867.572634718,785629.1811280779,292006605.2681822,18290047.94418424,0.06952573712830809,4380.149230852409,3.3766714982938772,5.4029281152395345,86.49119285084478,0.37510017778646165,0.0
36,5396.833195528025,860.4133292591399,1558023.0340613679,30317.908770836122,0.6007504863818044,3815.1695399047658,0.9092496874408901,0.7483191937027986,15.891052869717466,0.19208082303542187,0.0
37,22638424.891242426,1782913.4298651027,5569747228.186978,135083874.79546142,0.6629012830434983,3645.0341679375388,15.599137792538652,0.13003489405160318,9.52331856801036,0.295656363184406,0.0
38,147377.7331827913,100988.41162485308,9003974.477857763,384845.5953030771,0.7125107735074064,3726.588137264027,2.7697704832535246,0.11416747601214379,7.272206608184318,0.08231726647636413,0.0
39,3439.0775010167577,342.6702888088281,1460877.9330772622,23146.524809107592,0.6950913058814945,4114.055080436365,0.9074463642491111,0.21526995599525173,14.351313816654448,0.1997992306404545,0.0
40,2108.657834710391,188.95884330212655,925350.6509782562,14479.333401167081,0.6673253219357795,3903.4241941782366,0.7964567151072608,0.2397535199006696,16.473008536614515,0.36259086336147267,0.0
41,11584.600194802022,3540.007906151595,1501760.0640542787,44372.141546508574,0.09646123183242745,3678.277340072584,1.8548956439362072,5.502958832913917,93.14456106923255,0.39196770103734374,0.0
42,1956746307.9149983,1373089773.294168,6384597877.903222,2627884516.901068,0.5110273078561987,282.338908509426,8.40729802322599,0.1559934127471089,10.773726070162985,0.1991727615204932,0.0
43,3023175166.2485523,2133885174.5223098,7683411912.064641,3876664678.9226074,0.7249476122483216,198.718506874039,9.896712498067961,0.051178663328366,3.6852729487194464,0.03874423609669921,0.0
44,595043.2492452727,134082.23958904177,30439527.69560348,1932064.6369302378,0.70158180475852,3539.2122546359437,4.138057131617821,0.07696038635029492,5.603825715874433,0.27155744635912094,0.0
45,7509578.202576938,1415119.5188674803,543064892.6954104,28026237.428998433,0.6267909461560418,4265.582168912014,2.3232838272146337,0.14962781276067041,9.713784232425109,0.177524018180415,0.0
46,22255.39123545992,5908.731520147895,3502764.064024628,94497.4598881009,0.6307899695294958,3588.387398304554,3.0516117091225796,0.07181270087934193,5.232352548098483,0.6135789552706677,0.0
47,92886549.22094864,11656871.007001448,7058914050.694397,388124414.7772175,0.4973643254862436,3834.339898061935,16.42895135582098,1.5334186301345105,34.73956085239695,0.03328405071333587,0.0
48,37524663.755971454,11227812.064475905,523313276.72337854,85110584.98078986,0.703871517555353,3349.157804849461,15.086515747663531,0.1305240124347896,9.264020621153206,0.20539293167193998,0.0
49,4132.335523701879,371.4634161884051,1043191.828494934,24041.008280621976,0.0866919740470766,4131.357451844836,0.9692646808219023,5.453659723291233,89.65297770592409,0.41300759142318516,0.0
50,22580962.194906157,2025680.6954641095,4797416130.649633,127041129.70191595,0.729383970732915,3155.1009078602474,83.60192455251413,0.12228988554063429,8.703360736527134,0.16982611372646775,0.0
51,6451486.874655062,549171.4273610889,946114830.2589598,33735919.01446079,0.4331923025711628,3525.241485452928,11.19374976839423,2.1360317934362776,40.3216352047546,0.2173399772041226,0.0
52,26383.995836818627,12051.615145468417,2061740.9913288753,73591.4711429325,0.6467262581515778,3419.3520490582514,2.1083395990374605,0.025259173404509384,1.7250314928834698,0.41942163121030157,0.0
53,27318.187569096415,9981.272413683018,2503169.23265284,88083.53348656741,0.673149419827919,3558.573757188986,2.0098283727962056,0.13546955886964787,9.469602398435837,0.29343826141622903,0.0
54,6076.228524470411,1053.2824723743474,1697487.7878168572,33781.940401624524,0.6332331818972083,3524.9822708454863,1.3807144622263985,0.0963099747715698,6.556057008012175,0.30001529345707195,0.0
55,4141753.808999871,712453.906328927,309556272.92999464,15859189.449358683,0.6753579089358492,4130.368122561977,4.025116203105331,0.14921260036115794,10.556631084355558,0.16235132676804545,0.0
56,38977005.281818554,3632349.487839705,6226308301.050472,205038769.8320973,0.6810274694031382,4311.370334275785,6.467050424516892,0.17837933875977,12.009329976905853,0.23407912543374085,0.0
57,79062.24828773754,11207.240100956196,8032648.920385594,322961.2221314156,0.7213011643578469,3939.2391117896564,3.8158203043545886,0.09079831384487154,6.471920328392875,0.4006396833013328,0.0
58,66142967.52240654,9863228.030705363,6278645806.670896,269448106.3559538,0.5357426541125057,3397.7045698901475,78.67832606329378,1.4171706262850203,26.39659209958968,0.1472553316390793,0.0
59,1886438.4002326578,204601.49186346872,218956941.32857585,8744006.755111368,0.6032464512083346,3991.7733041027873,2.65444124008081,0.08676503426125733,5.914392531322247,0.21929658744452488,0.0
60,9931227.897803066,3466260.335333762,525283308.8089695,31968985.682075273,0.6932929719368202,3765.5243385076656,10.187478010673408,0.17895098473530133,12.209220109257114,0.13031782907683442,0.0
61,6448901.445050163,732530.9756167043,601228762.2042725,28633106.697855264,0.5035700199212652,3509.0788034860243,15.557509649047631,1.505768650569106,32.639625074727164,0.10894376557252582,0.0
62,270470462.3887518,75188734.62704167,8876924275.934765,751609746.9106729,0.7100709181766797,3048.9553737764754,13.245939520364105,0.0845734937248837,5.911877147585767,0.12147192901914848,0.0
63,66702600.88693209,5266692.495777455,10948810656.918728,364637258.02715886,0.5567244086729186,3917.6020308008915,17.387116072577744,0.07544135382320602,5.576468127921137,0.18335078633708715,0.0
64,986437.7691578461,71366.96206008448,202883703.41657585,5726766.641140079,0.5281553748851555,3885.1332763160035,7.083113704508298,1.5342053283908033,35.00925778298425,0.13894831713176448,0.0
65,7047.451410481919,1346.5656588501574,2047061.1369857867,38079.199393950155,0.6597365858133649,3910.5089165911836,0.829245260712681,0.05318777158817003,3.785375844719634,0.10674779604410937,0.0
66,20657825.777131192,2163730.20313247,3205796736.625913,105386779.50424027,0.7023225464037159,3068.2173439838516,110.6919016644122,0.13025707334797404,9.457970357474508,0.02981254371814707,0.0
67,18930.317541313336,13725.304740646674,1725170.935038248,50445.437646613405,0.6789187521032348,3375.2128538824263,2.124074857229403,0.0461208883853228,3.2542179245416305,0.3942393620581308,0.0
68,27725540.46566082,12190554.748103183,3390030454.121002,95978155.20599028,0.7645323753105513,3857.7583993948538,34.28840887885044,0.11476165901817952,8.06455402871109,0.34841915853687805,0.0
69,84974082.30439481,10350366.57995676,9466447854.824007,385393873.55663073,0.7069025073013777,3697.292646509942,51.815048514673066,0.2127807488343861,15.214573047309091,0.19116520653455132,0.0
70,11894.540915171912,3420.6040443390084,1164690.9909770892,42492.294393289,0.052697426873047,3408.2057490366496,1.4753631572458372,5.5151933293115905,94.30699546302932,0.0950527485628938,0.0
71,10626760.622512136,1035548.9234230515,1994755578.6641822,58076838.7264151,0.6849994078155003,3778.484339082651,10.459626975400871,0.19972702234826506,13.119219577419353,0.2150613418064992,0.0
72,15517532.288680637,2569847.035261147,706409412.9715449,53583208.21990781,0.7337568692468338,3427.689451877825,9.767989255109228,0.154665209391983,10.965356351983857,0.15442826565513476,0.0
73,13053193.082612693,1724429.8725635833,916968843.7015375,52897438.12595773,0.6981155384917304,3876.5797039497556,17.79323246800476,0.11794242191994275,8.033323926801497,0.07977964557870919,0.0
74,9538233.599649254,811894.7298466346,1619608238.2176683,51808293.08939096,0.5536968130466887,3191.705206957179,28.26197600539478,1.500873539561543,32.499468996077354,0.24368660221152308,0.0
75,78444903.61109224,28776346.14937762,2277444170.2653437,191522473.465471,0.6556844090590401,3512.0580773404754,5.0223453147496535,0.08889244131385547,5.978793373557151,0.0370342575917953,0.0
76,3991535.3394244215,960606.1022149365,110985587.68070409,11037981.750908216,0.7170304391553741,3587.083552631064,6.913869930179224,0.10184258745150183,7.427545182014322,0.15134253125339017,0.0
77,124180442.15856484,12386062.78237292,16077741415.098633,603783996.1134814,0.5924284342457968,4294.878811147841,4.460697145322307,0.19048878292548627,12.24944211571596,0.13864189922148543,0.0
78,5313.788694601591,1147.3329849555964,1383059.9488111716,27745.232167403978,0.6586778575062869,3563.515260945099,1.1093770646061931,0.057425241932646906,3.990259813193636,0.2476047348192195,0.0
79,12188369.920004364,904317.7753227841,2709826816.4810147,72580887.76408716,0.7490300698447145,3736.3260004045405,71.96006475918988,0.14583541127512306,10.698817601321347,0.17624314720029186,0.0
80,29276219.929816317,28725584.083925497,57540603.2247226,31706226.059178114,0.7056970160976097,3589.321539688187,7.761920535975073,0.12797308577459524,9.006273270340243,0.10190971126972705,0.0
81,11862.472546876725,5305.123911920762,1777381.8109479353,44684.9465791269,0.6552957470342619,3461.0773358673323,1.8741914239173536,0.7493160802486326,16.31114526510145,0.42619178803956637,0.0
82,225433.52874064556,74175.37921069057,11462966.027517963,639328.8382060269,0.7375980533706769,3696.302623106829,5.360394074800537,0.12987233608017518,9.022027537639833,0.10260808097418919,0.0
83,65429.64066312877,16459.38855506122,3984542.8823943073,201212.38071336603,0.7262383476957088,3589.8937019540995,3.0115139291959254,0.12837150839882366,9.023968922006915,0.20182356432536572,0.0
84,2147.366530906497,153.96843873470647,1131902.1404078733,15904.710439570012,0.5889914149835924,4168.252853512405,1.0205403090365377,0.8454891836897879,22.6557311625298,0.3700448074043783,0.0
85,4605189.920554305,720256.1291342548,292235525.23744315,17636186.730842967,0.7366011370307974,3629.5589607778334,5.97533946162406,0.08740001034828211,6.466310473487049,0.21727720679966142,0.0
86,11912917.007999511,1408619.2507740054,1035334720.9642994,51714895.0374095,0.5995433827936454,3254.017995873929,165.76337810650975,1.5080098536404336,32.97715120195737,0.25968074180071354,0.0
87,184466339.4977993,38813522.38323625,14049235129.103771,686740649.4988323,0.4692996679154655,3516.915537197956,18.986118616218413,1.4603898997529483,29.68373257752063,0.21856527174898394,0.0
88,651659596.4993342,231512089.69599968,9985119321.537756,1469257341.4020696,0.7322908349418689,2100.474287451317,16.034715606721058,0.12497785676439621,8.961286475661455,0.05139250802292551,0.0
89,40978.21059561729,4823.860045396857,6212712.724465365,192836.6032607152,0.7253209254425295,3784.639757695236,2.645011820079226,0.06539674463492684,4.760389507407325,0.3229458777380317,0.0
90,3099572.2919043154,1126926.4486519964,74960741.72784844,7631810.322550451,0.6751997183625055,3547.7029100388418,5.077447678521416,0.11083909541040401,8.031956479959256,0.15755937060163772,0.0
91,19531653.699854303,1802525.6417209457,3844746158.069368,108551068.66313235,0.6880426887968818,3015.8427864497016,164.26890057115915,0.12549552329752878,9.044063840214676,0.19820394043201803,0.0
92,27574960.77750764,3474751.679950679,2375718340.683384,115480315.38460465,0.6779780604574721,4081.7211121465207,14.651046326061886,0.09361732203959719,6.7279286356315735,0.19014388435815477,0.0
93,19430.85350046729,15516.286694497972,1674233.4916066,46735.38911123281,0.7390502820358826,3781.718795296479,1.4997389498102485,0.07875948342940794,5.493257250728249,0.20217159285289107,0.0
94,10035118.056621972,977897.0588354412,2366763358.474504,58938864.38698562,0.7372366050488363,3503.1717006083963,54.04090711279707,0.21426696870163325,15.003469877137846,0.2927880040964783,0.0
95,1359687.6149413758,212651.8489022913,83392363.19661231,5087186.391706226,0.7520115909358405,3647.8224920537173,5.21473925642401,0.03184026770129007,2.3919323900210356,0.06853392211970646,0.0
96,732003.5160481932,124188.89273981866,52910780.58243351,2834026.817872525,0.6458599297073724,3987.739042149702,1.5851923136524249,0.14059139218757988,9.993402473067299,0.11397838793310391,0.0
97,836003.4288817572,147143.16775492838,43583575.54419271,2961036.5872630114,0.6022425156911153,3529.4439729403243,3.1229007658533976,0.13099752634278775,9.288720334834144,0.220742028768178,0.0
98,11388338.021400496,1790379.4652358484,827165460.1112645,44491883.516529374,0.6181663365514235,3708.7001477551116,2.6743556679678995,0.07320798095490773,5.277531574265742,0.0679690386710871,0.0
99,18655.24480074501,3303.2931077887865,3445737.284522418,87544.03597003601,0.6147955518491439,3571.702592131451,1.494375314469618,0.07476184629647128,5.075706647764564,0.20721161384207687,0.0
100,28819126.93255564,4794217.011853512,3042680483.3386636,115015764.4937356,0.7514454815306486,3337.827930300363,59.300261564464364,0.10209770173629469,7.484930997723656,0.29926022345119624,0.0
101,91447705.18990636,13814834.924338665,7421543947.741117,376224688.37701064,0.4558822038661193,3660.5910374690575,26.558581204276976,1.5288377305839802,34.071807444743435,0.11223417903374915,0.0
102,21592.923032397663,5906.043784183259,1737574.9615492083,73050.53977104671,0.6593656727381509,3525.238115512211,1.473566345981032,0.15892139441772885,11.559283268672022,0.43495217881843584,0.0
103,21567196.018936194,2455289.169256701,3211472730.3165884,105473842.33715615,0.5599251276926508,4015.5446531664957,2.856444515946337,0.15019826491226781,9.88321189530009,0.2768203174223417,0.0
104,23115.279360730092,13947.170680712787,2284122.1301003555,66401.76327397334,0.7212816859593607,3701.9135695342648,2.1734562388590106,0.12339839301340563,8.943861274718119,0.6229635178147327,0.0
105,9400.044189981758,1030.1967361370139,2192229.212760969,50732.826242729694,0.6547474402067495,4107.18613124759,1.1903957750818814,0.14268860454154134,10.238596958307244,0.333920255330906,0.0
106,136265727.37497818,31452009.92527414,6597842718.576598,455724115.51489675,0.6453363713946614,3628.8634667715905,19.317277211107026,0.09636423745539444,6.9047251982797375,0.1554379676668274,0.0
107,29878.761367569754,7957.136608301342,3359156.252223591,114704.7685027933,0.673046182079555,4069.13078519637,0.9757605975315905,0.08680402158051663,6.084498533257696,0.2602930730812792,0.0
108,35098716.384079605,6224059.355215581,2029637489.7723572,125213246.53273062,0.6832005565697579,3552.6729126323935,10.424431116146248,0.06650431449787346,4.82171626733974,0.08681739243483833,0.0
109,1083172.1427154194,341471.66086256364,14247719.559267646,2375369.403697268,0.7257049770009925,3430.256920615811,3.1837597516118747,0.14193348690507737,9.857596294394927,0.2137796444492274,0.0
110,1750621.735009831,450872.4463818522,37396269.30277036,4539856.51830514,0.7113507900246888,3476.4399206668218,3.5073676874524224,0.13969672628426189,10.143174750761707,0.07710908259369115,0.0
111,24393930.273086604,2160363.0689841798,5420202437.399736,140728751.0331921,0.6740334351049904,3488.5806358526006,28.221539018163334,0.11415769747678653,8.38662490402821,0.29913026209249893,0.0
112,58337.7847440795,7661.465083893001,9028831.579323014,280786.88563975773,0.7375960497489971,3859.201883986587,1.7097269200070262,0.08185896547831399,5.064460130728134,0.15513796775328673,0.0
113,500057.4856428231,36717.53354065545,153588193.82944065,3231880.988503839,0.4275425432409586,3480.806193713417,1.5920631332437203,0.25671957848330607,17.056562979808426,0.3392461565755615,0.0
114,8972343.370801441,672943.7874077525,1724016972.7077708,51436495.23660513,0.6908006987000773,3690.4199986607814,5.407845445053072,0.05603244468146214,3.924287844319932,0.20191819179959522,0.0
115,699089422.9490851,155083378.8676981,18290230771.804356,2000500235.1878705,0.7137604057516767,1994.1660228314822,8.45335308896066,0.19135689826823993,12.209346519269475,0.1891338697506672,0.0
116,292731.06895169686,199913.67242291782,3238026.6008844553,434334.9302979618,0.6843694662120494,3667.229680870264,2.2676411931652596,0.10747278583203493,7.4253093468137,0.22951501545525246,0.0
117,14116.245644356415,6739.300519922921,2130552.9823261853,54622.10578798006,0.6595187824320927,3675.9284682362936,1.0819424811519465,0.11383690798370241,7.594704173517968,0.4589726738202451,0.0
118,19254.056408643642,3027.701933216077,3104026.1983865,91291.69018294344,0.6845849864864564,3832.1826907576124,1.2738423131795507,0.16729850623594497,12.156678240520073,0.4186450397606664,0.0
119,12990.415957963167,2544.628429243729,2740074.6356409034,62419.60329952347,0.752890377727318,3468.8536566116222,2.9748147070349558,0.1802224057095197,12.686637081906387,0.4833231995476987,0.0
120,74724724.3082048,13168152.728698067,5660750821.661599,283247378.4891528,0.6572205996026337,3549.277370459734,4.69376014420756,0.09448471716639846,6.932742944817124,0.1391134046258243,0.0
121,7010.890772189709,1660.0169074485925,1642207.0426599623,35340.537553344875,0.7213193318799471,3969.246782458871,0.9055973149104207,0.07742447678440438,5.506674085828358,0.23322944382150693,0.0
122,3057.7989243313887,514.4666497070833,1116138.5332316044,18500.71218732945,0.634471007668869,3564.350501496884,0.7861391126628939,0.7364713164668049,15.12705306062623,0.2925610395624528,0.0
123,16930367.0724362,2216797.6598344306,1220291024.2105286,68586584.90485382,0.6404658693956066,4000.5589740228675,28.83321370116257,0.8048538511796878,20.268773073065375,0.2108710827422724,0.0
124,6928.76723455342,1620.8111189674676,1949768.560465882,37956.647132615304,0.7001971192687302,3737.034007349055,1.089993581108173,0.13778320265322633,9.388295749061594,0.2345386723692096,0.0
125,17924806.012568135,2031713.7994334684,1959977900.8540719,83314316.34002781,0.725003409765752,3686.378784649542,80.28962183690703,0.10042157861392287,7.3724002764323275,0.23550598724457109,0.0
126,80811167.3932809,12404933.035080831,4685098180.0974655,303348948.4337417,0.6827574138747506,3737.056593056113,10.35277361342603,0.8179027395109941,21.228434871537235,0.08684499557388585,0.0
127,15104430.917474676,1027687.241774917,3380533418.498271,91289340.35457996,0.7521210139042942,3918.0364032394064,8.91054751260405,0.056637534284211366,4.02909506563464,0.2230771806069373,0.0
128,12409063.74958549,1070688.9331454134,2147009513.8796654,67490943.41097447,0.5266026168705842,3321.3879739338436,51.955721508315726,2.1801637393487967,43.58303513121315,0.3122496179173749,0.0
129,90719910.50344092,13754997.640678039,7370668427.182524,372495324.8903795,0.7067209382205993,3776.448029907636,10.755467221969019,0.12328761127201426,8.623695472326524,0.1260916653833761,0.0
130,10149151.276602335,2223424.223538158,449108209.91742516,33173905.5816937,0.7421158569410237,3586.0731047639833,8.792786324044261,0.11462831910439117,8.121524792827085,0.12430353569796325,0.0
131,1640667.3757681288,252293.0217366488,75390311.96060364,5741823.485967643,0.2624065801660646,3639.8120941162397,2.2427432897265374,3.4644927953637334,60.05299775933095,0.11898380856538045,0.0
132,25866.866897723598,2598.67626277327,4399419.098135942,132403.60704876628,0.07273303079073973,4225.629713706632,2.42012219759902,5.475938078042863,91.40633383418347,0.5339137643110989,0.0
133,52136998.708718404,14211522.56180573,2605046347.0783243,159791993.6324764,0.4893259215225558,3380.8980017730505,83.99052033692286,1.4791368691658786,30.83570438570161,0.007021803199734906,0.0
134,117824.76626860633,58617.80570556839,5705468.622357061,320884.39494270534,0.6830467298125598,3541.46601293208,2.6576213334812153,0.16131260288519594,11.855647962309803,0.31059082006345584,0.0
135,107783333.7405487,8566943.658213852,17185651233.722267,583650288.3483174,0.7357820572914957,3626.8782196600014,13.79541967996673,0.043111639676012725,3.1412164335265658,0.08520505704520479,0.0
136,86194955.7334379,10466511.177174093,10211441367.318022,406618134.0204886,0.08809976103332941,4157.416418027202,6.614756014682689,5.470170783495192,90.80374326479257,0.07228388830693243,0.0
137,24034904.543819346,2280408.245464158,2702002840.5252676,115762786.08714227,0.6020276182155953,3719.6479245158753,9.117783526459847,0.09498671156862226,6.603348440712023,0.11859776894712673,0.0
138,446387136.29502404,134601707.98016006,6943528880.884794,1053537510.5708088,0.7042723949748757,2535.8630139305783,26.16012538617138,0.1665591877058196,11.712742491197131,0.15771720650972057,0.0
139,50519085.14628184,3694571.345586621,10277528907.94159,294734274.4486696,0.4517085738549319,3720.1032867021877,203.64418692964253,2.1489698910029125,41.375010055414876,0.15872381774758532,0.0
140,63016680.98882041,7710079.60596239,4293903269.418968,256487043.8098689,0.07808771072707336,3847.473024270787,22.877792836976926,5.447816913873835,89.33711285268876,0.15609025025787282,0.0
141,36435118.69528587,4491558.831837712,9516708975.811705,200929124.06670165,0.21141765584222644,3350.4248291450835,28.70536487407916,3.4929282178325742,62.36363788785707,0.1037225275701554,0.0
142,16562.554362687308,1822.6754717108875,4185778.632045283,94563.48930259355,0.6277750555063297,3453.707820341421,1.098948859315411,0.060599593167799434,4.357436705062457,0.11449565820867268,0.0
143,33772493.67918132,3527196.3374109315,6298813612.209406,180951214.01592118,0.6882748616663522,3307.6562274575626,47.08833765562678,0.13413357872272186,9.191635446825213,0.33141366308747433,0.0
144,16128132.322618455,2347912.953165519,1085027624.4653153,62671379.63984188,0.6016984758653002,3776.2965118961856,2.519791584423171,0.14651070779915515,9.905447431140534,0.13005189582492652,0.0
145,49722721.047420904,15519742.209847003,1026915456.9729702,125314501.24447319,0.6789739628419632,3330.6170723341265,6.540020817202015,0.084953264715885,6.104956493547752,0.43784526382122324,0.0
146,24772439.85106464,3156364.695223294,3048771998.3698792,110170210.13414648,0.48533097301494105,3286.9994133656874,118.0764419694901,2.8363406995346296,52.86320029994054,0.09371325983556093,0.0
147,71336.76044437739,59545.6598172525,2679571.9646152123,136192.74544323998,0.671591575970843,3679.9828487027917,3.8167666471143797,0.1270727645011318,8.789386429006138,0.48954899532876894,0.0
148,295428580.18911684,88439932.98482975,3564340606.8426704,668088940.1055298,0.7015316509159656,2493.3590424151544,7.897640853423357,0.1393707370689099,9.923817546841725,0.051575585900191984,0.0
149,971942010.9602058,543037631.1912558,10271882131.305334,1690227002.8643267,0.7053147525898621,1223.9725055386975,27.034350318155887,0.13640728979747613,9.890862863110673,0.07690491628450451,0.0
150,7672.252419566733,1010.1031936033193,2104771.875366737,42234.980778741345,0.6545396506353672,3490.0477494115803,1.403187050568702,0.16210876304895291,11.0842830780603,0.13006199136640573,0.0
151,7138561.066152023,1325978.7518788518,359386126.265294,24369865.08845705,0.6722050667175523,3809.2250460333444,4.765502340150982,0.17951051040899033,12.455911400975658,0.432413121056723,0.0
152,15677185.725165997,1001229.5413118635,4801689729.593665,103480529.32601053,0.7185295178738496,3481.666833343815,5.351932028867278,0.0910170669573029,6.309805972017827,0.34541843534914646,0.0
153,988496815.3758819,162930851.7183124,72148539235.55629,3836068382.5752616,0.6417428603305009,1884.4723937006054,7.447162634235537,0.14033455270601403,8.674575435116793,0.10604907449868194,0.0
154,157829125.9283815,46005059.351551905,5874015771.013502,459895316.3634882,0.09790242336591565,3842.118314672097,8.63828766865195,5.490008763844639,92.44211013045229,0.14905873301589614,0.0
155,202278217.85789016,20309214.672480352,24350577184.126392,971737584.352453,0.6358930583520198,4040.3467572194004,5.490396564455784,0.1818843721684428,12.73529256142734,0.18828285261874675,0.0
156,2070852.0206403318,306127.0693860398,103926484.94197296,7493037.474787638,0.5882923359561174,3477.501907870681,10.984313034932832,1.5329176610317827,34.686048197907176,0.11991710190299984,0.0
157,9240351.764893595,812014.9546719561,2374060493.812854,55940479.91896584,0.7320239058863404,3427.5963870950663,15.493045573182721,0.13455860313929052,9.671329154682919,0.31123887440785136,0.0
158,3365.5200407997227,276.60586989838447,1354891.3067116356,22435.1506844837,0.575282073996674,4150.131225347657,1.2139252548830592,0.8769189373601953,24.004875797953297,0.21368249154943061,0.0
159,4956.059087782135,574.4462244193797,1507063.519958236,29498.891561475746,0.5455222036818481,3643.0317714344037,0.44337678456913343,0.03270257245973651,2.147574245048027,0.3786287798618022,0.0
160,11443.665950722423,3462.7833641222437,1040807.4767361607,34802.327293117276,0.5726475022969775,4071.209647644353,0.9381011792657121,0.7600494200712905,16.761574685012683,0.09248795016108924,0.0
161,3537547.3552118936,475062.53193872795,207021845.8193166,13550838.291332847,0.7035415795780195,3976.040927824277,9.324973040825853,0.1739506406294388,11.836271339078676,0.14651054271789885,0.0
162,11014141.379443154,4373748.3932911055,592605709.8451695,34219475.64100979,0.69377183390868,3541.154368427692,6.818076854585431,0.11148111917504196,7.970287879736212,0.18005758486577766,0.0
163,11314452.554409591,931598.3606367899,2172440107.7155004,63925675.91765481,0.7152773515281654,3271.5367693862363,98.25788644906748,0.1944893977154038,13.716675031264344,0.22445723882775415,0.0
164,14399223.36768857,1279378.40050275,1982744190.7262619,73625007.8090151,0.6133299381424635,3223.801275672297,9.834285917634231,0.02479450122444753,1.9122007359908053,0.341567290144184,0.0
165,3271.590706436694,535.5767110745137,1280179.2137947648,20228.47641892862,0.6135934697739044,3889.9204460681462,0.809108534495321,0.7397756220128218,15.225592729537931,0.16316153270140202,0.0
166,44588.666650382416,19910.109871830624,4820257.188109184,160953.12023891462,0.654405454099958,3903.226884122553,2.25013042865286,0.81915675564092,20.545571220500257,0.3777926345972181,0.0
167,5020792.432658544,932806.9118245009,250925939.40465713,17523527.23278312,0.641549110671761,3464.667455721611,5.4782382376272425,0.08850589791410117,6.413725444300842,0.3048517607228938,0.0
168,12772422.693493381,2295283.2677148175,585764035.8178527,42455641.004771635,0.7314403995656765,3180.0974441738304,15.487488855221551,0.16138064443776665,11.520810668773409,0.2957348506038669,0.0
169,3371.784193295696,355.8056792597023,1383491.9920216904,22202.677196974368,0.6637065860909964,3714.3331847661098,0.815394797570462,0.7945071371254351,19.410957862772946,0.16316343602043432,0.0
170,18003950.957367577,1169540.972335895,5058809779.545395,115959269.5663177,0.22220601311264926,2973.3197876026907,5.7770551775483705,2.198294750564322,44.50329123690086,0.3145894813101519,0.0
171,11564940.076195067,868707.7330659281,2140826384.905426,65635118.9551927,0.6730910576232801,3947.6391742931405,9.452787653670987,0.1213176995737526,8.626324987477254,0.2308268981233906,0.0
172,1927199.8059875537,1403181.1794491722,22796362.18270662,3240037.2398630753,0.7572212629963533,3606.0209570268867,2.801622836468499,0.0663145123389401,4.617038327449391,0.13135917033917138,0.0
173,33212219.531689443,4481707.748779253,6249070912.656676,164179716.6895148,0.7943098485885021,3668.4278804166174,44.36298076846737,0.117276487540349,8.413061997798206,0.40328060622534656,0.0
174,37490651.67109878,7364367.349466604,1791317356.193029,127926256.84304507,0.6634822520208951,3565.3289431860617,5.569657073344947,0.11376007263705201,7.657740745178275,0.1658321785501018,0.0
175,3013810.668707046,747553.5511484215,81030431.33045392,8598360.217337126,0.28455415181021204,4073.559946965939,3.2539033581797328,4.086973932989913,67.00712319169268,0.1889167567154178,0.0
176,1281839.4885363542,137312.56799854137,163211477.9024735,6135918.234561641,0.6813715837483644,4290.809951972067,2.1402650287458886,0.10943257709690064,7.140626944031557,0.19742371355626714,0.0
177,8226.33435823321,2144.9345813486043,2186984.4231297867,41965.31577643183,0.6731898533900726,3518.327072811724,1.2885303611680408,0.05952974905136514,4.000877623889524,0.38149923387790924,0.0
178,21026341.19655379,2866968.5116140684,2207809245.7066846,92886253.96421543,0.7080112227273556,3955.2298636594687,11.624201792878445,0.1491834341456701,10.85348011496232,0.17454682559825208,0.0
179,15972474.739725435,2104989.7945231698,2185076765.805255,77380274.28208636,0.7143751854949569,2711.8638336879353,77.7070920064883,0.12446938582245962,8.82816216760455,0.1462027145254182,0.0
180,25842774.2255421,3747058.223077534,1487641065.0984957,97291300.90923387,0.42758778474139303,2901.145006392263,51.402304458939795,2.1529310866620976,41.38986591839365,0.15209454466875935,0.0
181,1623.6017462466702,294.8025512048871,860187.9695901308,11649.000989506838,0.6700072749226562,3965.6632228605777,0.8067283328422691,0.15865166739087125,11.643458788305262,0.4363653123747474,0.0
182,2741488.642281912,563173.1180618656,162883636.60000277,9646008.432793047,0.6820408876946132,3823.9753481854864,5.669552855283458,0.07641998702578948,5.226805424676113,0.1531601003841544,0.0
183,17954592.953320824,3703877.602339162,559802158.3149956,54673753.06206636,0.7105759365763097,3581.399859281048,6.4222908635091915,0.07105245655424026,5.0196535446874675,0.27243469206652904,0.0
184,6947704.725664216,753573.54065308,888907839.4257095,33914338.64534681,0.7677159810105383,2745.4011216231497,70.57179983393155,0.17875651008987542,13.017874560105668,0.3015706100188052,0.0
185,5974789.004553819,449843.73593627056,1162289524.0252452,34274413.54868238,0.5503981234348313,3193.973098285565,25.616729832327337,1.5376317430760218,35.225559209228074,0.21736425370325116,0.0
186,13789.001601963368,1248.2056231942963,3551824.1852979786,80046.79946374126,0.674596865571364,4263.820117350595,1.3030187182734083,0.0989249795832734,6.861524490976814,0.0899667715010197,0.0
187,14086876.268144315,1947484.0447516143,2807699948.780494,72775362.11971483,0.7428803122430623,3492.410088194467,277.99159466171807,0.15497452742303386,10.920096866502128,0.3229387514483966,0.0
188,70313269.4807037,10668693.939911772,6628507407.060726,297993964.42100537,0.6212985112548914,3767.6395111664433,3.54121350461478,0.06850843019282485,4.9180533977836784,0.10726340759194135,0.0
189,2726501.2399478476,378252.69808067486,188434827.02864504,10940679.298930084,0.11045198587659324,3614.2990478802053,4.600036787989963,5.488882955199369,92.45754572584926,0.08823583328398964,0.0
190,1756.714595361828,427.4790858228483,767663.4943036577,11184.310872264829,0.42594133575688276,4183.871051455301,0.9403936669083984,2.2293253795716885,47.12641715191193,0.32558408467978345,0.0
191,480404.8445518962,61876.58799367062,41360170.087199956,2016309.0840731047,0.6882035728935821,4248.142192317395,2.0956439908610935,0.0995722585635436,6.585349326612748,0.30721768459213145,0.0
192,5607.48736877608,799.6177487449044,1542008.8470324345,30762.588805432104,0.6300021467580119,3573.0875248380244,0.5738471711215571,0.0253660662883056,1.7074817793569437,0.08894712501124385,0.0
193,50129366.29076792,16062361.571149055,1337168958.3375025,133713165.29597044,0.6356364573482809,3886.1660515753056,5.2775481015933705,0.7285328144253367,14.58000864749982,0.08180865223229372,0.0
194,6250546.179702914,1162682.7909004583,228688190.0872601,20094321.231167376,0.7594904779624996,3302.3858138948226,15.459395156010157,0.13140717104333968,9.723992828583814,0.08076802035898009,0.0
195,78884113.7651932,29019233.22804778,2349404831.748188,209452386.03530437,0.591265065396519,3705.1446269115986,3.263019565152179,0.15324663175413794,10.564352999976974,0.2702494642707808,0.0
196,54310583.980258346,10464385.881306496,2820799634.4832335,184124644.10108668,0.7228622592925966,3517.7743807241213,17.05429437862199,0.13836094797219917,9.425781780085916,0.15366772978250717,0.0
197,4271650.229672943,775813.9477205033,185294770.64328486,14162424.900437068,0.6800440508579879,3778.2582296643345,8.902180145399283,0.6994067460478703,12.566206282193905,0.2607485453784626,0.0
198,33979681.13167079,4318446.614408143,6464089615.309446,175956131.35910255,0.550486254896468,3212.859758120807,134.35371553952473,1.535447872055889,34.99199666214338,0.2263800689243912,0.0
199,2535415.399040291,661631.9906098335,207231242.9286244,9384107.035857126,0.6693533835454681,3554.932332864948,3.4177857836995797,0.15984815959014514,11.032959732114154,0.5036715602924533,0.0
200,217008668.71510926,106845507.08724709,4814396399.044793,473378520.4765442,0.6996908671553682,2942.3237690600617,7.036392058589049,0.06444568511179068,4.792280815807102,0.04787218494266198,0.0
201,268662.765483241,39754.77339582127,29153062.444923304,1156168.9562805244,0.6798440754816999,4058.550428130481,1.7647506979977876,0.08145200177761662,5.773431290072925,0.4125133991061561,0.0
202,1974215.8751713918,310270.63124490605,134903713.58036405,7508266.819182436,0.6813294119644189,4342.578153731129,3.2324040940580585,0.11776772508668118,7.999417080391881,0.06580102962539745,0.0
203,2526.6797475168073,310.99828215118004,1051276.293342441,16264.807396238772,0.7092035673694608,4006.8160907859938,0.8591304851143466,0.09689699022647655,7.101433357550539,0.24351703746818365,0.0
204,9305856.483817328,540638.3216893903,3574615000.3143487,66345525.55198495,0.6917262359123227,3625.1191576955016,5.122601802234033,0.17603764068298683,11.93233364903114,0.4032391007816302,0.0
205,34211458.097501166,9127973.30663355,800936712.8680079,87945060.4387519,0.7576734598768426,3179.9486332629826,83.32869732476999,0.11047633934187803,7.9609672520278085,0.11071804517891855,0.0
206,5411037.505955553,720088.0583335485,424313580.46072817,22469681.024556853,0.6135592149408484,4351.6670681017895,2.861849646933432,0.10471536784375868,6.975547490127999,0.21923558233756912,0.0
207,4052038.1858918266,535956.6363386924,293445562.68036103,16421517.403246498,0.6949909197739033,2978.56391684102,21.027919523633813,0.09300797136470651,6.348787944894504,0.15202370796076817,0.0
208,6306.274810404508,2068.833507021021,1203484.192115153,25345.378509226743,0.6844143436183887,3551.056433410534,1.0444711667135014,0.14731137427208613,10.143655910737047,0.25514787558309077,0.0
209,17680981.70918365,2570147.573232011,1408325036.229862,71335562.22462939,0.6205735997760862,3576.5407349204434,5.361348397486851,0.09744441717722499,6.944153521849037,0.1618197843324494,0.0
210,5558.299670170595,1058.3327444417719,1499029.485353214,29342.92228060796,0.6404651190889513,3826.5593783243785,1.0035543382360714,0.6698321871624879,10.969849319426128,0.15497318972226734,0.0
211,2659376.5118198954,302180.55250372185,279164631.1625545,12045694.54973053,0.5675793746191106,3958.686020335231,1.3053320656085408,0.11762876257233375,8.114343667018387,0.15353318846685865,0.0
212,42131362.67301862,4610161.868845895,5028547260.306413,199944146.30352664,0.7382829176364132,4222.624015149791,8.134057490101535,0.14919204125471683,10.831462568074546,0.18663739905031507,0.0
213,8609661.02383561,2456868.3833779423,152539368.2151783,21652254.77358276,0.6860944008498777,3419.0366490667766,3.696008359496032,0.09462560944288771,6.566384685825035,0.0721771514058839,0.0
214,4751.994231728826,1033.758247684689,1391976.8936821627,25552.766803481096,0.613273768490914,3342.1343509239164,0.6949333397728464,0.03197287354329763,2.1888148953081354,0.31402803350462505,0.0
215,6468103.762429697,647942.3079952184,763241827.9643683,31300243.34545824,0.6572980128377075,3653.262436563799,14.000404835918234,0.030451052528479218,2.2162446777711637,0.07030960103103649,0.0
216,17863.77601851886,2283.1340549000165,5262578.917428998,108176.58403003095,0.39169481133014844,3874.907285629781,1.731797065503584,2.1646550060099217,42.33187239044601,0.45798124151294034,0.0
217,1072069.6706069745,151415.7640215163,196884087.39974564,5811857.621831315,0.49046697700454017,3772.564409139587,24.280730857679888,1.6049756646340108,39.46363988030397,0.21350036962338156,0.0
218,6101177.29706359,1051689.6718120337,278546515.30736977,20805330.921606645,0.6555767932473914,3519.359087624783,5.493369591546597,0.0792128107677863,5.755595666189015,0.16163770119638657,0.0
219,57280543.10781447,4952278.72879402,7787838357.621076,293990502.4787577,0.6975598325358543,3926.1368483823994,18.792897066320673,0.10166733531684224,7.469003344540861,0.16868220563381317,0.0
220,1264324.3895883379,88281.40920463017,301673717.64854103,7714978.133735393,0.5098339999560503,2941.899606146045,14.874553754718809,1.5660582481585799,36.625632439385456,0.0949738898221872,0.0
221,11024544.102048177,3591489.043317466,263788458.80570427,28085479.500320308,0.6995037081880915,3498.4526587933956,5.824750167619012,0.15366693486759617,10.97873908326417,0.29141484103907256,0.0
222,23209345.016080536,2299614.7832702263,3485510781.4981575,117818115.92167029,0.5962555348794487,3191.3694566655804,467.4959249916994,0.09530587217930524,6.990648377811458,0.22965751916228797,0.0
223,7616934.302148173,669185.5605691989,1210608870.317268,40594988.128273055,0.5424525392600801,3550.4173579192093,25.059106643067476,2.151619109509604,41.55811972397513,0.16865332105583655,0.0
224,5143976.693224287,470499.0712992692,860632171.984059,27554014.359292395,0.6447181780457863,3687.1192360446084,10.090591270538235,0.7740937966279905,18.052869202656787,0.177191208969187,0.0
225,9497720.617229696,633679.0476169263,3508992536.0851455,66731355.599044845,0.7214121084654672,3349.0003895101468,23.23830785720797,0.15894606779801643,11.761975235342577,0.26108003567882165,0.0
226,74885828.42929469,8588530.993526544,6266103206.119123,324642439.75076336,0.7247615297421761,3648.5664411054086,27.217518733060903,0.14871286069477732,10.986069303234096,0.12637919195581196,0.0
227,35784413.66299074,6811694.2504019765,1677371461.482878,121098352.71556294,0.7268251016735969,3730.4943507524567,14.503800735508593,0.09787311310705302,7.255996159392106,0.11236057333618514,0.0
228,416.31705213941314,23.908816197910284,300171.6600779249,3511.674200219614,0.09367489665849724,3989.7453367765534,0.5081530397215906,4.025679140954189,62.34176795823561,0.23226808054215328,0.0
229,105293836.94490096,15443304.283738023,8229759657.699335,430919103.3342614,0.665440425951283,3910.2988804453853,12.480505085992323,0.7748627862107859,17.683933857548222,0.11553034113598325,0.0
230,40393084.19308641,5508311.914093616,2198467430.522248,152619806.92337272,0.7792936273473015,3342.863730458227,21.154008768097846,0.09627186433079978,7.102375183766836,0.08259854576190528,0.0
231,5130823.152056174,698103.7159012002,401809067.5314345,21006014.252689622,0.7341366710062552,3197.5818692850034,12.283353257256797,0.0996904339523951,7.227115789675428,0.27202566456300104,0.0
232,3217230.140731128,562306.7677293073,278125980.8404586,12581677.408046508,0.6690720720186512,3710.8190705420525,2.5188632386361096,0.1016449014946554,6.645447362811939,0.23112726957788765,0.0
233,102577244.51719669,11643764.50794279,12031257626.632236,477742998.5618168,0.6992676954722701,3337.074320829711,959.4187698562574,0.12296798898680725,8.937222500871178,0.395107037152492,0.0
234,27910.154197049433,11618.08218129313,1922522.03489484,74482.75357359242,0.6860657295744739,3551.4824314096495,1.0389488523374777,0.04306886908012038,3.0845762797044953,0.40725649491497445,0.0
235,29817952.190589003,4957363.305478883,1837995082.8422325,111003353.86073455,0.4377421303909008,3358.4864403864276,108.61707831878508,2.219555552576632,46.1389111236046,0.07939316570671529,0.0
236,3948811.438268761,667906.9428388202,193067862.6832797,13858937.310437972,0.7191533096983637,3654.4515816760318,5.057883147761367,0.14790969060219208,10.70658179473789,0.08297586432762859,0.0
237,14070456.784692168,1159558.0381310296,2328784642.145043,76272733.26252371,0.6772413319634585,4196.165313128826,4.008259729619713,0.07777639224840964,5.578562224092043,0.2085037736498987,0.0
238,10172428.611213073,872139.0976057763,1422955118.1205306,52575647.1206149,0.7695480337326357,3761.7996579898763,9.699033025763038,0.08664486621342213,6.172288920175525,0.15162656718801243,0.0
239,566224.6379204409,177924.6470471504,16864644.39022058,1555588.8484759484,0.703858433654337,3765.116494843929,3.1591762698876233,0.14414318787975872,10.446382862987203,0.07905181072354019,0.0
240,4656791.221471643,760449.8234689401,343302148.4287446,17798803.009005345,0.6087068787017398,3708.713385487375,1.8173115394931485,0.10704072201802557,7.427671138153828,0.1483150895879762,0.0
241,17424334.599985067,2310832.6518469886,1747459776.5606847,76241517.03071794,0.6460559874231355,3951.035952274448,3.901162131700418,0.1455677395699783,10.501448184605483,0.10110725652136897,0.0
242,65389467.22270258,9543257.171309482,5701263611.863421,267070611.66705313,0.4857632601013779,3375.1973964021777,104.58089667768186,1.4509666895240032,28.97136195255614,0.29161962454847234,0.0
243,11132264.738207016,2292821.315959665,1019800316.2845455,44098293.0828672,0.6775638746682388,3747.4935036693423,8.092855449648223,0.20426267088543543,13.714960128181612,0.36396948722317507,0.0
244,132425289.01902962,13116509.050406177,25016756304.18199,729056931.6000961,0.6362557780946734,3752.708479650253,3.8594289637039654,0.1515754968274746,11.000012033835162,0.22227910249051602,0.0
245,1204437.761693455,250991.53722023516,332542577.0927988,6804413.591651994,0.7193149919743812,3735.453146865075,6.283730057558732,0.22146083084812423,15.959032479005804,0.36642747258825137,0.0
246,25831644.640023828,4360756.484658757,1416244750.5690777,94064944.31063625,0.3023831977078034,4025.248324838156,5.641907469292394,4.091084404067339,67.28791437682078,0.18634917669654832,0.0
247,6077.142544489752,2028.9788053900527,1289070.7761736936,27207.608446840128,0.6728229799184471,3604.6680860562274,0.833951130781322,0.09134532811429966,6.179091442464052,0.2704685976942489,0.0
248,8162.946728394745,1500.4347669183867,2320156.5953482487,44888.81824219297,0.7617312963460632,4053.2581223475736,1.3323700458844208,0.10960586771814915,7.738601852697454,0.35356668283331233,0.0
249,254209639.47346658,117458839.39748247,16190818464.911423,733993296.4278818,0.6797751794569964,2064.2088351513025,16.17685824394616,0.10803348802374471,7.096080677896927,0.10208062858761059,0.0
250,9035442753.04619,2220648764.5081797,202942898948.90167,24259515665.854584,0.6913011147415917,953.4100168338132,20.343975046899043,0.10841670020532038,7.450646588811497,0.08252182729772471,0.0
251,22419344.108755123,4163113.9054013253,662599906.0638357,68915592.50109741,0.7130274527315399,3508.1684803078883,13.310584023564513,0.0891119679514925,6.285177163166983,0.11536192230454977,0.0
252,31793203.169160474,2334855.267400761,6533987155.292306,186124177.9017474,0.7014378546591601,3900.266699012904,38.800133864082845,0.12574772486502422,8.24827748346868,0.21470897631935748,0.0
253,7062.867842780897,2522.0214160844903,1435127.1087874037,30379.434382583266,0.6102200815005749,3659.6456303359946,1.2803097720929542,0.14931526227900732,9.835973223004526,0.4677959025289287,0.0
254,14062175.685747579,2294849.853980452,1492669600.456615,61396935.2527733,0.6222879224876989,3820.6714887690514,1.7997110229884627,0.08510656549558701,6.137427155471855,0.2148885919420019,0.0
255,2404.0704647043117,317.86854091817634,1076616.052650244,16050.70113249504,0.6511625353870465,3756.3467535722393,0.5474186589200869,0.08700343620077025,6.1361060780139285,0.18596969639535868,0.0
256,23582576.756814428,1926082.6520731312,4091418857.136695,129838499.15800841,0.6936237753383957,3542.0195963002375,42.30795260533302,0.788549638195995,18.79816295558531,0.1895274527677622,0.0
257,20269778.474170797,10371439.820259187,633548432.1703374,47915275.289539136,0.7030211942770744,3851.0456097174524,11.767324773154666,0.24867845131195931,17.36454267481394,0.1890899058318574,0.0
258,5239821.790485072,1401422.7062550574,215338785.56237826,15471061.58433644,0.6824595961933042,3695.6661751499128,6.797027289467589,0.14511822391974444,10.479066313939837,0.4236003804497192,0.0
259,453223.60218469764,38485.72756513384,90171255.51358232,2558406.8332775044,0.6636572117348667,4054.841927677204,2.701447718369769,0.14318289822359098,9.500227427945246,0.2675344791047969,0.0
260,18740.31319392553,3456.081143681599,3209741.454293759,83843.5515557685,0.6568762613545902,3847.091175995951,2.6735079774080597,0.06983988468513322,5.075921997129666,0.37186819321944475,0.0
261,10204902.663244989,720812.4257554682,3370747047.4683657,69044183.3350252,0.7165588495482595,3334.502979855876,29.67724413566247,0.16880855402810901,11.800347081688667,0.3946259569532921,0.0
262,4444257.116347038,628836.0017907793,252462336.96264005,16788503.23724758,0.7464860316013702,2991.5889984373603,34.25633003803433,0.8128380729536726,20.510670046798538,0.45432426666692444,0.0
263,15605949.971889213,1581293.599346293,3155636365.893306,87737190.11032417,0.7686514666333618,3059.8055599990903,88.5956953165719,0.0882195900815348,6.116462270134416,0.23934628751158954,0.0
264,7532.675996277443,2811.54665098815,1398704.0070468262,31122.08906208768,0.6466882137113438,3680.09996904106,1.109374076362471,0.03550187689931592,2.6822681598905405,0.36718029841392236,0.0
265,11179892.176254164,1215824.47975851,1111991051.7826018,50674565.77173016,0.6066467879182078,3113.3379941407748,174.81766884484333,0.7997288686180473,19.97553943156395,0.09960974806884303,0.0
266,1515197283.5013332,297560947.1775378,77231633165.73244,5063446847.396364,0.71424341924916,2626.8725294507026,260.68138062739075,0.17903211768380958,12.843209697234778,0.040058798206765785,0.0
267,47633975.14487227,9540912.537211042,1696760482.03789,151565381.99348468,0.7083245902697668,4022.689955988657,5.453442781081721,0.1216092440119902,8.639710198581096,0.13930608946475193,0.0
268,24611486.35795232,2833270.227730184,3519290686.883455,119666718.93923819,0.7053742956492076,2980.159666677968,167.68921653874503,0.17242693371215276,11.831919836309773,0.15992797219864452,0.0
269,12395421.017914383,2776280.1838890277,441031301.5570911,37785274.667502,0.7653125889313507,3787.9986516507433,7.218689120987586,0.13012252354272516,9.469961540170663,0.061891204403279304,0.0
270,1920860.2301881004,587178.8314674855,94836205.12886406,6153133.117774798,0.7082538122194861,3282.1478755903972,32.50480838812948,0.1571280186541916,11.676597045463222,0.14801587665598792,0.0
271,17732617.1703793,1755154.79080021,2718856796.005849,91299220.28485158,0.713038731886566,4034.258103081081,10.511512134245589,0.08625229205499699,6.287084141544865,0.0915302027274064,0.0
272,9010.158352876328,3580.2114732690266,1863709.188609173,40134.123536820254,0.6687460278271106,3549.2196872057775,1.8264010022467605,0.08727066967220817,6.2187642651202735,0.2831557964914467,0.0
273,4723.440630285247,1014.6043457373726,1565058.5521978703,27094.263436635832,0.6714549102796481,3786.800245556053,1.8243367720302222,0.1402705455169837,10.450843934930903,0.23076493558948327,0.0
274,24757.79109263354,7372.1917140928535,3520628.762302354,101298.0160800872,0.6281952449234619,4067.7336977213754,0.963471982229299,0.07533158557694834,5.232261385362712,0.22358066799986598,0.0
275,10964.56032887632,884.5503263885142,3307926.5711922804,67907.35537737023,0.5534706549262252,3804.3959029793564,1.055319174097191,0.14387937244231913,9.811395183548383,0.07757988785769647,0.0
276,68389569.76785073,12808539.236116147,6692922636.98097,281455278.7299341,0.7023837204506844,4056.8520702462674,32.68567863459889,0.12889843180461452,8.90012432871234,0.20092947516104664,0.0
277,4358.556933559057,1654.6026455601739,1148822.3999933586,21451.8976411051,0.6350229145538184,3395.2140544364047,0.5549530158865417,0.06252746553268818,4.29474578955201,0.20702058830012346,0.0
278,31092334.19503615,10711039.830638396,638310457.7298781,75945746.00779201,0.6733856923567062,3460.319163513996,5.553108867714778,0.0906699988201641,6.374008094192736,0.21920010249904057,0.0
279,331436.6637262029,89578.26236654984,33700808.00367483,1355501.5123870592,0.738978680936939,3758.4172871691326,4.610260715973067,0.07019370997972371,5.0871125565576065,0.17613042722139494,0.0
280,109540.95484575287,32691.59037188882,9428482.34370504,366591.69542847096,0.7594156924688922,4044.1826834582575,2.379022433325787,0.08063493793190091,6.033656459036469,0.4664816932815523,0.0
281,316593796.7251802,126211622.36264074,6819163520.137945,743694766.3092647,0.7431052214158023,2800.968145159396,11.899543964192723,0.11284372282676332,7.838492941542794,0.15054280041180512,0.0
282,11034907.380296212,1637266.828371699,1385220983.1244414,51767353.96238743,0.6949838262024779,3620.221548592891,5.024613673005816,0.189094831716156,13.425636153013551,0.12682491782907215,0.0
283,12845.19164042352,2901.8145260625665,2168403.2950889645,55237.66066730714,0.6502903756062987,3470.148973461659,1.4172342703092258,0.08198040863497846,5.5710061930900325,0.1578086099312398,0.0
284,12623.985161091621,6812.463429607431,1497357.5282507106,40519.40932351259,0.6619841902655208,3523.8410937271,0.7762051103978185,0.04676347048949507,3.4103990330532654,0.24024294260951418,0.0
285,90162208.56832013,13671977.806987664,6573058247.301574,353325095.43152183,0.6402253695791811,3838.078266946211,6.735061579531934,0.18810602717504796,12.333237898864796,0.14203077544588238,0.0
286,6174171.257670654,1638621.3326140237,184650399.90886778,17877477.0171797,0.6703684453065343,3744.3521433817846,4.279942696059529,0.07328727726287002,5.2891984481834085,0.07691902600496692,0.0
287,16805.56839833849,13682.870231455285,1153193.799572621,37124.98207503593,0.2886376822999571,3453.390451094644,2.8991345500901446,4.1175725298539225,69.52013140840397,0.3898433056528766,0.0
288,12972109.905423936,4813610.685858156,161585747.21594116,27004772.563595224,0.6529896321873312,3527.003718126916,6.884757053693188,0.11138413111029406,8.123485049857916,0.08175716638003426,0.0
289,3805208.4535847185,607455.4117027523,193102626.61512083,13709228.499489862,0.791578852686704,3299.20502320087,12.64462678387615,0.9501063524087308,29.9646172247463,0.05786330266948688,0.0
290,7498416.618559316,559378.4500318912,1519459145.7675977,43525504.933603086,0.35935318128306054,3593.5101443623034,6.254693697400361,3.4544131271907355,59.28505823543442,0.21431941077551803,0.0
291,14526841.805738783,2797636.3051419947,1148953429.1238382,55344368.71368557,0.689329006582816,3811.9396133716755,2.6583002020334336,0.12382771572089171,8.141994956290066,0.3425263137902528,0.0
292,368.7418334366776,31.970244162662787,286503.03446144843,3203.2503003178786,0.0,3101.535006473549,0.3141846365607835,5.380500195995951,84.54345625647248,0.2756552464366091,0.0
293,14489681.28118312,1358956.4203189926,2057815384.3761528,74202563.50746942,0.7008164303164934,3737.0372302367405,28.675190897261288,0.08211877965231373,5.931384278945595,0.16785043505298697,0.0
294,9328711.177487247,909964.5675677903,2041034829.8764248,53394009.94908874,0.6891054837756035,3017.152761760759,35.40687091119728,0.1305038774843247,9.416464862458321,0.3198278134002173,0.0
295,18226.159235236286,6127.96684436905,1579641.362380262,60089.04012562752,0.6352403802166127,4142.984054070507,0.86109857064027,0.08996459882024758,6.7672725957408915,0.12280078960969448,0.0
296,2794325.78861395,425270.14956136,317079285.9115869,12055476.605069814,0.6430151692781115,3648.97978191781,6.776175536588237,0.17646364107449825,11.531225922056453,0.3775444535632164,0.0
297,41552552.94770013,7619581.959399713,3148936041.2238865,163023121.6687724,0.5336407098816717,3694.0972773724498,3.8203633302182327,0.7995567953292624,19.672670171163293,0.12143532350930145,0.0
298,4028254.227913542,672457.1081530481,377824707.8228248,17011466.003414497,0.6422949115176885,3623.8975940775113,5.745139571848522,0.09972678006741739,6.920231710952332,0.2124156546447485,0.0
299,5222970.851633633,664887.779842021,435933074.3281315,22174234.725449104,0.7148779187692187,3006.8735039685666,50.196209340766806,0.12316313548673641,9.001310213958146,0.03659852146545693,0.0
300,25826.7296926802,9488.134969694347,4433864.183221035,104462.85204704173,0.6661426585224557,3478.1824222315227,2.413025807109628,0.11022066513234892,7.744518926236187,0.24276424988136755,0.0
301,28249010.503858585,7288245.994936474,1903627339.1657627,96677911.85041651,0.487452108311779,3337.6754218386686,81.48315157749735,1.4655909930453361,30.109433990504687,0.10233559659163355,0.0
302,14048.39744022956,2226.7427033431654,3246573.146155075,72658.54962839752,0.7428264081185844,4041.018555187079,1.844779903181306,0.0774771417960923,5.4361328712616395,0.103676542137556,0.0
303,478133725.0933901,230664087.24646384,10671867480.07808,1046945951.0434072,0.6959165128825708,2152.701057327937,16.731981605853687,0.05078599212992936,3.66057314712196,0.1112178666796322,0.0
304,42858549.85914819,5644025.830617723,2515451890.429188,165881477.67061493,0.7661280541435886,3438.2399392251627,22.177939884523127,0.08320595424233188,5.923858079026461,0.14234201207290564,0.0
305,52771525.28119441,9871287.914784228,3714747750.2096987,190593431.7043793,0.628427192986741,4244.049880320393,3.511775292684552,0.1232298943113034,8.295325135830486,0.14559599395265355,0.0
306,26086.081889817007,4686.159976131598,4482336.15278122,116766.38859403595,0.722493813025612,3776.8863482512197,2.591296381042522,0.0648789846717877,4.584228136029559,0.18139742686767915,0.0
307,5039703.117611994,484854.0113228086,561343863.6567166,24045650.507305346,0.4177389388735131,3573.013028393195,13.24137760302852,2.21144015946797,45.74340327905268,0.14311351694884633,0.0
308,4441487.037903098,420107.69659222773,855697305.5319097,24521990.499668278,0.7412594279865242,3503.7698208907427,10.797450518846443,0.11977335616308968,8.024706579358849,0.25429760442349886,0.0
309,110009.72404740076,47322.48297304466,6037770.756498422,281458.0682194395,0.665034431683752,3765.9968275196106,4.065684391646337,0.8699172849174742,23.82813531079494,0.22258165904793797,0.0
310,6573196.441798705,726571.5694443844,745477925.7665225,30793662.069399774,0.6401097399320527,3778.5282303628637,5.372960159393821,0.13330138403908717,9.939632864611676,0.4005079440688527,0.0
311,3825536.864108841,377723.64414765686,858013902.3532588,21661676.770692743,0.6018329686131765,4126.054039133782,7.25995420322835,0.13432350208505978,9.418847981346923,0.357105759157207,0.0
312,3773643.963755694,648174.9981955785,327643867.2671043,15867954.683082566,0.42704003389279344,3266.730125594432,27.447071651753006,2.137453330369285,40.22710847283134,0.22171813262721274,0.0
313,1840.025722896486,303.42164221610545,633624.6363512928,11003.760772956239,0.39447194750310366,3926.131801510657,0.5734091063208208,1.4633428084027684,29.80984536822392,0.2532448258888533,0.0
314,21571105.894134358,3015526.2096927133,3907239628.189521,108463108.31274447,0.6752074305561816,2972.733225049581,102.69010512168914,0.17073128854911374,12.356650887814284,0.26096268964686453,0.0
315,201602.40655387106,24571.24302522246,29287263.811982036,962460.6150158837,0.6363384984019175,3792.415662332489,7.130018651814521,0.058279907870691705,4.313607177056253,0.29021976048404713,0.0
316,8366.429362492778,2169.9283036013708,1622757.23376235,37558.12533041295,0.6582106634482721,3821.382239697257,0.8673277672590568,0.11040946839323622,7.648954083472107,0.16903081529391328,0.0
317,4440.06587323429,687.7829030157061,1387326.7124823728,25510.98044571427,0.6916368016870287,3561.32045508358,0.9870488717796397,0.1297119625730833,9.474166316478428,0.1619293726913385,0.0
318,228646.972436465,71047.42411446318,10744618.170254473,654570.5996925456,0.7129657310030156,3714.738281579333,3.56860504292888,0.13815147707934292,9.433601164385509,0.4150846944136168,0.0
319,1293291.1878456417,81901.45192055477,539949238.1212887,9346402.62034632,0.4023494553280768,4082.2917233658723,4.946335320560605,1.564012137936026,36.57740484476564,0.4364510184910663,0.0
320,229980.59181559528,32527.970541021186,16723126.19278577,885674.7683548378,0.7170685159602395,4258.304869607138,4.600204686940333,0.1898695480539451,14.008120341112328,0.2970415403101895,0.0
321,13448308.002256101,2152430.215248135,1526170078.6991947,58072017.62304578,0.7042813967775724,3704.109717379062,11.263241861633926,0.12467145190398173,9.125326608184988,0.28469061816803803,0.0
322,14771.741255374538,5825.830952835478,2043903.4026486606,51663.04964622979,0.649570705745971,3332.991851926692,2.0769281555156054,0.0469054739110276,3.29345866131344,0.255294093945003,0.0
323,7867.388286553553,1665.5734793902052,1802145.5291019294,37502.060692625804,0.7013118230509049,3305.7535646943243,2.376230416287635,0.20295336043071144,15.028679406838597,0.4887467550420118,0.0
324,10819180.481272865,2566319.1366871903,528471606.51300764,35090219.74045111,0.3381134792997089,3869.2477502750835,3.2533191722169974,2.144016916743584,40.38744687516188,0.2960980939313825,0.0
325,639226.450378345,57445.20678007061,83864504.82617095,3197725.5721600493,0.5187632772076614,4004.8419105545904,4.522178490293026,1.5458498413145616,35.84082251257778,0.27008638074342645,0.0
326,28366909.88735807,4218031.135622426,2651414779.143939,119155712.58162913,0.6724893304223765,3593.821963073243,17.508736611456097,0.14397313476203405,10.322406774212435,0.2872655139515889,0.0
327,6936561.319400897,660412.38669673,912115944.2902848,34663388.179710165,0.5606857064960196,3120.740814030396,21.19786538238076,1.4642317141941705,29.874186323252996,0.22315872264121162,0.0
328,3819.8540131925597,380.05328498726055,1402511.5134785294,24481.926226569667,0.6256951248716778,3708.6961442317756,0.7572779344772915,0.20153005161478238,13.00326611694562,0.1952380983051142,0.0
329,17399470.84778407,1662724.9938692772,3137882184.6001143,93571251.63382325,0.7432639937655454,2702.9964769886574,207.87351886810544,0.13137543020491949,9.955500794545081,0.10756692459878234,0.0
330,8187674.338608692,1093612.488969155,860163334.9524899,35774564.975087464,0.6527284015814316,3704.3080340538168,5.945730822859355,0.06471709596254013,4.685754650497023,0.33272993976967474,0.0
331,92904866.07780118,7753528.091240379,14159954914.81957,493265128.8238956,0.7202525248844094,4042.757270518874,63.78254046200641,0.15479525004575914,10.708692594131454,0.14626894277550145,0.0
332,4364552.792537996,979007.0706590663,94548235.21067649,11880475.207424724,0.6939307464214843,3644.9762251979573,4.302661386062407,0.21610881290236766,15.284488822691742,0.14212725374612828,0.0
333,4942347.265913179,1190362.628976186,114446750.99095535,13413070.72699578,0.6975077000422251,3684.063970867687,5.398729977197996,0.14417311331936009,10.381326073504948,0.11390453093874933,0.0
334,3188.801614000398,487.9899012115942,1030984.8987484429,18321.00534065634,0.48514703074841564,3709.2825591001983,1.5667217929345354,1.5099282818530395,33.10481075495951,0.3874017757677745,0.0
335,10987807.877864573,707564.4891783416,3281918404.5481772,72635748.32981142,0.7120788244482188,3259.1404948466406,21.486023523425757,0.10967455705282311,7.963181979199648,0.2996118308264465,0.0
336,12531224.572486553,1380337.4024382536,2741442995.3557744,68808138.3284763,0.730593946538159,3256.8089274911804,22.993867928961873,0.08015534714781261,5.67061092765437,0.3367984422935302,0.0
337,1375578911.0056257,757502993.273483,16402991487.432446,2406625601.281017,0.7027513399228729,1296.4450432941812,152.6593457819772,0.8188782230858991,20.57264988142261,0.06439382574363328,0.0
338,163359.95186008856,157508.12233358505,2195730.9745429945,208073.23809414025,0.6373932307607404,3882.3079487192117,1.223761535173213,0.7259319672827369,14.153554672549978,0.06952899407492018,0.0
339,26383714.808142558,6603568.175414957,1606101370.1601198,91068662.25842711,0.6850158402596965,3650.418035586671,4.64368219207274,0.11989925782124385,8.72951190461635,0.2103495094899285,0.0
340,3410.2631358734434,896.4419599776704,1219577.849422197,19681.890066007447,0.7255906143588178,3942.5845076106893,0.5342215860244134,0.10752700711832971,7.649235197360483,0.43676025117062484,0.0
341,3983.1027063076735,720.517041329302,1332295.5010233964,23395.265177313064,0.6548285799822022,3569.067153098912,1.2621918333307043,0.15497380705435154,10.54798114090811,0.17758285014439823,0.0
342,8541.030321443624,952.6217226766734,1785135.0696947419,44798.304773888216,0.4868184251086866,3709.581478751071,1.5408733233205631,1.4915984578973993,31.56658881263001,0.3042554351093395,0.0
343,40380624.70194744,4067263.2365926793,4375088327.633555,190425316.85117322,0.7581526439413918,3210.7069093491873,40.07825607138864,0.18698171658919546,13.568238933122183,0.2767541476521909,0.0
344,13428.892480631286,2410.1445785870233,3644589.1944715516,74914.3739802668,0.651479211832259,3740.0487552809627,3.444679644705459,0.08023886775727869,5.999702483333662,0.3538223487334013,0.0
345,6429215.976869265,897118.3070622804,670684468.225932,28143581.66833538,0.6756219642102732,4154.982599134614,3.7766436734825786,0.15549069430053022,10.544775656701592,0.20880625062353275,0.0
346,7979.321503992784,1505.353436271523,2457023.4180195397,45082.429235093645,0.6985391353407872,3612.6201910825434,1.7117026932831594,0.789322727897103,19.212932177506218,0.35214085906715253,0.0
347,20030.28591495791,4287.342399043687,3223878.4125062833,87243.82156771298,0.6714989110706531,3440.5965646168015,2.2892748428201046,0.035536366071988554,2.6105710334746304,0.2578760058440333,0.0
348,57175050.509617046,25265723.266116664,2167512049.2251377,145048086.64025086,0.6879776612750679,3893.821606044543,4.8863849061434355,0.12906007280649803,8.915084059588708,0.04063920772840549,0.0
349,26379521.523542333,3291884.673736515,3751504061.1544976,125199651.191505,0.6630661014837564,4246.075049438335,11.676227922934471,0.12567690590904473,8.654870048697765,0.20010177052798617,0.0
350,433937.0670624833,47787.42253092794,70433283.57792549,2161298.87564595,0.69856414480543,3434.0805287819912,0.7908760827374398,0.026958319689963605,1.78769437647953,0.23689206459051687,0.0
351,14919661.066999841,2213548.5288663036,1840085357.0825477,67628469.89102283,0.6083823890244419,4058.316371495735,1.2997007713335227,0.07992829138237942,5.6553649010145035,0.044833970266517635,0.0
352,12293757.769770714,6898228.341475109,74843194.34943594,19648057.82266629,0.6568560329368384,3458.647764291525,5.297159758342697,0.10619783305362089,7.576843691176466,0.06904775576276902,0.0
353,16153.98429249755,10571.676770093192,1716775.0399358303,45438.01418268265,0.7979431953327631,3413.356041815936,2.0709651259975677,0.14821601072999604,10.744780504965753,0.17990363435808773,0.0
354,11719285.712511579,6472257.905092092,230240211.45744425,22105259.340483062,0.6751989957944916,3739.5469192973082,4.416189129366072,0.1611748918093853,11.439785562894736,0.17249013911923833,0.0
355,48515064.88164531,6071660.192940628,3133488443.454385,194090608.6951449,0.7637046310085184,3625.826872133174,26.456510822674083,0.05507993268962341,3.7848693371087236,0.11422374967864027,0.0
356,43394.25325261622,7192.639856971729,5309707.139127056,197006.66196914646,0.09495592545055169,4054.8063380209796,1.8346766424100036,5.471546067888669,90.95973066835384,0.2518245267731717,0.0
357,64121848.9431327,10818513.41123996,2596695871.088401,214228573.23461747,0.7622926355730326,3301.151355219483,74.75615760067924,0.13236144060589866,9.732892654310358,0.2271719023101111,0.0
358,5936005.371491018,1282859.7532133355,311488431.9681128,19005503.466470122,0.6515310098996049,3741.0932345151896,4.966410860298349,0.7799223842261267,18.139747875563565,0.2895375688308663,0.0
359,3333264.7426998904,651561.7801204729,147040067.24732324,11059814.211510597,0.674367825541611,3741.650267934975,4.126649889612064,0.16158289779233587,11.341434803230678,0.1239411310706843,0.0
360,49595173.98452047,10410610.062881837,2641307963.237437,172231931.621299,0.6640506892317702,3622.8705239419614,6.601710763939755,0.11808062658929197,8.550997681988472,0.15597172645296256,0.0
361,4123517.813893686,447994.85952835344,459040020.6680832,19339618.30533936,0.8058041786266831,3306.1511472874654,18.329169493145805,0.08023249260585281,5.885921266979091,0.23843118235125796,0.0
362,1476220.458903278,135039.2049540694,269516860.13733155,8032208.781547638,0.44107319088238295,3660.1074600318116,11.432268814365772,1.5384415427285787,35.3351743481699,0.2275001380640832,0.0
363,90584.66150669855,21966.38272252908,12697230.077276507,394809.40825137915,0.7806742357812897,3604.3108726263185,2.683517616095665,0.12400323690831971,9.103873271907787,0.25991765036676884,0.0
364,3348.1993255546863,440.0070324206492,1296812.0443914826,21324.82077406332,0.6587859936002648,3660.6296920268005,0.835369457735261,0.7156052102523035,13.848434609342593,0.3854607470648589,0.0
365,12300749.027730962,2338520.3495211424,385613905.52061206,37745222.29364896,0.8035316530145848,3293.709987179819,104.87961479625801,0.1951329370666076,13.938893330786456,0.16341204555411917,0.0
366,9189.218787345253,683.6900686069669,3090188.295738281,59322.79802925703,0.6478576772211408,4246.1175964733875,1.2223750989167035,0.11049384118485231,7.704197760308714,0.13758164764654304,0.0
367,39061429.19327565,6427342.717432244,2365368660.2623844,145585804.80032083,0.46625858667587333,3885.335838417608,42.09862582368989,2.126222739553726,39.571635872796705,0.15209490414147653,0.0
368,28243686.74530047,7516720.028876876,1448579960.0655482,94446452.21011463,0.57073827819711,2991.2939331561374,131.01719078012692,1.4358550726109347,27.750190999280598,0.06337664430061178,0.0
369,7660.641748912472,782.8324778247473,1762815.4481806643,40787.2460340151,0.5065145401010771,3955.3060590567447,1.9516862994521893,1.5159064839447307,33.59184792749482,0.31023120266881044,0.0
370,7815.2504932483225,2664.912245537621,1901303.2835802312,38014.31394644901,0.748155293097145,3597.5589963390985,2.2245318709957904,0.17200050316767168,12.46000191201425,0.4979578693934016,0.0
371,294745278.2417693,98297567.54433784,2696786314.5034556,613171011.319763,0.7569380378728298,2773.8779214809165,13.236058436323352,0.1098056693601988,7.94468888681607,0.12469381805205669,0.0
372,9337535.644186348,574175.9370013903,3024541898.4359818,63127628.10522701,0.7071027108861069,3328.5856275792057,8.707176265229991,0.23550933674151323,16.969289702520108,0.29493560724530593,0.0
373,39844659.56225691,4968417.284558023,3547505266.741763,168473273.8811779,0.6963880124571215,3785.440641377609,13.250815858441953,0.1691688093886424,11.628126808539372,0.12021628858090701,0.0
374,916385.1518124162,53532.95082896061,386520176.3208552,6730646.166792271,0.4660804414911272,3650.3404741862196,3.187057702565238,1.5184492468047168,33.57973655413705,0.4294852009320578,0.0
375,4999.970509961623,1306.0287483055881,711405.2761394856,19186.70762227512,0.07076385290130115,3872.6430473665378,0.9773570049936746,5.432270006642036,88.57942534443876,0.6046559255028618,0.0
376,20056728.573953997,3632339.7332142605,710331235.8626022,64697368.08173294,0.6936438859923156,3923.682235720501,6.307708408141421,0.7334253132386367,15.003229618854443,0.31431488402909447,0.0
377,18565666.903175853,1297937.671796915,4128252185.009166,111975713.740647,0.5123973482199812,3572.168076846137,42.51517391653087,2.1168548931848856,39.07100818220387,0.24597779304181594,0.0
378,8180959.431898612,2801388.334426898,82324842.20682766,16921093.434831038,0.7528540775441772,3296.545458749558,22.18464308873232,0.07141359548572987,4.936480215568183,0.10776584018701592,0.0
379,168255528.35310075,59999492.844293155,2984626222.726142,382033635.6298666,0.6603071381004865,3345.424629776676,15.664927886980553,0.16882529377333952,11.696277338761323,0.11870750369984225,0.0
380,1031049.8012546299,117319.33348250817,120509233.65645257,4784118.862717723,0.7191751513034821,3874.811663707597,4.169660893404937,0.12435187256142281,9.140573990972015,0.11266611850885057,0.0
381,69273.49892264472,19992.791570884583,4897266.045256749,226605.6478417279,0.7589371858015126,3517.613288550369,2.8969985705606387,0.23908317220069666,16.359363113810456,0.3790498033247228,0.0
382,281075505.8227254,57753815.18521352,17264051933.55736,1026002746.7955725,0.6945054321296116,3572.0548022128414,7.304998556677846,0.034390300483288616,2.470776013372516,0.10489213374787876,0.0
383,23644.73328694149,5627.836216234258,1989010.4945125575,79972.3886908659,0.7062183895239664,4013.243663137523,1.101998964123258,0.12079756449497961,8.044743223796479,0.01589066308128052,0.0
384,2844745.2612170707,298850.0447295163,288969794.7612195,13111376.79509009,0.3996221799901861,3734.8559068627487,7.686287690269223,2.792054794354577,49.713926491492316,0.1120257467312545,0.0
385,516923.5778366656,137447.26842125945,31242236.042001694,1631091.4583783944,0.6416908068291464,3858.904806687186,3.4928625046388753,0.8755586713536789,24.420627303636632,0.34400488353269004,0.0
386,240402.6411589574,21240.93127643,39993598.13832612,1274940.7012014566,0.6801056243716728,3912.5567809619147,3.1969269361307937,0.1308609644441475,8.977145571851434,0.27840485608072524,0.0
387,19399.3307725102,4390.753927654976,3215053.2333940873,84268.14736381987,0.6069981514424538,3536.051138805085,1.4873195809306685,0.09154580286791703,6.154755017349494,0.4334837741438043,0.0
388,4700641.56783176,950610.3140196765,437372699.9622979,17632800.551004395,0.7262791550487492,3522.999152767631,16.95905706026723,0.14086934811885765,10.422308983438608,0.3753712611887213,0.0
389,1641379.0510011585,843219.861928264,31287723.841391206,3550296.4547643415,0.7561142403752001,3489.8245040294223,8.06779824868358,0.051581825814455765,3.2831356374695644,0.20156312217713301,0.0
390,79968137.09400079,6644481.194506748,16171918377.91121,455213447.8720263,0.6153838913689119,4107.317958302853,8.374911596784026,0.15783907260585242,11.158947825170449,0.17649758764638568,0.0
391,15679499.567599276,5228291.765314711,148134426.67087042,32646440.408494554,0.7257949482006951,3725.734005094663,4.543079993061535,0.0994510905175173,7.08831372375835,0.07201593620175607,0.0
392,27679235.256964184,3747695.341658053,2569389194.8097944,115247985.10532108,0.7400586794528483,3016.0749990888135,101.68518353641002,0.07452241459459516,5.341629462606453,0.24951542726497955,0.0
393,87290080.30654791,17356534.61642491,2752419276.059237,264052254.11792892,0.5969722370242324,3907.8943434116572,4.412731625176926,0.1288552534402851,9.201600466072708,0.08188061858918017,0.0
394,94925484.33119094,10481031.495705642,15200660957.419674,487630111.8933029,0.7574270082284994,3189.064892813505,63.19689995116856,0.1011117136065395,7.381712783373779,0.21946847332461944,0.0
395,218856.02081396693,49459.54182746539,17010375.44183517,792517.7704526719,0.7543702835302659,3617.3009436781927,2.5198127648885693,0.07747912587969034,5.735562920434428,0.05134746878954115,0.0
396,280268830.3352822,74341334.4290587,9033957081.317265,802421853.69437,0.638286421411736,3618.808852095657,5.153323376003477,0.09260236497377372,6.651158691228806,0.11233036373034323,0.0
397,18007.372275906033,2031.6992802502318,4083445.394493195,95647.57709384269,0.7199946326350257,3742.354317982944,3.1743254704183106,0.12755261946654564,9.254310317303567,0.35183966837496455,0.0
398,178236.06199491242,58909.631651107884,17197905.247597706,648335.5376078928,0.711910293785426,3901.355018283798,2.7534385638565593,0.07260462290111205,5.3351208482085255,0.20748864367804898,0.0
399,12619322.804954728,1681697.6828657507,2813229597.032643,68846920.98951358,0.757359760822987,3206.102426289222,52.567272431407154,0.14929238293164343,10.867998212427064,0.2278632959814978,0.0
400,11389004.8103074,1265914.3391663847,1254571423.8975787,52487611.69276666,0.7199269536216363,3812.2299423244763,5.481862919651429,0.06653691536430388,4.725297442047247,0.17962695043993987,0.0
401,8583895.347118959,1457875.3101772491,358377392.40325874,29359138.57910931,0.13081308916231205,3738.7584786877082,5.208855162176836,5.517097522721781,94.35735836453878,0.09337537050654991,0.0
402,11414851.452752229,1865625.9366605922,999796692.6552912,45678399.45346393,0.7765520774545912,3111.4748743668033,92.2481398295843,0.11894705813354892,8.615201994773958,0.11563038110104597,0.0
403,5519.493579531364,1736.4981404686744,1418906.2463251534,27247.717126565512,0.631706975695272,3283.038431033202,1.2341428246559427,0.08756190694372953,5.993046363602342,0.20675067958975102,0.0
404,150006267.79971385,11302454.341912,28392093076.039246,855461267.3636179,0.7750142643543138,3219.867707661637,3155.8154366312096,0.16932609847537838,12.344733642333399,0.05922593134191896,0.0
405,9311.216377802062,3910.5606033720824,1215366.4458129494,32152.76861310691,0.6399180081182335,3546.393279888358,2.1592233807947925,0.20903364993436302,14.625422888479061,0.31303590739330817,0.0
406,7486.301455445881,2616.3137938715854,1809696.7240109488,36126.785512084396,0.6351618422671834,3551.149409075677,1.6723998073072193,0.09336875029666195,6.256825405759105,0.2622639946060108,0.0
407,1296518931.563026,632250743.9363974,11862774324.732426,2278774323.9662867,0.13192303033916342,1307.246219700477,177.032771914034,5.535956892713846,95.74186039475885,0.20050956972836464,0.0
408,9070674.608246658,779196.2811559092,1346504726.0715866,47616217.14086904,0.14748043326475332,3420.5094646383905,15.081715634741403,4.117839395597992,69.25749801364138,0.17639805331675434,0.0
409,19917297.701013207,2126435.037103004,1757202353.027539,88581417.47821341,0.7169386660869692,3907.9030754182286,9.471386777303715,0.0744826441724574,5.394159484086738,0.19551325762452215,0.0
410,9972411.749337073,1761723.359567736,723892300.9193641,37608578.775755025,0.7349646586134998,2998.639491422604,42.57029915787912,0.07022889343936453,5.121955055960436,0.33794924451402214,0.0
411,8122762645.968428,1897878830.4177394,239448791707.69882,23184075273.23862,0.685020551955871,379.80064684155354,17.839820236783886,0.09430567482459393,6.57040096946656,0.1444658141886109,0.0
412,44394.06486586951,8727.863453089976,3471718.637135729,157809.93550486612,0.5770899092594362,3826.3181291615774,1.3992463672911823,0.16223784566828287,10.929008007040498,0.4580262266229344,0.0
413,5470.834750825043,2066.9276037908508,1165682.4501926303,23714.048310241145,0.6585009118950934,3452.4247051712646,0.8332573829727666,0.041742437132734976,3.0834396143936544,0.19690342488540943,0.0
414,91302479.44805616,16598057.465188581,4330746253.801413,312245632.99293715,0.7366734630703242,3921.42958020909,8.773332658677516,0.08712362458009544,6.493399087158086,0.10064379781583324,0.0
415,13411413.67798118,1117322.9387376155,2590402271.712864,75978493.10328715,0.744159936015192,3130.216382463833,110.36265555261663,0.1359216698488587,9.909811595601253,0.2208825979505552,0.0
416,5065959.108115932,526610.8452626669,524353314.4111519,23211536.371180058,0.6765013049833097,4132.573350113788,5.121565582115033,0.17904045624334328,12.145544245364798,0.28859625715388226,0.0
417,374869.20728685433,61916.608553978986,26771899.13078102,1419258.9657863255,0.7198754910346717,4052.8269158470202,2.265687799705438,0.0891863510291218,6.547978120480474,0.4601688208337174,0.0
418,67028.36327222941,12407.634116645313,7607531.487490249,267295.38090618845,0.667714601178217,3789.294230497243,2.6422911533672844,0.08082199027275401,5.551896348481277,0.18491243858741999,0.0
419,98156.25038333055,20840.227021442064,7443030.832603847,357570.55314079195,0.3090646749349792,3470.955064536646,3.558555916258176,4.088114179236015,67.17652441099612,0.18899334168215381,0.0
420,19639.417043988477,3874.885531026021,2696566.9889011355,82447.8916430805,0.7105857007526846,3816.0103724395303,1.9290510857360417,0.19475176126768917,13.94645658642491,0.18213230881114045,0.0
421,13712985.818868423,2171095.724146519,689948456.790074,49324115.8961211,0.6115727562217488,3955.7894184171287,4.391994620178731,0.17916079344829255,12.715068851623409,0.11763834021255118,0.0
422,29095764.314493854,4740245.272570568,1703553541.5735564,103995168.17086753,0.7709790822404943,3451.2052748411597,104.29594702661022,0.09632695636993578,7.152664526307172,0.19893688403041812,0.0
423,17124962.22952061,1551745.991089974,5142960085.283135,106109004.28268114,0.6777028244969647,3598.7714361852836,15.45567394913008,0.11971060052100295,8.319730644954754,0.3974706013052864,0.0
424,199229.39541813638,39630.90402860442,11178276.483955689,666299.7819658389,0.7789231967243365,3661.791591227984,3.963415686010529,0.040175466457893716,3.032135656530852,0.2636899205424216,0.0
425,108206269.16230018,26353351.42000059,8053739321.017064,387624339.5315833,0.4699702551365433,3559.954596456555,11.978470050271335,1.4453952446347702,28.478672191176365,0.24731171319354028,0.0
426,2784296.7716395673,508062.70983967,192143312.56913725,10044426.47861912,0.5800330902082138,3811.516806861289,2.2322193187168726,0.06038586512487978,4.138196033339499,0.1129182081474366,0.0
427,26083779.212958146,2898375.3770758244,3718497833.0595856,129499800.59488407,0.6424818443052188,3884.5299925296576,6.587964062301426,0.15131354539480818,10.66392274227204,0.15435249499986695,0.0
428,23657.567293193024,3361.908943710778,4631454.250745781,118659.87115625545,0.6572878533260994,3892.6887899695234,2.4358490871531773,0.8244245098321997,21.29926585930988,0.24808321810245568,0.0
429,150508728.18726093,64343916.98682418,1842864915.531217,303598470.76196986,0.759059026384835,3352.964846865081,16.026835693732288,0.11102194984164679,8.077085675994585,0.10623046168431789,0.0
430,7342.506781536096,2709.8736715139676,1282762.1162593216,28802.29589051744,0.5289262142306086,3709.5475828775075,0.9017195699944942,0.7209254216646392,13.75649320246593,0.573810930395114,0.0
431,187162556.47758907,68366430.95627974,3722292207.1140213,430210930.76191807,0.47233721030320464,3053.917754060417,16.297516867732053,1.5311124432366987,34.039286354855314,0.22625620627640178,0.0
432,5293831.9006187115,645020.7545654994,430756724.4116992,22268241.124578554,0.6383173836850674,4323.30655599277,4.2388073429435975,0.18082700126203868,12.811243062395585,0.13521734700451649,0.0
433,291499.95655816764,79832.54924359664,22129177.18992388,1012647.846528863,0.7779317896958002,3418.027613709398,4.566139998663897,0.0663419218415151,4.836388335116051,0.3921213601935794,0.0
434,21608.998389053504,8787.97410799818,1968115.3362541446,69686.77936112971,0.6532946474942692,3269.792607228422,0.7746015819863715,0.05392168307269172,3.9369160284528304,0.29585719722000065,0.0
435,36881.614693982534,25576.614010975176,2706521.1608717674,95939.41452901925,0.6633491044182958,3467.2825140008968,2.4537782633846916,0.13381489829919452,9.244861670610174,0.14760591045920074,0.0
436,18561355.664940853,1708009.0009051268,2938819873.8511534,96656118.30539817,0.6108920281896062,3775.6706634423567,7.429427257892158,0.11319652016865903,8.109406976021916,0.16711902244541937,0.0
437,68938650.47965786,7993387.344024589,8222328755.5709715,326730773.67079425,0.6346286888568317,3657.533767586246,5.571233936252705,0.08653363348387746,6.471639920195765,0.244306174677349,0.0
438,9712215.01015957,1408356.348387454,901647574.3353895,40221302.79411046,0.6355689297326064,3828.1109791856966,5.032916120435374,0.20364596967935994,13.607377274348062,0.05095951813352779,0.0
439,38705.393126962466,23961.166569083696,1733173.22940691,81788.04970985505,0.3896617637959748,3408.634571508472,1.9899536349496612,1.5319388554224247,34.4606022406316,0.3757563999466019,0.0
440,16755486.112804791,1456392.5978694966,2721117197.335887,89387204.50621502,0.6746603401090807,4093.2808975569483,5.65552177102799,0.134667072654116,9.12962116590293,0.1272360509628306,0.0
441,1068719.9057658864,445811.42089070764,49663897.677965656,3073629.963852958,0.6503238824483374,3816.1905695575097,2.597495005371439,0.15205268506344857,10.826179447673166,0.14875943102356093,0.0
442,15280.652855380735,3467.1941362059674,2921973.1839481415,70550.89444189271,0.7584944558832785,3464.199638748121,2.8867686535899058,0.1483475374315998,10.59619019637481,0.24267161678710758,0.0
443,124511.3467909103,33773.8578196859,11486209.791234776,467445.23243778833,0.7109845224931914,3443.3507078169414,5.163575754060814,0.30663298073046946,20.974542427763414,0.30817442759551283,0.0
444,9528.567055271586,1946.5853944397954,2323911.5028897664,48878.02156487825,0.6409570345715332,3374.5743264997773,1.1088805585584378,0.049476791518321316,3.367656697611669,0.177118796109968,0.0
445,193523474.77237234,67695340.46910033,1995489736.0011945,402304434.733765,0.715869374872965,3501.9470516898464,7.981492086320844,0.12128541809305951,8.800357918593452,0.05336343639774905,0.0
446,11898430.295190794,2482987.5777788227,346542117.326282,35570264.79967218,0.6798510599888037,3710.967010677635,5.034540881131276,0.12323820606145715,8.834439519405292,0.08745918830639904,0.0
447,58683329.12781918,11487564.883102933,4038331034.019502,218697569.207759,0.663846180910691,3664.1753150517643,5.431797414428473,0.1624217489815088,11.420829790176459,0.15540511810839353,0.0
448,683800180.9997027,424932892.17929065,15242677245.136715,1354928692.087519,0.6261352397001796,1231.9604020514607,9.242137640691949,0.15078913142200925,10.270527836855159,0.1987249998852859,0.0
449,25174764.249088485,6548534.0180644635,1375527426.5488625,76958581.88804652,0.7632231358928914,3086.544847099565,98.98889216417265,0.1716819686385879,12.351982189825083,0.2002052137132939,0.0
450,161304.2297065426,94325.54405851245,6747340.16619539,372385.2994830487,0.633152585311296,3473.5501780481236,5.607039717836841,0.13316406618747134,8.734050622444073,0.3227998858383614,0.0
451,162452.142518775,21338.240536045843,15089593.277617728,668051.1184236116,0.5735706053294909,3827.466833130525,2.1148126130544744,0.07739437959628885,5.465682467702476,0.15736416878611711,0.0
452,109597193.6868715,19755875.221887004,6377760710.310317,388000740.4604279,0.6758143394164763,3595.7273514903354,9.690535769418744,0.08736908356253892,6.3396520291149105,0.07804467865305675,0.0
453,12484081.25110836,1465630.6159262075,1733476780.5606716,62159920.07193898,0.68201200487177,3580.24274013825,6.129730795755234,0.12087529003705581,8.088273556171458,0.19093928067579452,0.0
454,5170629.735515644,725975.7734732267,734495636.4048486,24662277.169336207,0.6739585378739091,3682.7483381888114,3.7895624688837874,0.09722342666463524,6.89855048525021,0.3082004324261336,0.0
455,8369.226855793137,2803.954538619301,1453203.8917824163,33131.140319213635,0.6985903442242553,3752.4356869882618,0.6734619550227635,0.09312510965735407,6.249537392891483,0.18984822617215227,0.0
456,22612679.569809128,1577625.8029592666,5322393744.092408,138094301.62909994,0.7362116564904986,3277.8954991991077,74.21691956786519,0.10402770743232832,7.951233145219936,0.24864646562515172,0.0
457,99388.23779331832,15061.292409820482,8438828.080201026,393398.736757104,0.751136601479569,3738.5195964388427,2.670829810918411,0.07023121340477356,4.888557513601495,0.5539895288381271,0.0
458,38427.14024035587,34655.79946685768,1815463.3858341114,66883.37922561986,0.6294033378101196,3771.040710447816,1.5673788886322237,0.7186760740148725,13.642279828825599,0.16279840164404463,0.0
459,1442487.1087682552,119630.25202893795,335069508.1121896,8603665.205900608,0.6927025264924735,3249.9376435368777,11.488513028966443,0.2940676921325089,19.987359890227737,0.26577625624274115,0.0
460,14868367.891010422,787196.082790041,6016032797.926759,108968805.25188765,0.4951277614617548,3309.0774210724203,34.32513250669607,1.491421324482785,31.64405565148482,0.4224602590509408,0.0
461,15184193.217774913,5750884.172727417,533641368.5461198,42593072.45528778,0.7267437633156424,3399.971044823729,5.249190003152762,0.17220752739423925,11.927390403844061,0.20008084585781305,0.0
462,139015894.3291673,16156624.666603452,11129233380.065418,594369051.3981941,0.7956057506119266,3699.325367454266,81.79259650204476,0.11265503819589381,8.37341908949173,0.11419982785108042,0.0
463,11414249.245750306,1165578.4710378388,1663753834.9213274,58350967.72691236,0.7306039734043384,3739.877288033824,6.487149343582088,0.15672575161317912,10.584889839946246,0.19067540395896843,0.0
464,135816071.92696184,9545802.526882745,27739220053.258705,798817263.899169,0.7300860551824262,3720.3403839438215,10.149479880937111,0.08047712352940106,5.348139411081671,0.20644732364841592,0.0
465,2879549.866972865,364371.74940489576,189166925.23118868,11572964.017813697,0.6447929629099372,3361.0541191873485,3.0174945397837765,0.7295521591521049,14.736963741454598,0.41794848564274917,0.0
466,14825.98627921788,2173.9273907201705,2779965.066706906,70781.86170070388,0.7239393705052347,3758.6391667525845,1.6203888980333407,0.15597516363785352,10.408146958177372,0.3748203534178729,0.0
467,59591098.43609657,19466972.52444101,866029014.2244724,129952507.49941775,0.6506382987834524,3894.0310801378673,45.427085030586426,0.7713911583424389,18.523009496229413,0.1500566775456603,0.0
468,30822640.82953291,4214103.787612153,5422448443.764719,152773586.8475739,0.740219380650448,3148.746702456967,118.45682810598744,0.09215563107971159,6.456500810514008,0.3061609606484505,0.0
469,5664509.080739091,451612.85569862986,990441349.3373333,31412155.427659046,0.7501448488239739,3739.0054913577856,2.995596820485006,0.10605244213581866,7.224562765472788,0.06274057974753758,0.0
470,5874793.519646919,696293.7347956665,789767918.0352461,28218593.601653516,0.6941520677158179,4021.062880152635,4.100946341458968,0.08114262185577062,5.767979444297803,0.1977526074847572,0.0
471,183003480.983832,48225669.57797303,9729810505.161846,596023247.7749124,0.6638397050197565,3381.482817566655,11.614242735870938,0.102477002314268,7.73026015921306,0.08936563654521253,0.0
472,1399050970.5098288,345939524.7090524,57935159382.37888,4185684279.6614547,0.5302311073879178,1985.1944238484425,44.325480986172074,1.456027274574208,29.137707677678844,0.22452514382024677,0.0
473,61713581.25788321,26475953.259464625,4804674980.006231,208767087.77513427,0.7454893205948163,3492.220432819151,12.634639855721888,0.09399911852681724,6.706268538562836,0.17077085945205808,0.0
474,8548.114639875601,2395.397814979487,2259750.0649691923,44191.66085613954,0.6179198110244044,3306.0073028316965,1.5207732630707695,0.11220703030844854,7.206006665105863,0.211076570186249,0.0
475,1887938.4716758002,151215.46000990586,470301330.43639565,11562952.655479612,0.6648832146424082,3298.8710455776773,12.675228389090151,0.8897728989017339,25.75282268233144,0.269477919017491,0.0
476,2377.772718592666,521.0755075732962,890675.5673024124,14030.608108459943,0.6826241396781698,3573.027849379763,1.1020989165433395,0.21743703572114237,14.697580541504829,0.08242077218440044,0.0
477,4381021.042523929,592362.3695815644,278924641.0056289,17100053.441670127,0.58602041471178,3288.776826465826,13.9670485963791,1.4839637503545227,31.146138117052782,0.33154085229610125,0.0
478,286300337.967007,60727501.84739842,27539059700.05367,1175594815.2032738,0.6538640030245781,3441.0611717460697,15.070320318264676,0.2020203355970513,13.779823675374349,0.16823689578437295,0.0
479,1763488.5893739164,151188.50872648816,490376413.1897022,10717032.490012277,0.6566335245434332,4003.388435635172,8.41060526172565,0.17365569755782434,12.074953606416177,0.3964393432451703,0.0
480,3524246.136942846,676346.2916541703,278937498.2055767,13790503.4074102,0.7525270360285071,3575.7961597339363,9.300409226229982,0.057037897927580426,4.120205827432995,0.1776491225000212,0.0
481,4490945.821622686,911859.4118376893,166311370.3555637,14202967.73233125,0.47574643745845985,3727.8309658476437,14.405197613753788,1.4591040193708558,29.480014734135814,0.2827866749431003,0.0
482,4149889.8458254733,865141.2550255563,332354405.28490484,15158238.063485732,0.6455277543999998,3833.047046351425,3.6153498188183937,0.11708416392676098,7.783726382505485,0.23077610822761352,0.0
483,15782077.118621927,1818015.09200051,1531512199.497195,70579247.29197825,0.5642056253927745,4057.026127400174,3.365079913665305,0.16965262636768186,11.86350538686011,0.229939469776344,0.0
484,23996377.46331262,3881293.181072557,1302312593.3353744,88101176.79046686,0.7183880174737446,3606.3611387598094,8.714895892804622,0.14038937410225288,9.991044041837416,0.17773250799281656,0.0
485,5057.053748020459,2433.061634099993,1265229.5128502757,22578.506290696405,0.6304514338666733,3743.273699167973,0.3802689148695757,0.029121167623419007,2.05891551811895,0.25603589726583914,0.0
486,15579768.70927631,1918228.846236026,1405075659.4143634,66858069.64501659,0.6889464593203569,3469.566554493668,10.739017992993972,0.08519768097377237,6.242040787753348,0.2743880295321766,0.0
487,10647488.636007842,937544.8171564874,1672538108.3011677,56304395.62474028,0.7728405808192722,2840.7101094181407,64.4770264421744,0.16797006447457416,12.009893284042297,0.19718126465801208,0.0
488,5466912.403176849,1119045.6651061068,327845778.0034469,19390486.51159503,0.7231491460088797,3933.0589940209175,2.1245046328593533,0.07634845885702957,4.989403110674826,0.1763300880917536,0.0
489,28142687.314966083,3150198.922069803,3020080637.045437,129496659.78182259,0.6175452273010773,3726.2725716608556,3.167709963795662,0.07045533131795718,5.115945458539736,0.15845845469854594,0.0
490,3607788.8074333942,374147.674491361,343804201.1915637,16356989.12405113,0.3196806056592357,3738.9660695106177,2.134601105940766,3.4899040723695967,61.945970626689224,0.1391250450581245,0.0
491,11748835.652027056,1539563.285686968,1122785468.0981653,51116633.97300748,0.766169703055141,3823.5142693175776,87.25903363651341,0.05907677960676612,4.384654060142145,0.22244000642498618,0.0
492,13458736.529579774,1521623.983209853,1188036316.6424308,58842024.207745716,0.7121266152329537,3681.3935377899516,5.325410266321354,0.07191576903984132,5.181818353500556,0.033749586801288145,0.0
493,22461.62875211298,4024.1312177204636,3263051.2925607823,101389.12051257162,0.6297769723476851,4205.051781802482,0.9180993236695772,0.12619323322617887,8.977704584952596,0.3816569939199809,0.0
494,5826070.182936466,592920.2202887618,801721404.1603225,29058436.296462618,0.7793186575465079,3113.477824338919,11.5456366250305,0.0939225232228444,6.63601678778682,0.18330709129364411,0.0
495,75431091.46787181,13508874.431669544,9084615613.06011,333440372.0813453,0.5751428702875672,3965.736343807596,3.1164385968258537,0.08431523154957796,6.241843641318137,0.1220493075574355,0.0
496,36897032.66910295,6306504.102919967,3643178209.8936234,155832537.8333188,0.6221888954667386,3686.559014699128,4.008228423997579,0.03738845841369622,2.6271852290333113,0.16095182792704724,0.0
497,1888403.8098564968,256497.99443213828,234586663.41745633,8646933.705348348,0.7346649609959576,3444.9165597235483,32.978424334560266,0.8137223134167788,21.172448504298323,0.18972302128229548,0.0
498,1415945.2132409099,316814.6739414815,31844059.987642813,3861554.5739252963,0.7408963470177554,3642.7030275293528,2.4843892102228646,0.0842190724763805,5.974958068555386,0.1315536895280258,0.0
499,9031800.976911386,1259376.3527699695,1617471987.0579731,45264696.44424232,0.5971844513745835,3497.291979715947,13.767885351996652,0.12561444951676393,8.32893835268745,0.1855856195434435,0.0
0,80037.68873719548,23462.086048112385,8697979.07541599,311934.03274692054,0.6273195800461273,3985.5899096834582,1.7015905922897572,0.659755007394873,9.716834361239366,0.23911755163753196,0.0
1,8812613.004714651,1125920.9043831455,775311781.2377334,37490593.17111345,0.7187976497027574,3771.885756619896,5.571392798065546,0.1169758271961225,8.415965851351423,0.1201346271644444,0.0
2,1768.402056353209,141.16280936470991,991444.0698435545,13476.653063316093,0.635280247893731,3969.489322802224,0.6408331660685097,0.08674534604815971,6.18416435625644,0.33707829418959845,0.0
3,1671.4185423506337,188.95803731058018,712620.3896514827,11020.433191789265,0.2075580365353397,3896.360708900337,0.9951440899728312,4.783245036887616,79.32918136434394,0.32882396370890343,0.0
4,13984067.174659941,1343526.334438767,2432066055.2076387,74820095.55966893,0.688046597547217,3570.013195426481,4.944715549683723,0.16866767904453212,11.901206995839935,0.27510308747751905,0.0
5,21767090.97849258,3262663.473280063,1715110149.0964255,87534078.6486582,0.727372071381513,3851.318230816276,10.92545932305458,0.0917776394198074,6.543432801417358,0.3440799002787558,0.0
6,120414604.9930911,9599957.822836818,19018939779.495472,650642476.0447179,0.058477484603145335,3985.584753258568,24.122836025920925,5.507018645467533,93.4637867915447,0.1527828880627396,0.0
7,3247.2153185371603,425.19223884918154,1233307.83988344,20399.650564174022,0.6514617690934161,3489.4852135428523,0.6768581598661083,0.09437524836563575,6.587667272344286,0.3384327286717848,0.0
8,1977842.5735788806,230365.88701785478,349833427.96116984,10589297.099041503,0.7123957091282058,3450.567166208323,17.29009860033819,0.19099860981697958,13.588060279744141,0.20353429695980205,0.0
9,15996109.587604541,1341736.4831639552,2915699488.656539,87861058.43076643,0.5388053327925381,3168.774646862878,59.909125544618355,1.4906516928138724,31.856628436272576,0.24890132247942212,0.0
10,102044.26799687836,14261.458470643178,12604674.535236342,450018.6562803802,0.635006419093115,3764.492641916353,2.7079928508181106,0.14970950895651453,10.178569952247631,0.34499101002209204,0.0
11,202996.2369271174,28730.924170716222,17948406.08231573,843366.5305809065,0.7406301007544374,3987.881770762845,2.751216038007269,0.12340197964995081,8.5772460320016,0.08942768944546312,0.0
12,24578.34498936381,4066.8746117548317,2557882.900279737,97665.58112889675,0.5802985002084977,3707.284966531177,1.0997634574199584,0.8327385670302633,21.7658766382183,0.2809940956231222,0.0
13,4776173.538372928,561029.0893286908,356844674.8417258,19963590.864042453,0.660228382428542,3884.0474908157853,5.723836730071866,0.14345774663337307,10.078764999074718,0.39217180246508926,0.0
14,938302.8923523867,169683.684341367,224435858.47166553,5318100.439383934,0.6568636382383543,3724.8196299479105,3.5561894234557516,0.24061749735693033,16.276424021562423,0.338107108979,0.0
15,1149052.4403947159,125441.3852322852,111182474.3103131,5197750.247656655,0.676442458544737,4459.353146824853,2.7414502883381293,0.09562190204274393,7.179066206252502,0.045514867578059046,0.0
16,13353.886279033031,3972.4594048973568,2892864.7812364623,63292.00045866312,0.6727818798753279,3613.3982754411613,2.6152097949288664,0.09504928692905565,6.62178559383413,0.4393473209372522,0.0
17,8414043.64399433,1428447.0853169025,607349554.0483755,31618944.1735261,0.7373697061952947,3944.469707657463,13.192412861678804,0.0771373765084177,5.674607134606984,0.18495443289639998,0.0
18,40227.2958017306,20293.948204148597,2198609.872066741,104864.10276702288,0.6657896148338625,4289.997794325806,1.0566804880397331,0.0901612980804087,6.387253901222958,0.23686725473423606,0.0
19,63021621.39408629,25999473.26063721,4442904681.439534,169781411.81396493,0.7357274212949034,3574.490125698102,29.989299857887495,0.10640477098708061,7.201116508939267,0.379291876381266,0.0
20,158312.63603924267,121751.72657121043,3497031.0115808025,275194.27150032617,0.6450249541592937,3547.606621118901,1.0569399736262706,0.056856441127571336,4.1817285966298625,0.29231791732909856,0.0
21,140870849.56376365,44776126.33265867,3210149625.5242386,365247451.7258231,0.3872405148318987,3756.1073253925897,5.559174106045266,1.5158408279980058,32.516258911730866,0.10036528282935189,0.0
22,1720.761595635881,125.43973348688989,911124.9055960182,12883.57739816674,0.548808367527484,4152.190421649922,0.9223343886140425,1.5673180141623277,36.55358834235678,0.2473817186475304,0.0
23,2246.9943060810992,237.71623766694,934360.681096389,14998.696068903122,0.6506125251678213,3933.375018902538,0.8580131716765316,0.7879050045674225,18.728933253096322,0.11990830882030748,0.0
24,8496079.564352646,1073182.8547099556,1077312649.1485877,40992505.49402502,0.7525662064786133,2768.7429803825567,50.67741475408234,0.08242245956419643,6.051946969290048,0.170908021494423,0.0
25,5348710.693404122,450639.35821659974,1510558095.6581373,33225470.668972384,0.8243180898866351,3550.602784864439,16.742677892865192,0.20768531406485352,14.942302383631283,0.35953291794119313,0.0
26,53402.73598571692,33625.14337201044,4155341.438906026,150900.34010133924,0.6604866755388109,3487.4872779369643,2.8113830064147476,0.12403267069208157,8.497746386780978,0.08743661181436464,0.0
27,12163.004917808217,5944.177517470487,2052462.7039708577,46992.551883106156,0.6801302734937213,3491.745148207023,2.824165944708371,0.19529559765676147,13.092922649202169,0.23997352524754445,0.0
28,14214.656354157563,1296.4066465034612,3522517.09687132,80853.81156421354,0.6176884319079137,3655.3292269238127,1.0592454965228206,0.11444525215899164,7.939372084054097,0.3905864969196049,0.0
29,29771623.15781085,3452579.795586617,3736411240.6162324,138605296.07086748,0.20604553207842274,2985.7724559318012,124.6279174987142,4.2099971828580935,76.3401623888727,0.31942845355588434,0.0
30,16568.175534765018,8182.636066389025,2378706.6986274878,62712.67689708364,0.6352410341283878,3489.729316609486,1.2595217362118158,0.13729087357190864,9.50454445848808,0.05981911389341261,0.0
31,4130856.918649523,868993.831041476,170083051.01969823,13339352.51550722,0.6939721951242852,3359.8314842732743,6.514977332696975,0.09155534216004187,6.523700629666261,0.17922931754496363,0.0
32,23207183.17751567,3415407.2309986404,2932021108.943171,102800255.68965718,0.6784845304275368,3189.2727565151745,83.09976047442635,0.117171654155558,8.204080161503667,0.26072667675780026,0.0
33,1276445.591560296,81565.62964696366,334395762.0907052,8060167.64630294,0.5180737596737324,3467.35569255808,11.048962366040177,1.5148279795188242,33.5039980626167,0.31849385459063495,0.0
34,5212.399589474471,1263.020540320811,991901.7079973712,23009.02156825942,0.38923174311686976,3548.0967250926733,1.3154410705023383,2.868281685305272,54.96656989200621,0.4333380757813114,0.0
35,3551508.0352839814,436015.85751118266,340999280.4971161,15754171.252442593,0.5136899539015822,3353.4650254475764,5.125010148098907,1.4607632081614923,29.53431924981221,0.1319357332045959,0.0
36,39977425.16761474,6320194.934321989,2236166738.4571524,144604512.218476,0.566540025349405,3989.5241751006006,6.543662215915511,0.12888207235408639,9.218516987320028,0.23310265714929396,0.0
37,2742355.608096306,563302.5987084666,160482556.46101537,9632695.734483704,0.6803159981958128,3544.195466551846,5.288885380705727,0.07694556215804864,5.468052314907543,0.359850751293871,0.0
38,1598672.242355028,133055.3113581053,276588856.581002,8733248.775451878,0.4726935810193546,3433.7035452924547,7.3749338497914065,1.53099188774284,34.67628970604643,0.3579812671255069,0.0
39,78639101.72062157,20478509.66061466,6013374814.25589,289379260.34383714,0.5949700885208701,3875.1899387372787,2.247169928257926,0.07935989686933524,5.703629159678689,0.2066421525693429,0.0
40,120606.89973058688,61088.30230204852,9350188.024941083,404952.0852776085,0.43063935501512995,4065.6110291735126,0.9463480775038777,1.5634972840953918,35.6819969328309,0.5276755245755436,0.0
41,506993.3001586276,43772.153603490624,135231274.52863917,3104529.7198391277,0.5584991126779415,3499.299253954284,8.053034857243656,1.4825259681849103,31.406525062199364,0.3573589462323778,0.0
42,244766499.07171416,80354606.56434944,4438068000.50365,580530858.0098395,0.7457275750818301,2443.6812022384447,12.53412447854863,0.14363321091834794,10.114818119791856,0.08708704781757186,0.0
43,22830399.628741786,2694260.928097844,1848648799.6641114,97028604.91323659,0.6672825133928488,4197.830711140293,4.123919887261404,0.1446214781758104,9.846206397506972,0.10348539105343678,0.0
44,16628618.203684574,1361803.8939456034,3478726938.003157,96320509.84415014,0.7621492948183675,3327.56486103925,122.92846835877567,0.21918052453251863,15.572392208864851,0.238401362103583,0.0
45,4423661.193570545,774731.6628050186,257347184.55979934,16447506.1820593,0.6259951051629205,3072.0778607854836,55.728915975168576,1.4887991696794043,31.701875838297376,0.009812817077822236,0.0
46,132684207.30181193,15197896.932647783,10668779869.037817,567535496.687508,0.5488319136943488,4072.8715421404017,8.460797936889556,0.8810020879975384,25.837366306593758,0.26992127931618193,0.0
47,159801079.2165841,47952327.4642552,4345341833.549294,426266131.1606999,0.6767846438743291,3959.024415518787,13.225083865666015,0.13652364322948243,9.705649328272695,0.08425375684830967,0.0
48,5515727.433316352,724258.7542185087,445063930.3234339,23002015.67480344,0.6282288424775828,3621.1053306932263,7.653269006239259,0.046513338496411816,3.3072870792270477,0.37476582475171477,0.0
49,6753492.585265959,542023.1165781596,1690337091.984034,41094604.94471897,0.8243507869118304,3262.8148266507196,10.855163020525113,0.11950860309729058,8.790196934253448,0.3031797481969908,0.0
50,30786730.184067152,8188134.733791743,510238483.72586125,75150355.50853494,0.7787430978778354,3513.009536087394,19.617084477948275,0.10998363187742974,7.967909547069162,0.2095982244986419,0.0
51,1086943.851480437,75006.55929322963,235885210.98904032,6479602.356947107,0.4843599790030703,3863.5320280294754,5.208920084321694,1.5019718600092518,32.68591608514831,0.21648354462037178,0.0
52,11684.75681021075,6983.370943344768,1568038.9678701558,37737.315699716986,0.7419069723630835,3308.5729822624016,1.2633317359515195,0.05410826701366371,4.026571020062714,0.3744831624302523,0.0
53,123282943.89997742,16150842.749485586,16893724461.208645,580491287.2287301,0.6133927310729718,3729.4939011857577,14.444797758613056,0.17512332924131746,11.709379930617244,0.2335428440602813,0.0
54,14154173.696352025,1710816.0688951574,1599676912.6718144,64416050.88199166,0.6168882169218602,3992.3553369947313,2.7779480934574794,0.06225095281642856,4.376113892092687,0.20360653668734227,0.0
55,100619834.29157439,10392596.84052745,14734122923.380829,513026234.96850014,0.6599187074067994,3728.1139992034105,7.539393493684823,0.23945485487365517,16.208329021479166,0.04611835625904818,0.0
56,47912.144095148855,26236.627180406795,3253350.5687449416,132904.2092548068,0.648819171749798,3537.858367082321,1.1091163375101738,0.07382351826180766,5.20670867555914,0.27868355093619773,0.0
57,100405363.61030187,97441508.6565137,793238323.3168395,128459233.37497818,0.7113803964712113,2801.03963601528,10.043765479924268,0.174115816130338,12.307937252468337,0.07939245448086987,0.0
58,1710.6548066815217,232.54242244668504,585709.4681857474,10366.868203783097,0.07488912234843788,3755.3979418753615,0.8101859732517541,4.815513204994364,81.5793117833667,0.13312233751825686,0.0
59,11375.691868255493,1579.2861886353796,3139314.4486146057,64483.04106079702,0.7155680780121607,3564.921872128649,0.8178718324406323,0.05449071597738051,3.824875149762126,0.30598745556703527,0.0
60,16852782.976285815,2073551.8938293445,2004537428.8192391,77466163.15382841,0.7038230124236047,3123.812232810128,67.22698802406094,0.11363617604107326,8.086000578711921,0.21723594024561058,0.0
61,2000880.7635011505,422031.8399898624,100681904.14163639,6652550.7993637035,0.29907344801062197,3963.475345977112,3.2267057945886375,4.112095190381654,68.82440283951061,0.4552642303459904,0.0
62,21915668.17132271,6811061.2338010995,885398396.2917677,66285510.842489935,0.6669242643546565,3994.027582828514,6.231543540909188,0.2578341429685766,17.748248789460398,0.15751247848433442,0.0
63,46389208.63538577,4632962.818472708,4740890749.978925,215944725.44599324,0.7262693920118567,3556.4597763162574,17.674910616662956,0.07576697077841921,5.220175165044101,0.12282802604440116,0.0
64,75053897.01533891,13171271.355593655,6407908856.301829,289684844.32984495,0.6747365703704747,3198.7880625480348,47.90963140086166,0.11743422798126621,8.701709839804776,0.3055515763370342,0.0
65,1504013.2768636877,703962.2008896375,57079928.49535324,4126858.9568009884,0.6118704219998737,3593.3773934642923,2.5864924923675288,0.1828020725647929,12.059657940888535,0.17159676655510198,0.0
66,20224.68092361118,2498.2785168577707,3458752.0479587414,98194.84131910186,0.750776501439001,4208.628983339552,1.212963040113014,0.11086145998871552,7.873114833201294,0.290198700779675,0.0
67,14318668.020016719,1653790.834544932,1784463543.61247,67045450.54177835,0.5869164176913324,4071.8549601769355,5.007715308465929,0.1408174059433236,9.073113104469273,0.22614751812497633,0.0
68,3229.4330674029834,499.3571901768729,1224320.4348449938,19911.621104591934,0.6655465806865289,3772.4149699083578,0.8996003235887814,0.8257369657470275,21.315598843446327,0.1699083524283612,0.0
69,25784814.360688128,3709437.924114647,2084180833.1804302,105747240.67255774,0.624445299395459,4080.6741920313393,3.7215765423396876,0.1444318491456947,10.768663148490013,0.3873815651612621,0.0
70,13242763.455576349,1631665.262409986,3303785894.6786413,75630151.78984462,0.7483971305015416,3332.4414037020824,23.30930921651917,0.09639321367802758,7.1118194653549525,0.34847100889453547,0.0
71,8697.094315586131,1051.0936556498102,2467831.77180187,50147.832245953505,0.6939314631210027,3734.8765287949773,1.831871987865249,0.1319325081805621,8.670022844653044,0.3398574550100562,0.0
72,25775104.240798816,5420808.8465873115,905312569.4509789,79997827.91070963,0.6315299651579466,3651.082463754137,9.68664092973071,0.17668598765968574,12.950879163540543,0.051409997173177624,0.0
73,21640.31160240999,4020.6184846339056,2074284.9962510827,88018.89944552569,0.1477407967167302,4141.0308871962625,0.6117008767580084,4.017415488271875,62.567661077911566,0.3908172175969806,0.0
74,41954679.36693169,9769782.759615779,2547589152.366107,146142923.12665275,0.6848900234126921,3404.876793694074,6.600148453047021,0.10851429740905241,7.2588907242355845,0.13933876677006182,0.0
75,149647.94343379416,37360.64781048159,11790322.150519196,520763.0218888529,0.6115111532153595,4306.598304478419,2.381890464994051,0.74613898127958,15.147916896915797,0.2650071086654416,0.0
76,127614150.04438686,23003522.87204085,8705202584.652496,488218922.05658805,0.7253817665717606,3612.334629909541,19.813161926840657,0.10371069006273484,7.6421167060900554,0.23333665790602287,0.0
77,1798404.1277936422,459847.7793656952,70807092.85682878,5485960.018622806,0.7581987197991111,2743.294810635792,15.25630150318731,0.832912749941394,22.22653498559656,0.15239666345525288,0.0
78,5024.603413788061,1020.4037298077246,1108871.2528118773,24690.891808273263,0.46376998485543436,3747.408009681763,1.5561265286857346,1.5342799009635602,34.80910549845966,0.2815675852003804,0.0
79,317661.44379666296,61582.1846587067,12536070.44499179,990344.7763424916,0.6798299727729626,3722.5919118863817,3.918856602083589,0.09446710333080813,6.8816316299827545,0.11771026028463565,0.0
80,207401507.42918354,26571755.298242953,34725677357.95024,1057927696.1390839,0.6530994844231206,3664.0009649758067,8.067927963975434,0.0948050685112797,6.880171030333325,0.039061651526895474,0.0
81,486245.12384705944,35633.15054689329,155537431.736876,3182209.003979001,0.47050657142103114,3674.0313887081984,1.8718535136848482,1.4311770364098346,27.558911283090367,0.37849977911838095,0.0
82,42903899.62177653,6575302.429116129,4158944018.6305213,178073599.98111984,0.5608565472542414,4042.8114601895195,3.151668486460048,0.10459160164321739,7.331129766777503,0.12441289196364809,0.0
83,394962.48700529116,41067.332727748246,72747567.75228655,2073707.4142673723,0.7418146957023983,3406.409302724328,2.7371639985938225,0.05130536505417789,3.620979098155213,0.26233025430097257,0.0
84,6338.0699451065175,1058.3454485853085,1720254.6899455567,34642.47032254871,0.5852598556074439,3536.1587480645085,0.8721963589073622,0.05519105084484268,3.560150720260559,0.2716858525239726,0.0
85,8542.889029911465,3231.4614740333805,1853820.833884981,39304.737778735216,0.6280635072413532,3516.521308876319,1.3279751162990612,0.10982124755060436,7.847429590640479,0.32655753171439006,0.0
86,14688200.654494265,1032536.8893741688,3649172069.5489173,90666475.54387496,0.5142260228922149,3528.1271540525486,25.901709649379278,2.1157354610141157,38.99816552565458,0.3427062010007409,0.0
87,12513.908834592341,4514.678640127122,1987747.4952935614,52491.22846030856,0.41668618529063134,3849.31162916472,0.8615033813179261,2.777203052344587,48.491980108845524,0.1487088076283466,0.0
88,10389983.618236883,655097.9025941235,3043039452.484778,68112884.41533445,0.5251089955010351,3151.057104496306,37.90837810919144,1.5791848905738999,38.01646267468039,0.3217916702081877,0.0
89,28038.03507456265,4224.46299404504,4277780.577040081,125991.1467700453,0.6951894713752224,4240.193265348369,1.692485217106528,0.11832345376266815,8.116897903178579,0.39125053030118034,0.0
90,7171570.868627602,1023670.9651148381,457405474.19425774,27356424.964523394,0.7548950805811583,3660.394641382042,7.327993245246766,0.12462663287959579,8.73988160860088,0.3042919316069797,0.0
91,14640360.57904445,2748636.89556682,442018700.3394705,44921881.5164856,0.8116391204934453,3315.5736777223055,60.96913207153636,0.14791216702536508,10.5842471485372,0.15456498866553456,0.0
92,11902.875317768048,5738.0684814869455,1401455.8773746437,36682.592504976106,0.721035550104647,3395.576019491319,1.8598879082720399,0.14632414671379762,10.384724030593073,0.26453259866438117,0.0
93,3629113.2801165828,341118.3563364007,459164289.240637,17818206.702658843,0.7510741084646593,3816.623758911952,14.489895254054652,0.057397639320897566,4.079033164273883,0.16782375461690147,0.0
94,11832.304623338418,1070.297432413693,3643017.824985826,73019.03084434604,0.5984127259740565,3546.362175204163,0.7917083776678423,0.0876954841132191,5.79541931124164,0.44718616803883987,0.0
95,19552.713842722827,8439.64332875329,1770418.3211183723,57816.98026759594,0.7214353074213744,3294.0832689254767,1.3487036378847845,0.08528466788493247,6.061734184193652,0.20451625364855808,0.0
96,44437822.848356,9366082.878157467,2894077531.5542226,163350149.62705725,0.6749328490116308,3787.714419532034,6.308968023572434,0.10952487795750968,7.696585979757633,0.13582236312609616,0.0
97,34732.110329425486,5354.579134351088,4115633.5599867664,146201.50176828777,0.6719314623601528,3576.988648786461,2.065543485341927,0.14221524119185283,10.423811167862727,0.4541634837489473,0.0
98,6664051.282112544,1445753.1550303714,396326007.37801296,22907405.271117263,0.7302815172307345,3747.2944259235974,15.172980256410828,0.13779496722033063,10.08042737306136,0.3089582983981845,0.0
99,12805212.424578415,1599131.1525734186,1291688997.6673424,57407625.57338534,0.6158874693808177,3774.224738161356,4.030868683269021,0.0977479533066484,6.984501949457109,0.1476662194444354,0.0
100,13087.6808085094,7696.111256579612,730287.535702246,28173.075703907292,0.5239083073040612,3165.6143290458563,1.4246986062090796,1.5060202363991493,33.04972573942728,0.10331048181728435,0.0
101,3693.2617959024237,758.2202988715939,1320514.473326879,22053.62662875842,0.6546069444798219,3467.017884291671,0.8165389672898422,0.06831800200115774,4.771517022815161,0.32306802849757776,0.0
102,33188146.176032633,5483262.697921143,1969455715.5698211,123132647.47293608,0.6876125680454795,4038.7095654849227,11.950288891239715,0.1263602643954143,8.977318221914002,0.19668106668087873,0.0
103,45318395.031890914,9372148.446892014,4339922712.329587,165705751.7655447,0.8018393360792754,3232.0876911220175,183.50494612943993,0.7811154514679866,18.364772957459476,0.3555455145683475,0.0
104,6520811.030473875,683156.9868099898,617263888.6063689,29457380.104139723,0.7308986949294922,3507.245419049377,9.507786305453436,0.09418482623121208,6.434353059505112,0.12749941745062396,0.0
105,7044.41394808481,1606.1967401795807,1716775.973763051,36042.33144718209,0.6332465064818205,3826.784988565604,1.5469936641681261,0.12197908979967469,8.597158128338037,0.3261981866164241,0.0
106,19810743.329962295,1241276.0422023234,5552052707.81748,128414568.5059056,0.49156570369323005,3119.409644915957,6.493533197607061,0.1599524616149254,11.673194593647963,0.3001310871651091,0.0
107,102714.63046165693,18543.15400199785,8043758.416603814,378899.30424780754,0.63253544731466,4004.2067497237185,1.7483917598977305,0.10433522574581229,7.244212527770086,0.37703452709447716,0.0
108,774758650.2720946,131547423.75141397,29488365860.185005,2579834259.6136403,0.7651819735044321,2006.6232911851857,613.389306259693,0.11054698008820489,8.019439503446796,0.10900384813840332,0.0
109,2561940.600444112,620147.547023122,140215857.4633785,8266441.053761089,0.6630576529360759,4050.2743374517268,2.6280088082219697,0.1328538690531044,8.624153887180594,0.4493100006586792,0.0
110,636248.7013358504,50486.24057614051,183519343.27190807,3999760.301565985,0.5614657384184447,4002.6573585997885,5.422668082679247,1.493286609576126,32.02347510477799,0.1392884147349457,0.0
111,15480808.63862862,3018552.9690876557,830004599.6189615,52997270.35524699,0.7564220982925085,3136.7436755482145,22.94829598541247,0.11637937444426054,8.217549939739449,0.24165303084954987,0.0
112,89016111.95827293,13170425.315592809,9647826054.161701,373476990.6113084,0.7666006827105247,2653.81676801821,525.7721535302811,0.08753447735454171,6.292963460505552,0.07989984507734817,0.0
113,58261.92641010622,10783.96482326325,6089740.593239796,228946.7956824607,0.6488452687379345,3722.137400084973,1.682001284155515,0.1221273918014532,8.257927295464347,0.3680198267962638,0.0
114,1279654.848414238,173128.5206177858,109752325.72883244,5298262.137472372,0.6943493887618841,3854.8336014314277,3.3859547018076186,0.09022924730596352,6.363376464782076,0.1656677785308863,0.0
115,60016880.68022846,20543234.472581487,1521991904.1721718,155212231.97416228,0.6888708362638434,3354.8332661447475,7.2942947342821824,0.106822175875259,7.667272861489619,0.25310456363202655,0.0
116,19116.78028120148,6404.488156177723,2999539.907166143,80134.05566466451,0.6766771540665133,3942.4410866189824,1.1602019633943395,0.19370469127537557,13.011410006318641,0.42342204560947966,0.0
117,12123282.768232504,804596.2521001686,2791531386.636927,74153371.91254327,0.3344584679310869,3444.0957861876414,10.93024138280915,3.576353957378948,68.3595861909828,0.15978094784416344,0.0
118,16429460.959730472,2572572.5025120373,1876343824.1106305,74136437.68293864,0.39419699035290146,3899.96791142516,3.846839985249454,1.5986948036970499,38.67999027763224,0.31471016264442064,0.0
119,15595015.722119976,2234361.537860496,2337088496.568721,75736522.97609821,0.7101997599672559,3398.9998459288317,114.7748998894776,0.722565859296542,14.547931453040396,0.23901386373996414,0.0
120,28669.172169812467,3150.5135390863857,5163734.282498847,144701.2373393671,0.6636935017998954,4115.287492726407,1.3280362458190427,0.15893551862302324,11.315454275736933,0.23444970535021517,0.0
121,36528529.518689215,5397957.766520928,2445628935.6252527,145103201.43774432,0.4147602237808562,3877.321319638869,7.063781311669438,2.847155916568804,53.52368072210818,0.25329900054193616,0.0
122,28400690.39183538,6703188.822292978,790371013.2524816,78727043.12371095,0.7306390720356503,3707.8160497428107,91.8604809838649,0.7709643359435361,17.747286159733395,0.08411313170467391,0.0
123,19046159.565254834,1651904.0571130938,4104011535.102062,109368358.37116489,0.7643257663278714,3174.714188903804,143.13372562733417,0.1399930497422223,10.310538453928727,0.2564340054335678,0.0
124,6050710.54119581,875918.532431601,855210715.6277825,29215732.272859246,0.09281281894151373,4270.305489995773,3.0957233556758355,5.408491504811309,87.0854201969882,0.22433447122960046,0.0
125,3821003.354037045,536076.0191554253,316593388.56678545,15568868.411085919,0.5966309786889614,4303.405316810925,3.362806974486563,0.15555057321684326,10.364173371691294,0.17246992825591861,0.0
126,14823.218315511074,6718.078771230934,1331377.8172655206,45943.07390542817,0.7443158571506812,3900.430045048192,2.244844164019132,0.11639251859595649,8.52254308690751,0.2680404836935631,0.0
127,4129525.217161739,631903.4760017743,344224265.78156596,16546292.526303094,0.617891149331213,4169.9013612104845,5.780725757627377,0.1099263489639366,8.19375349949134,0.33079102632808105,0.0
128,7290258.524902342,2663706.054353203,290066530.3105527,22577187.049643334,0.5880247678807686,3767.729922679953,1.9991328731222053,0.10261542412506452,7.232758460857864,0.08431422144274937,0.0
129,7914892.239627747,1146022.2979960307,679947963.3922881,32329048.578199297,0.6790212569751191,3976.073979207359,7.1880475832300865,0.14850067085577293,10.097877265872603,0.04566527493424641,0.0
130,271484169.34008163,106702464.27404538,6643436271.503113,648802210.654094,0.6899198717849615,2717.4853229448863,5.008676747068175,0.06853586269871573,4.864720704902107,0.12736314607949983,0.0
131,11011.078236902691,3441.609991972032,1705075.736352338,43834.06371992374,0.6242923593343349,3319.428990428098,1.1439667552485513,0.10107278600886023,7.145694879876809,0.19036978439221322,0.0
132,22936716.744334124,4168926.271887549,1311143548.4200215,83484076.88217391,0.09540831226249316,4037.3586555325082,5.7080414080865305,5.461289373842471,90.40336930313693,0.07010201745576004,0.0
133,2977268.848150013,381200.3259787947,295003612.17171866,13214228.225204635,0.5413882076450905,3103.9620556473524,19.56102857122037,1.5602656688473435,36.330624672376416,0.23176542122384053,0.0
134,10145164.643565334,816800.3175307587,2237375880.0634604,59352074.77705978,0.4745625890902643,3266.0842928638117,23.49453202225378,2.1491270132893106,41.06942445890676,0.2707317407518283,0.0
135,24762.799065707215,5656.99202927515,4253616.259643803,113699.58287860252,0.6412642578727258,3078.565300993636,4.715262041273702,0.7995555859784703,19.955863413571137,0.1566954747973264,0.0
136,28144838.898061894,4656570.331130038,1456171024.311026,99663925.28863658,0.6426999119944589,3733.867633843988,3.354584302428177,0.06263934119973298,4.148498431716473,0.12339079751732505,0.0
137,4624533.024259371,917501.3172725221,203760662.70374352,15705322.185064513,0.7281407772181488,3620.3499475070575,7.001040455270007,0.11260738024729866,8.045846437203142,0.08911406492009136,0.0
138,41484239.46979355,6433215.436762771,3609711251.460154,166042569.42454815,0.6925349462125311,3242.4854251495553,54.859852985391,0.07035016228198385,5.25952797908212,0.2071588201663948,0.0
139,8378026.625637658,759987.1970010361,1039825700.2853878,41688871.11952014,0.6479148754512509,4041.954660316054,6.803129707207698,0.06819773243042304,4.786660916982733,0.16140875575124822,0.0
140,406061.8881851215,47686.30010934988,58217694.6666521,1918500.307377078,0.099928026547692,3735.0523835296253,1.9217680775134676,5.477077449151689,91.39035131859654,0.5115665877465384,0.0
141,17006.0110420021,3413.133197401633,4339458.2484504,88793.57414572136,0.7606430486346765,3589.6779037791002,1.194400816038497,0.023647187997468323,1.5724503681996111,0.3090589392625888,0.0
142,27318.65552499434,6616.058853800541,4092611.4217263474,114841.0383875311,0.6787129435403518,3436.6502833020013,1.9051369907558768,0.08814781194080527,6.249974556835943,0.2475217201656179,0.0
143,9668485.496136552,1327593.8215765094,1019556078.4075696,42848746.87202053,0.6860660253977235,3654.8907895235307,4.515935020340008,0.058825858428818024,4.246058168468778,0.3362238082385624,0.0
144,22137.746561342086,1728.1423701497783,6344880.604637759,135697.71823054072,0.638940727237833,4404.5966224616,2.71695183775888,0.11839700860821019,7.889495703076723,0.558513432277804,0.0
145,368188.34355225024,104699.90177964012,11837821.15087812,978128.4881517782,0.7043004473208468,4021.3840266885095,2.761544482833552,0.09404398823618303,6.584329105439181,0.32183183183147174,0.0
146,72192669.51634529,5971304.392281944,11111189583.038502,385125063.7169716,0.6691125600337553,4346.911431943003,59.798993515467814,0.10355351078581387,7.359515730098316,0.13992928100942106,0.0
147,7280119.630757853,729643.955617932,750202577.484037,33949766.414803416,0.7213737730605192,3664.743048802407,19.926707350434985,0.25981698942137976,17.729891651964884,0.13893545137013552,0.0
148,14893397.170162996,4711881.1069812905,158151530.5110268,32127792.862715147,0.6338359645181914,3860.02711983932,3.9486886395264778,0.19904749182734321,14.089301230049225,0.25468432499267285,0.0
149,6332.590297652496,1125.560768416459,1840136.4761514529,35241.494741956194,0.7311625904125494,3493.2891094461693,1.0162485744974552,0.05736055263336022,4.090039113148355,0.18045516690665692,0.0
150,37387360.807188846,7987912.724598427,1285950511.923175,115151573.92573419,0.6717434583354278,3610.6297819689717,5.543682920257104,0.11300403052929342,8.186540100447276,0.14531780130389205,0.0
151,34016447.4548985,7917787.752973082,2747968329.538258,131157273.57621607,0.6874323271755236,3569.2754181078,7.313446093323984,0.0649553112377264,4.713329449292973,0.14927834030467646,0.0
152,19006.18069072252,9549.58115498633,1980997.0151009106,59725.234250529065,0.6205220558043514,3373.823152556146,1.216634518584257,0.06219520481513045,4.394039182238603,0.06537169345299226,0.0
153,18887274.816953015,1302508.4802822557,4847624757.815846,117607109.75911422,0.7031475370705832,3356.7862325973792,34.26374145536932,0.7913236879635388,19.13065635047338,0.2898473238925146,0.0
154,19067.698104403495,3145.85976006836,4203084.606504398,98808.49978891431,0.7004039093686847,3738.0146317139593,3.3017576686739685,0.14841590504099367,10.319539464758074,0.5016961101139586,0.0
155,2919246.117679746,457675.09030118503,307326989.5295826,12488297.994856013,0.634244396970354,4017.3529345454594,2.311590125061625,0.7106467855457332,13.288816032605308,0.3286128625520022,0.0
156,13173925.14276841,1716672.6807473022,1665593002.593131,61817376.327747166,0.6539436585521268,4050.0535034719255,3.5038390968962405,0.20982785818480787,14.637143209233017,0.12856958993968773,0.0
157,9775419.272160938,1530255.4035251918,922707732.1532364,39283301.028479904,0.4990217441891415,3360.5860076439058,33.07972358293002,1.580465516895813,38.266268029272055,0.3054403172514795,0.0
158,8731777.986815076,1644930.8171870285,325607290.45294255,28220197.669862013,0.6602954697364609,4219.1632834770635,6.714291933175282,0.1183135226521248,8.61864830036479,0.10967407973966102,0.0
159,3658.5501634985035,323.9426096710888,1233035.0280815386,22843.385841829793,0.6303011303333798,3850.3747735827324,0.5908454587880944,0.09911389757239171,6.139314431038611,0.3899011388905531,0.0
160,16661.041782083637,5420.410813021321,2346725.624804803,65732.35269960102,0.6550508200442902,3558.669926647412,1.2228810392818426,0.7141099099609709,13.573371425178276,0.07899389654335248,0.0
161,3568233.8051439384,1189244.3570821022,38340458.19227107,7483428.792393131,0.7270762315747317,3805.0286618264545,4.132372948725909,0.10186094624298887,7.280926554357341,0.06368480473310327,0.0
162,10133968.539839033,2223411.918352301,432772663.22716606,32960613.884649802,0.7619964356272466,3566.189101856461,7.805737565779922,0.03192093739397173,2.32101532110089,0.11330879157947218,0.0
163,2204803.903841703,370321.8415158121,142098779.33986852,8117448.626954479,0.7376560021333876,3887.824370974402,5.075322450176417,0.18840560989091787,12.547836225614017,0.3749952548194181,0.0
164,10533.975514894311,3197.910897089816,1933964.9840448522,46102.2246388239,0.7104410361288361,3403.6477656044626,1.9146295672424167,0.147355076179939,10.374485645362991,0.20670016935127836,0.0
165,5115652.496402152,526607.3907247048,555022824.9288313,23761832.19216123,0.6500620742057797,3805.3659782898567,9.480730009510472,0.07853610124800961,5.689777075674546,0.19696255453573577,0.0
166,11641.03810343144,1887.3259890710517,2361471.2475027232,56861.06486050552,0.706768946961806,3906.5235512741438,1.9824606210302356,0.08392009143655424,6.314381890088231,0.1885409210344385,0.0
167,4631437.478168154,726086.0191866062,255382369.0143981,16824604.553416602,0.7194562164826985,3724.6448227654764,6.051843086666848,0.18059076963401646,13.137427055956106,0.1609143051060042,0.0
168,15947.097541836682,1356.5524903028777,4598142.055586537,96717.06900882599,0.4807609727320804,3465.795694900722,1.5882064056452747,1.485488004262529,31.192339630312365,0.47973353328922685,0.0
169,3831.750088463249,556.3951778556018,1513615.8350194574,24495.53735413959,0.6295946142829745,3924.432062708133,0.8970410024337184,0.7625318229257776,16.16931797509064,0.3721739268224263,0.0
170,27001110.274987422,4115549.7990840487,2510012651.4171023,115059503.81975666,0.6926298291515784,3480.9602759429395,7.789673314282329,0.07601430346305146,5.345160633853498,0.2936559045407565,0.0
171,755.0021425355721,222.46883665589547,318654.8840894919,4144.671126164057,0.0,3286.2124652570874,0.5876842022172205,5.373423254877277,84.03076585289597,0.4133846853334056,0.0
172,11436354.717217153,879703.6330930276,2084004523.769797,64425120.89915665,0.7643857295699021,3872.8600123291994,17.308769059396667,0.06459322805316478,4.689300791899522,0.19696771893142323,0.0
173,43871090.262743056,7519721.418198648,3170111333.3655243,170466840.8412583,0.6879766233735214,3757.474892190793,68.83159124276133,0.1289909074587298,9.423402351551056,0.14819006852424219,0.0
174,22894.94137919427,9027.398815423545,2386598.32350796,75649.78649537344,0.6348830217975406,3584.628706546595,1.421448986217041,0.039815245245523025,2.904024629324735,0.33118045641627225,0.0
175,2455325.6945977868,605545.7967266417,58474304.871547304,6742533.464425527,0.09620742959926788,3834.914557087388,1.9036803147721335,4.179117796964318,73.35322698273244,0.2443067624381423,0.0
176,81575264.60428336,12838948.5368885,6357441355.352503,315583860.9443315,0.7225526989681466,2846.2171711822157,402.76000723693693,0.13059202176667073,9.735049391758682,0.1827714088842716,0.0
177,912811.9226119283,386320.0131128923,17800967.288616173,1903614.7335937792,0.7083232782556784,3979.3078471597173,3.6712103700290712,0.17067462375149497,11.653814200631583,0.34719855424330825,0.0
178,37928681.8752076,8459945.274769483,1467952376.2160478,116754636.3690339,0.6868161350790173,3976.875678129268,7.189159336459996,0.13703867560042626,10.008715104042873,0.14177288938191082,0.0
179,25096983.023854207,6970571.860147675,1003555431.3455265,73670096.16302279,0.6845228746710185,4177.191997737516,3.270174628994634,0.10812684915368313,7.773769905714178,0.16365811787584578,0.0
180,19086.068649458066,7259.2893067783925,2566179.540581775,70340.18769644477,0.629247034111846,3614.170063648176,1.3346238576765848,0.05789722744149115,4.102126760517757,0.23192355027873035,0.0
181,89273981.52643377,15573044.084982518,3494748078.331238,296224297.45746785,0.7301117692169914,3591.4662029807314,10.274839467091788,0.15695057917690497,10.901988370580629,0.07927224647982692,0.0
182,23158543.50323362,12338265.317741472,1952836404.4720464,80080352.40137142,0.6553688711511616,3548.6991296967303,3.9340851691005603,0.08926734888082244,6.3965752238181395,0.2940976640257876,0.0
183,26146.07503409799,4500.290414170686,3181751.214593918,104471.96722259773,0.7581028436550585,3705.8245147862863,4.218115820728666,0.10317434631562214,7.560393734870187,0.38584343190053855,0.0
184,34465.65668616536,22434.631543800446,3138663.8418150404,98517.69134536489,0.6867969479981022,3435.2278768135843,2.417399785745382,0.13956678042366297,9.793464450608857,0.2502660062967874,0.0
185,669598.3582956304,53735.83956872998,149067239.87538075,3950176.6263749986,0.4003470103305279,3235.5906741288427,4.103269451355136,2.1845732904578035,43.68861124328209,0.24378381850764566,0.0
186,19527.110954169413,2668.02880651967,2917639.1854797737,87990.64012830425,0.7286379040299951,4195.56791370164,2.079182355669887,0.1826525538514548,12.52161760930049,0.4383694801835108,0.0
187,218949.77983293316,121642.74980799435,5963113.677699061,456390.88542214537,0.6640804232643333,3649.143661172201,2.316087251692111,0.14025906674306876,9.92599699338717,0.22282314520748298,0.0
188,17574.662244177784,1819.827397226165,4667009.365352859,101872.42982701908,0.583763986232114,3646.345918800942,2.113801374760803,0.04923810332788801,3.5979498277373425,0.23807094602368947,0.0
189,7462.179907541247,4965.8445588639925,1164139.8533503774,24442.372440991243,0.7346413446613023,3946.2337451843327,1.0379101400306037,0.14351566598351972,10.234712896769667,0.6301363360023905,0.0
190,8014445.30286034,811803.7741394183,915248343.8354639,38254354.07372401,0.7122977541681805,3253.0856644838445,18.94221983569444,0.8155192972642611,20.91235937699493,0.16718952369835807,0.0
191,38877559.1381633,3632083.7358800173,5965947177.73804,203302827.3416689,0.6720578966678934,3864.6607569710172,4.895930076050526,0.22658112383426693,15.257299056705216,0.16834798989943245,0.0
192,1109225.6423764818,262840.65915840527,26984120.995321084,2985605.374210268,0.688966240768662,3265.8950201407333,10.088912184595323,0.07096312490630474,5.122285466088864,0.11007918227573862,0.0
193,10990553.131292362,859238.5053790271,2177188832.4974923,63038779.45920559,0.5238774119312255,2925.81268497001,38.24137570641996,1.5094638586632043,33.12944841270847,0.21611256264047063,0.0
194,1700.4141625614043,248.557910039127,533241.4405826586,9814.68441511972,0.08171763452064237,3965.6099602300806,0.6627218644491513,5.479944804311135,91.53642565675742,0.09156657501932323,0.0
195,19669425.384138457,7863122.241991067,620233868.8060906,50253600.0720924,0.7376294120257587,3180.6265427184753,29.354974222160617,0.1510419621797631,10.784076221203364,0.31992524223400565,0.0
196,16107434.371978486,1838341.3871802106,1411747483.9233344,70614560.3883444,0.7016699031949967,3506.366119185098,5.0645918783017425,0.13766171642999242,9.721303498813004,0.09079972759869503,0.0
197,18878893.342886932,4192209.0016842433,1961161838.658004,78972052.91515496,0.12003826560166538,3840.2866343776304,12.057299112184612,5.495397942139927,92.72850047938604,0.26084229467105713,0.0
198,23124453.75027113,4621847.1650589015,2016848568.6494465,92283500.44871321,0.702113731032718,3762.503547825897,4.774617012235625,0.1222635180293227,8.680767430874223,0.30607777183389206,0.0
199,5862417.716473336,695579.575670961,774604723.2885344,28095409.435652036,0.6364492279626713,3713.5357937539593,4.699783514441721,0.14606792232675653,9.984933557024046,0.24431133526412552,0.0
200,59933269.081562355,17467851.66369098,2325754317.787982,185021233.13748485,0.6446097481507392,3596.3229597852032,4.623106026904504,0.08529964181442713,5.352719907052936,0.10399847240040434,0.0
201,5215352.719827184,1279627.6111420395,130053528.44865556,14311923.640853012,0.687920698326555,3545.946531812484,5.490299463396227,0.14356190443288258,10.109456247329785,0.054076370119807905,0.0
202,3359.2687774956858,846.4038627771322,948818.7757772611,16517.10323333376,0.6645037844881706,3654.0157325017303,0.8983662118310984,0.1847123958314169,12.559484789641079,0.27285597873742484,0.0
203,14155674.804431478,775997.7405887872,5278484808.098829,100918916.30962576,0.5216308783748478,3226.8950133462727,43.875393426793195,1.5208453658327274,33.60092608467798,0.4111257651509777,0.0
204,16554466.349523827,1119155.3722149737,4502780850.072164,104943321.27205837,0.5435427729260978,3939.9503304977407,14.92734513050039,1.4900040274881505,31.63951016178707,0.39181575037791727,0.0
205,17299537.37820819,2708611.087788745,2507007557.8834767,79007102.50890867,0.738277723297336,3130.018216026634,38.55529024561768,0.10228271136594805,7.182859306005886,0.05226991260958663,0.0
206,1477.0864117228186,110.27612641324535,610367.6025647076,10172.136284915814,0.4339481429768607,3785.145329692218,0.6385248446665147,1.6720739656667505,43.15802049111596,0.22781925922104213,0.0
207,14764766.05209591,1566711.3758221618,1897745718.7275028,72607749.49465631,0.708413021075664,3300.333614954776,75.24026045140559,0.11578563505610884,8.446479908658935,0.16779951887801747,0.0
208,4820.482948171146,1433.9096306964525,1216552.115772841,23951.255637554877,0.6544162938715371,3572.4045051753683,1.3520520006881527,0.05535907720938384,4.142892128657655,0.10663353542106341,0.0
209,18441657.992158726,6148055.745765278,171430317.17621467,38384957.00325422,0.6818586654215028,3757.8890952359793,6.562400214910362,0.7946509931522657,19.178779050223582,0.1173368750890246,0.0
210,216433266.57627702,30274522.283964135,26018900129.907448,993632411.7499253,0.7476080391666228,3774.758644922639,10.234852215302606,0.13699402839783073,10.04416706118897,0.22987555105880528,0.0
211,189109.5554333369,20184.182524407348,33655906.89576282,983223.2691481297,0.6968798474616084,3967.7213157656497,2.0224647997621457,0.08327184241593369,5.268726447585529,0.2070589270769745,0.0
212,21082.880956347974,6570.375441645281,2701074.715835805,81691.7217270937,0.7109545995593098,3764.0046408845283,1.3358355530313442,0.15376079018320787,11.22365492219684,0.24414982917913947,0.0
213,52202.67716589085,18175.771121870737,5123432.380957389,175880.70569462175,0.7284334354169694,3673.864445077234,5.061322602359623,0.07913515686349956,5.492338814175275,0.11127303748710476,0.0
214,10576.730867022485,962.6955005291805,2542567.9326585466,60904.89022907291,0.33610944111171437,3779.535188803696,0.810198544180483,2.207257610922271,44.803939038029384,0.36047660358151956,0.0
215,41870296.729415625,5848613.369224682,4142733003.130786,181989257.06035584,0.697844923733291,3799.560449747726,11.501518787939125,0.21289231261823421,15.280647285644443,0.1461672920279416,0.0
216,51117238.42717089,9606894.148735156,6672753593.964224,230965692.5683546,0.5803700429934903,3697.7619036967894,7.920165014143823,0.1431146881222433,9.995491889224827,0.20996101476913595,0.0
217,515217585.53845966,172695865.2498358,8920891685.722012,1182214240.759732,0.7217242972277501,2552.6667532630345,138.79040965523888,0.036570014522304725,2.839758249659579,0.18653993363650379,0.0
218,41977654.06060432,10416115.485295694,853274871.3568461,108163824.00542526,0.6796188718736593,3555.857936615555,13.761245893175762,0.08040648840706961,5.7899989192896655,0.19495063458694054,0.0
219,71941208.59880869,36196880.22714015,1874321730.3611896,157238388.1903502,0.7091473783122667,3602.903777076519,17.731662619475628,0.13750522123870548,9.742590706975959,0.23176288394839148,0.0
220,235985148.29582658,21356331.305065963,29780195047.918274,1176302621.38151,0.5553465751678568,3520.1912049772272,1060.7744724472404,1.547311225240875,35.97845338641029,0.1369253036754281,0.0
221,127511633.21078292,13479772.908888977,14934012906.734085,610758139.513742,0.7204450832299253,4040.412034715417,147.5801446420031,0.10585124767019875,7.888613759237226,0.09829485825323357,0.0
222,45916.2074961055,8520.150571739377,5655116.693847324,187097.71662753331,0.6952371121895263,3639.104746577156,2.129833567005431,0.12327101360431776,8.164979961726143,0.4894438451068338,0.0
223,24788491.506231792,8503437.187059907,627686176.7545909,61331270.17121048,0.5180307763901506,3346.7895881829577,21.381550924844586,1.4891554716802085,31.514104004074547,0.10425208100312848,0.0
224,30465237.14711211,10625091.147913083,856724036.5589515,77904567.01372424,0.7207517849242133,3305.3261574558396,19.213090287547317,0.20893615354298944,14.742866845974806,0.12434601295866776,0.0
225,912578.5188982307,81694.80673100447,127881743.4431752,4678979.111166105,0.3564653136955397,3449.375267907675,3.8399532602697115,2.267910259043737,49.54324119103402,0.13855087800252122,0.0
226,75821992.54430237,13581281.641349858,8752186664.567205,332549822.83617747,0.7157810705190368,4133.882979653206,4.568453804974749,0.14482901601261355,10.188069204929468,0.31828492889034843,0.0
227,8509.172603133218,1300.3012179345642,2273895.4563420517,45820.064272338896,0.6361556311813191,3725.504286027876,1.2816861999186802,0.08254208900187114,5.8654420782833325,0.4051760029824747,0.0
228,75460.77542777802,41454.347659237406,6851353.231706059,238338.30515758507,0.7836053168742682,3510.771826825974,2.5249329591954726,0.14877926817397666,10.695940686141315,0.19995021874745575,0.0
229,911618.7818134062,154286.39387066424,44348067.72641235,3183174.942035344,0.652848948720419,3748.1079318184375,3.123136592448699,0.11922946328987978,8.776908078323078,0.0592718759468127,0.0
230,26229220.110364128,4639812.055858066,1532824733.0271375,94265601.9885859,0.7042467196615044,3255.233288440455,35.242398949088916,0.04419696304162626,3.24924279820396,0.19727348472505832,0.0
231,5718.915863502371,1052.4181626212703,1515274.0438393739,30019.13548147426,0.6383421350216079,3521.5473658734386,0.8321100427452413,0.008472400819299519,0.6611053172405207,0.3696210367712807,0.0
232,1708.0855507853285,231.9395742557072,852504.9147524443,12181.760465276511,0.6550120267949113,3735.550892829318,0.38102222226748245,0.06697701332385968,4.772851455660479,0.2843053781678367,0.0
233,27476.99169884854,5491.044914582315,2516529.332220143,99954.41320259648,0.625006048185804,3962.638071176012,1.9491634771721782,0.8679245414470411,24.069826257533045,0.5663615122651884,0.0
234,700012.2897546311,78126.61683358716,76490829.44198512,3191710.7583274385,0.7313618050057903,2947.5894161868173,13.607199293663395,0.17571637499358897,12.54798909750584,0.19226359444274277,0.0
235,10973046.561773786,1318599.9648015427,1240349430.3304672,50726883.617287256,0.701058889329559,3440.395430030833,51.58075210248106,0.8620092077435256,23.624632463255814,0.16737752512126583,0.0
236,1249108.496317097,78784.39459209239,465363291.4956648,8733492.055388149,0.4151201865550046,3944.358782131229,1.8815889475844731,2.6475334109269477,40.23198308692462,0.4039142587393099,0.0
237,5709756.056534793,964338.1485972839,383359501.7665194,21204396.608500462,0.6937313302424906,3816.6295633353466,5.344457308117966,0.17614521055362936,12.43797315474512,0.23618958813860433,0.0
238,2317233.1707627093,335061.01039194776,155784162.90716833,9109433.122062732,0.7255556154948136,3341.9248119740228,9.44639698115637,0.07858650791032744,5.808542497490019,0.04203791131696674,0.0
239,1258219.6691727412,90735.6389843238,343915635.387732,7882855.312582022,0.7385630356469868,3885.9590266774376,5.184689283022632,0.1363348594037274,9.825657519547265,0.33344834473304374,0.0
240,14136.341922157735,1957.5694678382479,4006538.8071113117,80510.41815539524,0.680067456906553,3498.211312837324,1.542923462692761,0.15516308127299477,10.822738088055948,0.36371394469872514,0.0
241,129664535.85106823,61390045.82211119,2125967201.1469574,258887263.0633127,0.6112435944202028,3683.075391016214,3.475485591945675,0.09595563928971833,6.7900210867470205,0.1611619095857492,0.0
242,1571918.6921286026,637477.290207599,12908821.984628364,2911239.242445593,0.8094444041369571,3232.278571403822,10.980466499455797,0.0740054984581798,5.443717401454682,0.2747655147597168,0.0
243,81592382.63702613,10617469.890115255,8652167101.79931,360487964.90995705,0.6480115328713907,2975.462867100335,149.98133694797164,0.1504693405751322,10.327425313989629,0.19499130877046755,0.0
244,721263606.4560207,221753937.5896154,12309276157.063465,1695491040.6964014,0.7275768964151634,1927.3080988399233,8.16615744498304,0.08004287156106038,5.715630808249879,0.033223746103393445,0.0
245,460403.9498607372,48938.55908929926,70940819.60781877,2357396.670113764,0.6719130350019096,3687.97568089812,5.091553894104718,0.155353782021923,11.08753038126798,0.23994867580938628,0.0
246,106419046.36288539,101993785.94668823,523138157.5221127,130700475.40536642,0.63566711129684,2772.9442690318015,4.830324823990854,0.11388944639488505,7.641548742515947,0.41869583420840334,0.0
247,32462898.422899593,2407500.3130789017,6343976159.613073,187527570.14469987,0.6334981144242244,3689.1773115289097,14.587407843939445,0.03209308161511339,2.3733507936132368,0.22676335968393263,0.0
248,324461.6526484472,89060.9422024922,23410241.149826083,1106470.0969691514,0.6906671441220371,3317.3118780795785,5.4795885719257695,0.06797125180054167,4.923094621182348,0.146349822195382,0.0
249,15381.436165673897,11297.920338863636,1190087.330362546,38753.1597356025,0.2344976741834411,3499.7151122662403,2.393915800785568,4.2374069625072455,78.03989347390258,0.20974514421888454,0.0
250,379025131.7032411,98943826.6585953,23165948566.02152,1266317047.094527,0.679704941882308,3322.2904351072093,36.05211395588475,0.1225405401053731,8.724786139739267,0.12758376751155717,0.0
251,1013333.5902976651,232036.75626837378,39338387.683014184,3188318.0066840807,0.44608137578919405,3804.76493428259,2.4338733378461557,1.4427917643572008,28.37497554437693,0.12939290805143777,0.0
252,6660.112258380043,849.143720229802,1608998.7141957912,34548.77631695708,0.7021297392587323,3944.17746029883,1.163531504808259,0.06626061581257403,4.378987693441951,0.4336190163009924,0.0
253,9709458.491942428,1408166.3756763048,899375127.1051133,40194521.80744058,0.5849939398174483,3646.9254629080824,2.2030309233610446,0.16431576280181268,10.676352707637815,0.4226996899614827,0.0
254,17553207.682864387,2484589.604716894,1356184786.8397226,71799642.16369873,0.7806048084719382,3040.8116503958563,129.22311975911614,0.11870735204486689,8.527978011351466,0.06994887426441355,0.0
255,60060.68529734485,46529.52597112696,2208587.680563764,123463.49875793888,0.6694811454370491,3531.818214472679,2.3054490485964494,0.20744303922688784,14.155020358617545,0.416481433980452,0.0
256,2430939.717570997,259764.35604734198,432805996.21125317,12812334.972148882,0.649873808625687,4043.1000699253627,7.606047239748527,0.19710473955838478,13.954246399106847,0.14913762046441276,0.0
257,25062.162061447703,4671.632345110784,3570494.2029121295,105383.75594804222,0.7256522786073489,3762.7656270811285,1.992094653373699,0.07802704710989179,5.631151987855594,0.31163952879123236,0.0
258,27298564.298036773,3791398.8426084137,5038217889.068605,138202020.81248632,0.735935913897078,3477.2234090653183,111.52554600043861,0.17210492076174075,12.531412864739316,0.34049731702945774,0.0
259,136935434.42311165,10787049.696008103,23324017765.578754,753898100.5439299,0.719489932090678,3287.5782211045644,1339.5622249546716,0.12535985464470337,9.189144438587565,0.12127996238910127,0.0
260,77375382.55175896,15689787.92198218,2789827403.6948724,236217686.94986424,0.6825799938174679,4005.3093990978414,43.84597523128183,0.0917025974400155,6.817303701585888,0.20835104143323666,0.0
261,10357189.693672335,1446150.2514141938,917682489.9335066,43238618.32170161,0.7367984320106957,3235.6325388262126,64.86988781318942,0.1848926090358069,12.630916977354833,0.3027666082521513,0.0
262,8433.029484724879,2070.8338893757887,1742233.7119671782,38892.06875670598,0.6629024587898764,3493.751528886904,1.7151062692674113,0.10301250312893809,7.225087180826796,0.38513120215554714,0.0
263,1788964.1360774115,307537.569145969,104215491.28051761,6294209.053521125,0.6995924667451687,3687.2480142605177,17.081121636358105,0.8074740578256849,20.128122451564526,0.3270529826338021,0.0
264,122977.0818186838,50420.962190297396,8117798.827704474,374741.3388979313,0.615446660979568,3590.7594312565816,1.3265817798351556,0.11984927445999745,7.704693775403479,0.2535758653482607,0.0
265,109467.76628008446,10245.59321554546,23001643.926131666,611247.4447548056,0.6512395626793694,4091.1872842707667,1.993098275040196,0.07038050422180504,4.779333677779951,0.10534416365144662,0.0
266,7071.176096357255,2084.081196928888,1637165.3574535537,33122.09588221001,0.6628414863904919,3374.830388405695,1.9171295740278864,0.024378988650812162,1.869442219061412,0.3101019697933011,0.0
267,172721429.16006663,29721779.41498224,15276466871.86703,681402719.1756372,0.685117272817964,4044.723997840133,4.924356315796916,0.15050024904160447,10.240045169772962,0.10684843497326284,0.0
268,6210343.514224271,1807265.8465112261,207169769.52037656,17428960.74313689,0.7217728592982049,4077.302934113834,2.9614412482595016,0.13984867256223038,9.360597401046594,0.20787202287137752,0.0
269,6525966.146447284,1910608.1176175592,106160254.74188669,15800213.844266409,0.732055237507746,3560.2691035047433,6.6723414460901935,0.14632375740958228,10.511013651333688,0.07014248489078713,0.0
270,48573583.53834865,22754438.308536515,1224606606.1251402,115667628.28314547,0.6486353112942769,3619.147790438222,6.224292557076733,0.08481636320819082,6.121310167677379,0.375763064951754,0.0
271,7597.69833679384,999.8029261679163,2163735.0338913677,42547.96477029801,0.6866806202338542,3889.7180561194255,1.0241803267400604,0.15903633713653065,11.112267618322296,0.1898581484442963,0.0
272,4027624.4958259286,509492.6147799424,493165812.3137474,18507395.85726565,0.6211116269988485,3304.8824950281396,42.83887176117301,1.5051943274761548,32.99982552626534,0.18954760767034648,0.0
273,7831335.280815564,2309771.0126746427,133609681.94965947,18958459.292124137,0.734192312781037,3534.4568002057977,9.807039089449763,0.11851377956412686,8.217539461386902,0.2780544286216141,0.0
274,9409869.961216878,747205.9510386423,1643997337.0130718,52017424.47418205,0.49704716583047476,3616.4952595607406,86.27612045501395,1.475540638307606,30.622210029749972,0.18830723213535264,0.0
275,3460616.781252367,627102.3893968009,303726360.005684,13638993.229300434,0.661272735273813,3530.9639552113867,6.272098641049776,0.1773523664747696,12.492304615013333,0.11285619941307248,0.0
276,113561.45754454544,75060.89053471688,5607288.075519424,264900.0304905228,0.6036337746521256,3409.096913889266,1.805961570098415,0.7613874986408073,16.941513332665117,0.3473979852649762,0.0
277,5173077.862310644,494525.8071681295,583950336.2982674,24804505.60668652,0.5121793510447412,4076.361070029382,37.895129929590304,2.1035187318271724,38.64765257324866,0.11584206056357635,0.0
278,8933434.90934113,2232866.6900059627,252820537.15033406,25106060.641888253,0.7087997897481703,3205.529822168047,6.82131168888524,0.07103369141538005,5.281343996229961,0.19036070825056614,0.0
279,2932.6249607299333,331.9448357360522,1254523.8854363025,19421.721968448455,0.7272530129586302,3813.614079050292,0.783663320763039,0.09785740749945067,6.711757181454628,0.41617601315735114,0.0
280,57127879.97863432,6470527.754694359,9355997793.18406,291594765.5042543,0.6298699240244952,3699.877223135243,5.052487451377461,0.14064542511603895,10.004277693567744,0.13830742261757448,0.0
281,14490163.848687375,1359151.7866019977,2058037497.3131816,74181752.319701,0.7361790495624231,3899.508055401533,93.2387394664362,0.16132403561356554,12.154489958982706,0.22901096957478304,0.0
282,113719656.19377276,24313318.74370603,6203892753.718286,393046575.56795007,0.6918989645920413,4074.78791792125,5.612721131434297,0.07343308709788614,5.397452915403416,0.1201441438489545,0.0
283,9138988.374330066,2083718.4822428836,233747186.0499695,25223182.28561184,0.5517104132663107,4332.33039659281,1.8738121451275787,1.5674094128526246,35.35766609392105,0.1268625466065206,0.0
284,9814841.237483542,2273176.1382731427,208234542.42439276,26577979.887483943,0.5974683544864982,2548.0577393739077,56.84612502262824,1.5171140092143174,33.83860370730601,0.18092585564782726,0.0
285,61720.894011386496,16365.953591749112,3227900.8500797125,180986.7361592879,0.6836647340585272,3674.7005956321045,1.711486343407128,0.057341101120537544,4.2043716662134685,0.20467731766008204,0.0
286,2698417.524577264,370557.4593218319,240621433.5455936,11440702.935863113,0.7036634742930952,4309.649984758558,2.2540367910779744,0.17321754958572422,12.30395782536432,0.11634738253743865,0.0
287,14563766.908621948,1516996.8242835326,2385632267.6879144,76416392.82761449,0.6659399865546208,3562.784131037468,38.775573967622364,0.8795838997419295,25.149762620686637,0.20591681290013383,0.0
288,4699673.306311359,594375.0052829164,382047385.2629288,19857244.54014035,0.7202461454822798,3392.1249814364123,14.033136791068637,0.802447540498014,19.979727328614775,0.25170097326660174,0.0
289,501100.8190645307,36976.52569101745,153616040.46459052,3237634.0365935005,0.5326658175184498,3609.096104737344,2.4274708467110693,1.5075936589703636,33.04592292634307,0.36657642873987034,0.0
290,8291350.376145475,535142.2587126498,2508256196.7479887,54870277.21653795,0.5263982327452211,3455.8220735213554,9.053331009014553,1.514702234325232,33.40829129305679,0.31491940578149585,0.0
291,29220081577.41452,8147359554.30936,1163670021361.6309,87162380101.942,0.7390067732272104,1341.5056743168552,330.89487269731484,0.19981038041461474,13.668138005176525,0.14424343030543438,0.0
292,18281868.468665034,6192200.697627528,983432251.2301085,60937905.685669854,0.7019711202100366,3270.444145428404,12.176821891684941,0.12299332378519648,8.438956322319958,0.1280134161726054,0.0
293,31310.924143482087,7919.322588798668,3567858.736879418,117205.30050501463,0.6367960212662351,3735.542599511386,1.0455691856003315,0.07502525303396483,5.012340202059152,0.18127977079046442,0.0
294,30807.884980378225,25346.86472175411,2062410.2964531318,69492.77411040911,0.6755149750982021,3710.4825125605903,1.7203831925715891,0.7402258568631233,15.363169713880378,0.2935984794712508,0.0
295,7619.6533707182225,890.6537415946707,2097771.6131179305,42619.56663298656,0.6586208578857164,3792.540016618229,1.1678051506067173,0.7174392606997129,14.070737794329428,0.3504149881136892,0.0
296,284930.5178367507,60206.08976064671,17058028.507188402,979401.9973980824,0.08576479530076524,4200.092743372882,2.7973343806867637,5.495936072816436,92.742273428134,0.22585611567054031,0.0
297,12666640.841802008,935127.1855150271,2499895921.471022,72950709.91629384,0.7242073221195952,3806.8125644537204,8.569018153013802,0.04345663242728648,2.9216753069826735,0.21748320520555703,0.0
298,4280.69934652848,1048.805298572695,1271781.6788122866,23134.192021654064,0.689695814907604,3949.8852835588445,0.8581589784845519,0.09800168804936762,7.164071564488486,0.43548797921085997,0.0
299,931727.588438411,69244.479752974,168830342.39271787,5271504.051556405,0.1789987404121088,3254.715401361861,2.569046426319611,2.1852962671427343,43.23488915309122,0.18086336949040502,0.0
300,525096.7162443082,166961.82490525214,41454170.522323206,1872551.9998118985,0.6494999806953953,4146.283597507179,3.033535890744157,0.13290009879708,8.996175927699856,0.24840134555653365,0.0
301,227023.76164337894,19898.605715473364,56630288.59261812,1323063.2051851877,0.6213537738714663,3470.64280446813,1.201885235302019,0.04583055129593507,3.0388857998169754,0.4083351124272906,0.0
302,1170546.0145517008,238916.2988985627,33423450.486196585,3411216.2648382136,0.6480907235741544,3358.2837348876465,2.441421999314365,0.10469637313451807,6.9547607860254015,0.10408574839173579,0.0
303,641179.3208504503,57595.41116150217,84595821.42871629,3209211.0198117113,0.47796548393463256,3875.9088164221976,5.890231688939258,1.5381796389023188,34.59610812794946,0.2697771742786245,0.0
304,15033706.27928335,1616629.6040691878,2702962320.6340857,80226399.38119291,0.7735155258171738,3530.6869435794756,106.07380888363586,0.09454927630613197,6.909135272708957,0.08142709142706357,0.0
305,8252.369035285566,1309.0565894514561,2448988.448089509,48703.7325088542,0.6142579940662304,3471.383905859804,1.1613614630061468,0.056422895982506736,4.100980291738762,0.24336919926837883,0.0
306,2933.807279328721,1038.5481630999323,652212.8646186006,13059.754306162158,0.5003654374367645,3591.2167987878247,1.0782715651093817,1.7144726625961142,45.43602353512712,0.367161658669169,0.0
307,14987.592683492578,4356.507758681813,1663498.539348301,54039.6764354997,0.6204652533702003,3750.15851298143,1.5881251768851585,0.9009158494942267,26.131732986853287,0.5381188700993086,0.0
308,2038.5262686638584,255.35454151777913,876050.7148504981,13395.858436468878,0.7102210019401669,3970.9026838722416,0.6928651144681384,0.1239078693295741,8.21583832810592,0.3023388840739738,0.0
309,62334.16428975428,34158.346271381255,4552112.568601837,190137.88922302006,0.7061196993107133,3950.4216326144106,1.534001571321923,0.1518831276221606,10.237883125178335,0.4830282788068705,0.0
310,15653218.273301804,4340884.401205356,525599766.1359803,45998198.697667286,0.6755592117367692,3881.6375176044417,3.657809795575721,0.11493217880988063,7.99994437738958,0.14647795019880286,0.0
311,16136.833145060747,8946.904088340514,602777.7204520728,29753.32949105748,0.18963958012768548,3754.7715704774973,1.734461253526066,4.136961912349112,70.88028878898315,0.4142832472413477,0.0
312,584984216.3840395,66589606.757050335,84146623910.17229,2853489767.3521633,0.5449703631362952,3608.575881050742,4.1867640206560255,0.0683726977534203,4.93685992325256,0.25081623410608705,0.0
313,3607239.763153835,547298.9460335099,167534560.51560444,12775239.223949548,0.7508800406840178,3421.4117253457334,8.554172967421243,0.05266521354824612,3.848806732177151,0.17066107571163827,0.0
314,31458.301812246173,4672.724493942645,4891834.896700742,148213.66580461094,0.6432413255158966,4299.248746250672,1.7712548536746293,0.19888244947488093,14.610314829271243,0.3068722111937252,0.0
315,7540532.385087465,744164.6639864591,901659962.8413178,36582009.80418158,0.8184287286475529,2894.230297945977,45.653219950469165,0.06432041536839037,4.69598514991335,0.06431596475684144,0.0
316,3401.9741811381923,616.0811160129085,1275445.6025079254,21023.300674695056,0.7297319646994967,4029.130318748391,0.7537640616166402,0.20479907066865213,14.772126288648366,0.3182708810898167,0.0
317,586597.0034210591,35789.72924517753,213924415.5627182,4083881.365706253,0.46636057490145,3690.0758075446256,1.4951787523362314,1.5300642649042993,34.29710009965241,0.4179991412278836,0.0
318,15168485.584165338,983521.5950260574,5386899028.696976,105301666.83088782,0.5129534681559973,4009.2390234277564,94.994511448507,1.5654206305646565,36.371322505405736,0.43299921822827325,0.0
319,38838730.56160507,6438111.430861803,4449423021.019481,166437961.83646744,0.7693092400975808,3428.1572486929254,30.176596868243863,0.10474803504311528,7.818411899357523,0.059752391778942815,0.0
320,4481.267450374954,705.1073993061242,1775659.2852911432,29472.038084717136,0.7061038485618589,4007.5410334580242,0.6946089292426729,0.12026460368441123,8.287458024131242,0.2812918201853197,0.0
321,1054500459.230455,324563831.0270711,33948706611.767143,2824830650.666808,0.6913975212229725,1683.4352914249844,72.68943663912748,0.7077128423316423,13.700333952520548,0.09403187869647735,0.0
322,6111.728412868954,1015.1506628866879,1565105.3320767754,32547.08733470164,0.63428474721903,3570.5433244503065,0.7236590074861192,0.03028181905894307,2.0640692815041746,0.4299341319303418,0.0
323,19601099.274488233,1442309.162156967,3827716317.8914957,113147349.7694366,0.3854499500757408,3627.994408939425,6.415025913702372,2.787919172084686,49.42441483041207,0.13789894098925015,0.0
324,852334.2826273149,71041.57208749368,205582750.90106177,5087796.537241004,0.5214286914313846,3597.893593166179,11.090528729814427,1.4763272166191317,30.299514393129993,0.21342148002245753,0.0
325,25625397.15199009,7284945.4359584395,1516563417.6118665,82610659.89198633,0.6775773547181562,3561.397189400694,4.25747963060058,0.12003995561159835,8.620178156664819,0.2849040991162153,0.0
326,9829748.681132058,868930.0823082833,1649930435.05366,52969325.93072422,0.7210856550265817,3090.157293102498,61.64032850026338,0.11921401805945368,8.71467841396189,0.18258718513012584,0.0
327,8904.52555346673,6825.731738734971,714534.6915017075,20634.028294490487,0.07862936568773843,3807.361758766323,1.2217862789310199,5.477732891924035,91.42126212836051,0.5424720918729161,0.0
328,184771.96158969207,21930.626841283487,19084132.803176038,822072.2920346408,0.7939982600066331,3626.1129586499046,2.1520552353449465,0.07427835502762506,5.064048837617136,0.2915048923436248,0.0
329,6183.218003791697,999.5958578013236,1593031.4532019496,32576.99046671345,0.6882459869719956,3901.1936442763767,1.0703853699575088,0.12534693322422052,8.417532923400884,0.3054802142444336,0.0
330,5867230.375763534,1194345.9791523668,319183673.5976172,20324201.232803773,0.5669044445319003,3859.512789490206,2.5267406886868846,0.10653194594154156,7.4843220333640925,0.08115512968568998,0.0
331,1030.8033153227436,67.57865104205946,603866.3085960525,8108.089053214835,0.39382951626521423,3866.195023595125,0.5225692120616809,1.6011153528874633,39.1096235400301,0.3159013358748919,0.0
332,119879627.84389436,19592851.96423957,13000496599.394857,509351016.80923164,0.6849002147109398,4050.6509134146445,27.061255953108372,0.13816446213003292,9.155948277810129,0.26902521922384864,0.0
333,28161721.172903664,9870788.4791134,1379854682.029133,83050472.43921907,0.6402281824725284,4154.096021118675,4.250703867800322,0.17645371790896477,11.759847591564883,0.15347171706725704,0.0
334,4639455.43535176,396356.5729685722,727891513.0385605,24699735.49001179,0.31569014679966234,3596.438404379301,2.9032583071506357,3.4791817941939,61.31628424257557,0.17496470940162054,0.0
335,1209888048.0172908,286109061.91117895,55372558514.53027,3732362053.8188653,0.6714147342260359,2080.197086106631,12.55428429723806,0.03210093748706662,2.1731711111437364,0.1816619188801767,0.0
336,15833.50640861493,2317.769252462161,4307824.692245232,89078.66872056291,0.6719613714822035,3640.7129625950683,1.4466509544896726,0.10808180620525976,7.350155297037266,0.235372611823491,0.0
337,15463662.530662078,1120867.830273456,3498594233.8302474,92614989.6970791,0.5017273471304614,3709.739298284351,58.23645727329795,1.5811640128134818,37.33394198254217,0.26337266081097377,0.0
338,40381.35153015863,5491.821270240517,7182950.430648891,205415.6153125943,0.7186772526616073,3937.5167233314855,2.61908845220306,0.11050897332066292,8.142917642314673,0.30554352372737326,0.0
339,53139.32577407785,14591.957003960162,6842495.713991726,220430.8468403543,0.6024106741403681,3692.592025181929,1.5126355591909468,0.07253605686034179,4.941526954878062,0.5132546302991833,0.0
340,30145258.296335083,6856644.269916159,1127558128.2513723,94057165.71279748,0.6383523203126336,3701.36517923472,4.2267143508970095,0.1516002488311253,10.70795811452921,0.07969803075222173,0.0
341,12816752.435614945,1301186.8250054694,2309637087.6866727,67877117.62573995,0.676747424086759,4077.3796234591887,72.97622888117519,0.18639049240204414,12.645402125875895,0.15679868203072353,0.0
342,15271392.944191566,2351114.2516863234,1245154068.2802854,62231385.75731585,0.6074052032199532,3706.5436554222442,3.9233395816262,0.18226284451090002,12.090018212899638,0.35112592900109274,0.0
343,27486976.569284596,3454296.386714203,1801049639.6437447,110045593.00913131,0.7224667386511113,3711.2937965454103,7.208527553637751,0.14261827327829568,10.102616459292836,0.2267946147729422,0.0
344,8310477.727648765,2657585.6392962285,237287324.8219401,22077444.9612001,0.7631584469585401,3344.709609271772,45.76655154128248,0.12671672713608303,9.46683878953811,0.033046603159515,0.0
345,8200.042445539157,2035.6903206239222,1358613.397841453,34288.347398131285,0.6420077234089689,3392.4965670070296,0.9238648023309343,0.06722822290280259,4.763092015706152,0.3563140776943014,0.0
346,8935.679248047512,927.9121473638832,2516528.899217627,52324.264339076675,0.6216674237188304,3601.1019579764034,0.6512248609706917,0.06762321918005254,4.828244709025111,0.3512381864801571,0.0
347,22053835.9501378,3314748.1848136373,1070862918.2838752,79178998.6742314,0.6885957553232036,3438.544865872116,55.55653632901437,0.15797679177144647,11.363896347590755,0.06717904509793207,0.0
348,8487283.676532054,2468700.407167614,138829550.15779775,20614406.02119205,0.6523250173416933,4060.593749637322,4.10722069911583,0.23858167679135206,15.348173625674821,0.06275395731191624,0.0
349,1668513.311939265,108247.99620257333,446182117.2796124,10615214.691546608,0.45496516904324064,3607.0886464062787,2.0658522094692136,1.5248663038577104,33.56543368995718,0.2727729478266371,0.0
350,631122949.4016304,192332628.99206287,17032009858.885906,1582158009.9540558,0.7232106459069662,2159.5994402201395,11.226829502125373,0.09748639883491812,7.383275113799387,0.2135974700222494,0.0
351,381496140.40254056,155750113.43541902,2289493594.0829554,693223938.2802229,0.395459768545056,2005.051381642817,7.541795666488444,1.507683604574968,32.824585989106865,0.15212223482004447,0.0
352,18128.818446595265,5147.66748839673,2088033.6149939871,63895.69410143308,0.7305391461117905,3505.918249141787,2.3804139301728404,0.19138313468358642,14.090021348051426,0.1134627722356943,0.0
353,8108238.245933625,843086.0634137644,771889347.7118486,36806187.802373484,0.49950209079357705,3739.8661429503272,11.078645851931158,1.5521641315050108,35.92492543281695,0.15356891343443715,0.0
354,3328779.4340324714,455370.27417848696,319665196.576144,14266402.560313648,0.618064815676399,4290.591244418138,3.154304572111522,0.0825215641052897,5.9028074085968685,0.19132678060614952,0.0
355,18301275.43065111,1732495.5094195679,3177158278.753268,97317745.22964498,0.787356019882335,3583.274985745122,85.50415453317956,0.13949671119734058,10.539486541933412,0.2625113924179822,0.0
356,90896584.73205578,17829210.9054604,3830520768.048828,300620112.79916507,0.6488147629247669,3935.1756158717067,8.274349950821637,0.7727547150280775,18.007121827190787,0.23117177236657047,0.0
357,67262692.42997333,7038616.04192173,7997512328.337041,320223307.10660636,0.6805312932191695,3994.003733283961,6.598063582012862,0.14726428602632416,10.568125601687472,0.04636280861134627,0.0
358,9230060.10013375,907110.8317968631,1163902731.773309,45301068.06606938,0.6916707669170122,3766.2135143213563,8.891624467070203,0.1593350032066569,11.339220170850433,0.16774933511701817,0.0
359,71869196.32222629,10374433.69436928,8468151181.688347,330741998.4769769,0.6688720629002624,3754.742910007073,8.231049678951821,0.10685984809771246,7.691434576949679,0.17551211334907352,0.0
360,169118.78201517626,58992.79344654718,20044993.932711355,674326.2311906526,0.6676213098920283,4112.276124896485,4.693037438884026,0.09720334873974013,6.512475780183559,0.1547002486395112,0.0
361,12961909.99309329,3154480.9298686245,645664791.394593,42377295.55119781,0.7105941150730157,3439.999408330605,4.331322856803012,0.10688895270824066,7.734902481267126,0.06427464839915197,0.0
362,14815.322294385685,5760.116860810222,3025588.2940058303,66371.9788411464,0.7680351971073598,3726.852074547128,1.7609652133381133,0.028176631120641903,1.812085546171113,0.1829312410535533,0.0
363,1597678.8612579317,133113.58877023557,277368551.2930834,8731789.128507787,0.5308721398960445,3437.29110209384,8.611359227841598,1.5347677742956305,34.903911444158794,0.29744576156985797,0.0
364,21579962.56288233,3021012.6511262814,3913031899.158122,108520062.06415308,0.7666619017494597,3051.289295581285,205.66626605440118,0.1185922812686587,8.749472473738695,0.3167263817014964,0.0
365,25832874.16740545,4360779.770646946,1438508793.8675826,94120994.52817893,0.6495737872926636,3765.7926290588666,5.104743205497451,0.09693772367000415,6.739569191547522,0.14358430730810093,0.0
366,1042812.8633273505,109306.92633957097,134591051.86647093,5024925.646335496,0.7245223380718919,3980.643196965866,13.082162588312611,0.10609257096517855,7.272928360949585,0.19690053705274163,0.0
367,11043980.496449653,1012649.8606485941,1924217173.5508513,60425337.06653198,0.7401322890107367,3099.343581555114,66.42162089695306,0.12094127841686922,8.75908801590593,0.20012159376427385,0.0
368,1701269.4717345624,109737.38527858653,530412846.8351185,11283810.924162587,0.4682791719949371,3923.132934442373,3.4894755776424318,1.509174965944474,33.15902419402598,0.3482601980108877,0.0
369,1188.8194618821271,231.91007077945673,579090.3684936627,7961.744337954486,0.21017899331795484,3882.83180349588,0.6703220783768291,3.5122940908905944,63.65092981643632,0.3281239364460796,0.0
370,30781292.026110806,7931482.375266455,1053511438.8828102,92518429.22052759,0.6218214256430006,3726.4185867496594,1.8690485037517557,0.040646656141069215,2.9169690847156273,0.01245812997115094,0.0
371,20186799.684632428,3851373.4888644614,1303762040.1292038,75454040.34317389,0.647001107246098,3849.732586950934,5.915800832223045,0.13460288125758257,9.487050817189617,0.03337428631947508,0.0
372,19189.37912664517,7127.893645220598,2492933.127535177,71611.14644679232,0.6251163630242156,3563.869033188719,1.982628006973815,0.08312948342474913,5.819757898719905,0.32281636447582857,0.0
373,2385.3816611186107,874.4941508351455,924209.1444066719,13603.8541752891,0.6477613491813946,3838.010615892947,0.8256223283351379,0.07469208750442817,5.373381604195106,0.304852435975529,0.0
374,15051.322275648516,9092.971750518722,1954513.637417753,48093.7568341584,0.6573293497524139,3477.9719801006295,1.1284487988165544,0.07556807831281649,5.404608784612726,0.27598173551413296,0.0
375,36026.80821467575,9153.37664624957,1458695.6923569154,98662.56955340125,0.659371755183626,3641.7838202294033,0.960175304234164,0.17215109034153322,12.028777051776933,0.25976017029782916,0.0
376,16351701.896811012,1221607.842203788,4140150048.108471,101071742.29533912,0.5101007405569277,3059.9498001715524,93.96398922036713,1.5009874439476807,32.487342230398205,0.31221409094056685,0.0
377,7956946.781956474,1182034.3485446386,536586007.5180376,30508182.38980204,0.5988069673778209,4076.621305161382,2.438606063860586,0.11960732888212418,8.262859730945628,0.28194561730459194,0.0
378,71341738.17449585,9147667.072207283,8037502594.467316,320182055.1023747,0.6957196128344199,3382.2194773362917,31.71413493007914,0.13337315060672364,9.376668113461122,0.20708202991874758,0.0
379,18032476.430625476,2057541.2149523161,2489958117.2584414,86782221.90682423,0.6708460049518385,4065.8805717622918,21.95217988253624,0.09371577968661979,6.9673772371423865,0.2799305776478848,0.0
380,2620.308320809401,926.9707354815779,715539.5272228766,12799.20333327884,0.3829986184654758,3516.3473597262628,1.2721099902525268,2.1800190011198337,43.69350431431674,0.4458233988300349,0.0
381,15281617.275100391,4607795.9691089,176294885.5115346,34031479.04755787,0.5602372393997654,4052.332229973603,4.0234017979394565,0.11102373566944843,8.044574373058332,0.2626608821714239,0.0
382,2593363.6996961557,459773.6754885501,191219803.70228702,9961319.72778247,0.6381978081901958,3654.0396586399,2.6758034565043394,0.1279460154365279,8.37816220120484,0.19308805754612185,0.0
383,45238492.88410123,7214445.3414201215,3778295674.717225,181547798.16113803,0.6041835284063387,3869.899800117667,3.2974022722679384,0.08530547643975979,6.093013620989014,0.11767129160243998,0.0
384,33252882.66714806,4483617.606527771,6260214685.76418,164454410.10879683,0.7413864032259264,3317.306281930909,43.404740210360096,0.05885921613464333,4.052286301643958,0.30050314370206366,0.0
385,1290729.9658555053,310256.61968278635,29584594.50507158,3468063.48509581,0.6335810141864251,4065.308037396866,2.538311118320404,0.22340651091222014,14.382328776559893,0.13576961163634932,0.0
386,2833.4375166505356,345.7990012111835,1233310.4821599964,19181.477367803665,0.670835786926197,3772.2973756085285,0.7622398578327683,0.10643516608479456,6.836855412149211,0.18899013173860932,0.0
387,892525.984522051,201819.9802663853,47033760.79659752,2907389.637255188,0.7898544560956038,3454.210062429468,10.617746628797358,0.049476179776903884,3.681010043277803,0.19883893475360873,0.0
388,14733697.106444139,1070723.8351420062,2867561782.397271,85134702.57577421,0.6000729586106452,3891.4575741349745,14.149702477023858,0.10652060552051719,7.949012514737758,0.1276731062459502,0.0
389,55285.74927402084,12771.62803855164,8345120.61159531,252733.25558948057,0.6390885177892901,3990.03632769715,1.6723011177546123,0.19574745783625058,14.059611753306097,0.5472038607742473,0.0
390,17678773.6580761,2569703.225163655,1423290292.8773186,71422817.9709048,0.6873663577770144,3769.3210725162617,7.05448697911225,0.0985785990973361,7.105933773364695,0.1276443876215831,0.0
391,29466170.226665467,3918592.9482876225,1703037148.6326976,113318450.27718957,0.7044547939331465,3801.5231455858884,31.888970019948502,0.17941309960891488,11.922061408725105,0.09003297041580195,0.0
392,2752502.445137874,507815.8902794172,171227335.98091733,9696638.047731252,0.5970033287720323,3738.6436068660923,2.042673478123707,0.07114909349920726,4.917419960980668,0.19070828767691586,0.0
393,9969.766810228135,2760.1061913397016,1944810.7027008075,44719.87314634617,0.6862537675204029,3558.85900588427,1.7995098430750192,0.0852271107710811,6.182543236718833,0.0896359529105871,0.0
394,22017589.952395983,2074004.2548940093,2656557545.10539,107911185.51666081,0.6816994871460377,3771.6430055734363,16.95918351467051,0.8035728878537555,20.05359279233457,0.09472250721543211,0.0
395,1296518864.263658,632250743.9178711,11869427019.990208,2278774234.000403,0.2152560743115321,1306.882656830068,112.88135701261794,3.5628784841937025,67.11995102573471,0.21261709612162,0.0
396,11679852.40998188,1058213.123260126,2538110931.9214077,68442003.52777664,0.47898056241177267,3515.2022635843778,103.46097782353146,1.5047440221900221,32.99431340467878,0.2338755353044099,0.0
397,9172617.002720984,645701.0873828129,2677370905.836912,59748093.73221531,0.7004122125811946,3930.114111772168,10.43221259689183,0.15579221894480577,11.704813285437544,0.26624903135232214,0.0
398,12058269.577314874,5092308.07544926,755707415.5354192,40794198.078233644,0.6933459058312597,4137.728166196321,2.0134702897491326,0.0721679198541378,4.856054427930897,0.10278455504293266,0.0
399,26554691.271202676,5715615.841903588,1551178605.461447,90288352.62259667,0.6695216684099836,3711.8021527622327,4.40401244824304,0.08130071620986605,5.742565859358787,0.17536797509723281,0.0
400,25745870.584118847,2765289.7108964818,2912581498.2935233,121629002.85624917,0.6412796166612822,3595.847719364666,6.898593259550341,0.16993669357665792,12.395227013275465,0.21555176709402973,0.0
401,10742070.27674896,2791831.0451508327,496363668.28800356,33628703.71875374,0.7180385244418787,3666.175338293462,5.075926012638878,0.1026229516645449,6.823269022439149,0.2522086735750149,0.0
402,345484.9549903306,45075.84427280213,33221145.798781145,1501626.7165010273,0.6275756605163921,3746.7171426376963,1.4170620647694394,0.14828856888291203,9.742165513179451,0.18422134368226412,0.0
403,27851.025674969504,17603.62301581438,1889038.2208499287,71498.52815749317,0.6530394845438052,3637.795626846329,1.5725019706542718,0.8653446128824008,23.99105733637645,0.18874658693542987,0.0
404,376346676.5437697,123410351.41283989,6866367276.076307,857468484.7455525,0.7124011191122194,2553.070052200339,10.52144154956084,0.03748687111707847,2.6196403579208494,0.02563480829201581,0.0
405,6641.961442073856,2536.051383078858,1388568.6905740476,30083.10090906072,0.6383394376740104,3591.8889793958706,0.8877695824124476,0.1098553270473011,7.583150903011051,0.1625456555103066,0.0
406,6036017.535694608,1698540.7955853133,98786619.66150077,14795067.741159584,0.6565059684214783,3745.9596738441155,5.624787284100298,0.7601192228540247,16.856333769954404,0.0896844126406777,0.0
407,20273435.752294194,2355838.5883762706,3162910656.20031,100937234.78925213,0.7726041917333824,3271.6701920478235,229.94717243431208,0.09733615397537605,7.294460014112798,0.1999602742894001,0.0
408,2574668.155317287,300346.1988036699,223041771.3778607,11096792.070621004,0.5994078243293226,4197.862108239457,2.7643727512784233,0.14710641856126064,9.96894852338338,0.09914216800611413,0.0
409,568715.2758158613,100506.7053011292,27836085.34183799,1919681.5870954902,0.7308436833061649,3555.3555765349747,7.275321880614232,0.11222482715360194,7.91782227260273,0.2990761175483224,0.0
410,1602831648.8905668,465251558.49102926,58184196508.33244,4542038090.177165,0.7607093677923186,1252.3154695905266,21.44210416613207,0.1693083181140702,11.885201652997925,0.13387898179775848,0.0
411,57619874.08746505,5469951.451124557,6940281856.396919,282202216.3438682,0.6866589645458185,3867.2857712869945,16.83792810839199,0.1342025134957628,9.511554323730468,0.03877010915476689,0.0
412,1443260.6337484512,317483.5339796325,61911148.281552576,4515419.272938383,0.6516263970989506,3738.218346774295,3.9921613338721387,0.09846297417848512,6.758293273643517,0.1283317023688903,0.0
413,3220295.780764425,701525.0179799239,194175655.0961837,11322510.770088004,0.7184495175303909,4142.976264227908,3.684902204988733,0.0986941334634075,7.332606823799466,0.2748361343534813,0.0
414,9100718.185026422,854498.342818151,1058484234.7773235,44210284.50055925,0.7351373749789658,3836.4617976323716,9.278206421152237,0.08073087212664713,5.72627166878585,0.1838083831303717,0.0
415,75935764.01897445,10059098.733929096,6613638304.112589,319624293.13583386,0.6146805609901829,4008.275889408824,11.679983679075395,0.14924531546227246,10.601929320766853,0.20581263015244775,0.0
416,51646501.161164865,7587354.320726233,2943119458.8123527,195431965.82864183,0.6462207723820848,3672.998269880596,2.7177236789276757,0.06725231259816233,4.798693508220561,0.12527024620712737,0.0
417,5976518.656783533,449957.6677563512,1164473684.1984515,34287202.43976055,0.5096200952312566,3262.1330294263553,32.262587143650514,1.535360548339106,34.96776702451558,0.20918379886443714,0.0
418,242368.12250617504,79910.87495634645,9237146.64352416,642851.0274602158,0.6462838910298905,3613.7746957501986,2.1694768230645067,0.11360263096729542,7.330474087297209,0.46011151056298333,0.0
419,19038.160242870694,3948.258537221943,1832686.0561876637,73188.39866421148,0.28506786133038037,3963.1531443659305,1.9590531416806511,4.093889804792648,67.54331902457444,0.32934098474738166,0.0
420,14715442.21902653,7351429.049309212,67821289.30524433,23485604.08873483,0.6777257302397448,3342.443240399452,8.119480430865405,0.24853717221774607,17.940138661494643,0.39481375737645336,0.0
421,99944279.97303738,32883361.039661027,4314053656.204924,285956565.2831852,0.749236289634574,3358.3980570731073,160.9882319571058,0.7934884357792195,18.934210967988726,0.14401447052630656,0.0
422,1836121.2567494833,416400.49512470036,170291590.16060978,7091401.114848586,0.7231171679414303,3799.8947158756514,5.56349556472694,0.13913800755437675,10.100300665264662,0.02804245678918219,0.0
423,29527891.232436977,2030824.2016007744,7068026017.06365,181309243.92151615,0.5374027719433172,3528.3792217815003,176.70394932337186,1.5071037820802122,32.92173731750739,0.31816705588020733,0.0
424,176846187.8903509,28735406.592051823,11394162597.933231,656457466.1580524,0.6814014920038832,3678.467455543628,6.865693471104831,0.09733590633385969,6.929241523556618,0.14039263257303125,0.0
425,6088436.026569865,2057379.8570361708,124027073.27625611,14817119.724783689,0.7206562560214829,3327.9279705499584,6.870158765776389,0.07180332852336688,4.88935489026842,0.2383682659130211,0.0
426,12257552.883489769,2167673.1461993395,856374960.7348664,45884541.48495145,0.6071956848880187,4072.4077979431595,3.5456576419323587,0.7630911149903594,16.941078618181965,0.1693528229954138,0.0
427,37955.91523020503,10999.966436060848,6516273.304506193,171461.73525739418,0.7436869036011596,3650.8344912453804,4.265153985819234,0.11408082113469283,8.209315962708846,0.5330367693984508,0.0
428,214503360.68516773,121024832.14907642,1993311443.6831837,355894408.41027975,0.7136110040318359,2774.6154102931087,9.6758484168698,0.08199047979169113,5.5405060298294115,0.11812587878798429,0.0
429,42451088.02613334,7329370.590129642,3586854599.6913147,159573069.0595118,0.698111413005394,3298.4290219363015,47.5698403248381,0.11629847874400907,8.491841387369355,0.14773544937441802,0.0
430,20665373.672393583,1543112.71728616,5433499300.731254,129200690.32880768,0.48447546763454463,3427.1878467814727,22.078824854912938,1.4725313672451286,30.679925580505362,0.272474124297496,0.0
431,983689.288575894,71158.56677526247,192255921.74363056,5672934.976211658,0.38716116986408555,4042.886781641974,3.7096415102186193,0.22417068313387337,15.567145457169834,0.4033627619678876,0.0
432,2357700.9826825694,386927.6832029866,186598661.36659878,8770035.839658935,0.5304582914713323,2822.661206478095,10.017262670835754,0.13143721384894524,9.348735662307863,0.4490038384646304,0.0
433,102234776.60202792,8619804.376501542,20524263163.972527,583005671.1497705,0.6684852108662271,3959.482130296451,9.015642726133917,0.12381100521887482,8.288613253312533,0.22430163883545523,0.0
434,2812.1970263872304,631.8152530721402,1142224.2806278684,17180.821410034514,0.7265239244038489,4020.4768130169487,0.6513030980577211,0.04863521909885664,3.5099991637297263,0.44973626491202257,0.0
435,42820966.566571906,5623651.193753585,2566519534.920943,165987401.8154232,0.7555743411991849,3841.946950400437,10.609979096695117,0.030874327296741378,2.0296573104195517,0.04402821940604238,0.0
436,6824041.2547004055,1004885.2875104888,580890703.6776756,27887457.079192393,0.6570765294511524,3658.1570609507594,3.878683796526962,0.14519792860886857,9.924934249147077,0.17545929273951463,0.0
437,9951554.224594448,908322.5153952446,1427909033.8020372,51256026.01406284,0.5442996587427888,2780.8754851933713,30.62299476830734,1.539526659464277,34.49802633225881,0.22378132922353453,0.0
438,7952062.693106396,1137733.1453913369,637266181.2319605,32984540.830540586,0.44419038987821297,3386.648719493289,4.727381448958528,1.5000969262250716,32.62528074186014,0.14247601383589523,0.0
439,51814.74725277776,14751.956476014637,4679446.026565721,182037.5968594454,0.6052043906966253,3869.1631426953204,1.4044570156086378,0.16107776884822939,10.902418257798143,0.10337817931393198,0.0
440,18523650.434639238,1255269.6323539412,4130992924.178724,111973418.36650448,0.5150265347614396,3298.7205210368475,18.820079763114805,1.52295619455798,33.94797094536189,0.22713838651858584,0.0
441,31125433.185953587,3738066.6945623113,2527435821.669944,131672952.47560997,0.7008636763374211,4003.4974567044983,18.843248356143974,0.08613472072027246,6.065413863882308,0.13342672300546227,0.0
442,40800345.82565095,4642929.078370545,4804819489.789306,192572919.36838183,0.664764527416134,3640.7077877307747,6.646680481111824,0.7338460305852703,15.015734966890571,0.24860056308043943,0.0
443,22354095.515391603,4954489.886859316,861432431.4280409,71307287.4519405,0.30251823209852474,3909.4727127188053,5.282719953280981,4.114795243805903,69.01583111462926,0.11331314548006931,0.0
444,78807892.513457,5429372.423913485,19058012134.710384,485550096.8056365,0.615920288168299,3692.2432734441536,12.467364907099459,0.11030093552260496,8.079913688684469,0.17507092786138093,0.0
445,14120.826459589973,2229.5698243160105,2978314.423926622,70224.21436778872,0.6562532381400007,3705.610787366745,2.801994001504529,0.13817988977407492,9.772814241944568,0.37171301994247197,0.0
446,8863518.011331156,1370815.7194465126,450905637.2650566,32040643.78083955,0.6935719396189162,3726.818337447651,4.714688380690071,0.10803915105031763,8.004991078409837,0.2609498069912061,0.0
447,5788.679088399331,699.4115216325837,1851618.0716971606,34486.67420950437,0.6575263365335976,3678.124119881632,0.9963626380528083,0.09980569359688722,7.184217856316467,0.24417855406452046,0.0
448,2583.7012468995244,371.68483905467895,1002012.7333238702,16064.507937357825,0.6422064441289362,3623.1627225567204,0.7977890142612312,0.7360396575404963,15.110783693339863,0.24385949583233302,0.0
449,14659261.3409186,2629073.8367695953,535562104.8267182,47824268.00502546,0.6995866347549338,3318.856924470585,48.153949712446924,0.09797354311320623,6.910069521546047,0.2044556514284363,0.0
450,45457641.057535425,6129507.390179179,3573381777.10179,185860467.64556664,0.6251314316924789,3942.446017977156,3.564382880721084,0.12019081382840655,8.043756674535219,0.07998349525237326,0.0
451,14114333.973135015,1819767.8399297434,1167759259.2863176,59164684.537096664,0.5881584190892315,3782.1673904003956,1.6513099394258701,0.11202047521198333,7.433964263427432,0.15031565184666715,0.0
452,11912181.432925213,1034175.9399603659,1997162053.1583533,64285501.45444504,0.7083907141869796,3316.69155598074,20.751846876194357,0.7973589087549958,19.475152008252422,0.2374778149581903,0.0
453,115584471.64618067,13731220.539892897,15953139387.523905,574570088.7603333,0.7489098674219383,3620.0250994205644,127.38025273620866,0.831734997555308,22.19742332802704,0.09785742033194858,0.0
454,85593.2549919452,18980.843039733114,10716023.645932687,346315.30229949864,0.6136742452769919,3935.640129113227,2.75119503581375,0.7508628311421749,16.35608709027136,0.3289163674028248,0.0
455,60679586.07910874,4320091.045139258,13998423434.984879,366903740.02115,0.6373492228200375,4139.9809545000435,41.99429251172525,0.10275068303037127,7.17993525922707,0.18724973342728815,0.0
456,97010.5890353629,19053.006818087444,7546273.592352973,337937.36555769463,0.7143886148556053,4087.93506222773,2.3202148949703294,0.09360947435234639,6.656639440583703,0.29623295875480327,0.0
457,3323414.71130848,517701.3484323725,331827084.08084095,14055497.584762221,0.6732865367091088,3815.1857806864746,2.982430770486782,0.13065628308899885,9.080261672662797,0.18016555999931097,0.0
458,4182934.7086669453,765510.728139203,144167441.41310135,13242724.577920796,0.7362732221783439,3395.43232166025,12.45554560702169,0.2668330665898296,19.253397342280085,0.311747048759065,0.0
459,1992818.2775774759,379781.20778912224,67059000.08693925,6157447.97167072,0.7174205122165753,4167.833552285521,3.227776485879228,0.14480495231715143,10.316051275372827,0.13508678650412628,0.0
460,10131581.873672877,1453816.96824412,511759438.62027615,37092507.63176694,0.7550899230142765,3857.542641889677,10.412893395599053,0.05192395039045392,3.6774674626559714,0.019227091115813454,0.0
461,59111777.6753871,11986865.054852307,3978866225.7618537,211992476.92709675,0.6888233190160948,4066.8186096688037,4.144777616510042,0.12993482466921877,8.639279099776427,0.14920868450883193,0.0
462,4937144.241209427,416722.1920117009,943323658.1378157,27238030.309254944,0.6827715169419767,4232.642268894721,8.978402411835518,0.1856055484562062,13.236354237956363,0.3197839469714872,0.0
463,6632276.640820462,1234611.4593784795,220837972.2374927,20846668.297875203,0.6673041442073808,3691.9271178710114,3.6576168726421567,0.1485909596967696,10.611082096797412,0.02321341695375109,0.0
464,322726772.1324262,98353186.83917941,13303131772.147678,901682004.3701437,0.6269447075769925,3146.224805642092,5.105943272801305,0.11185096048203862,7.945857855114797,0.16213768857255026,0.0
465,6192.065511638507,948.3049758588244,1867512.4269796163,34771.856884224624,0.6832750681747012,3551.482828283892,1.426674953631004,0.10870588119398628,7.2931607496345565,0.03189121957673848,0.0
466,12259.799441992527,3332.384963059166,1906352.5328785065,49238.61049962956,0.678762108273659,3386.4842772598713,1.6375406035776188,0.12493472705550328,9.048739600610217,0.2684893089410376,0.0
467,114261221.44100566,33170057.31572149,3861015106.4532356,333640749.3272635,0.6063505786438197,4126.874109277659,5.5959878110694605,0.1942864816284228,13.064906151302058,0.21545207533969224,0.0
468,4639680.324388499,396301.79339314566,730608593.9835632,24704250.379054032,0.2572731956791859,4006.137881931301,1.9950147090743326,3.4277930006951345,57.27818398484686,0.18008742354386423,0.0
469,17688301.646143485,1802678.8836714935,1798720713.5448754,81931094.67776415,0.7549362310594474,3590.47226042996,23.644250519919485,0.058378314048194734,3.920333856989596,0.25249070320644107,0.0
470,64086573.49396125,7005733.863643475,6070401643.105044,288676127.16062015,0.6605761430829001,3601.3259716175817,13.438567113240666,0.1505847216735378,10.7882867285776,0.20832565110330264,0.0
471,3998943.341694484,707479.2246509335,209187066.43607435,13995410.818602538,0.7213968628949093,3633.868225423005,8.093660332314691,0.16192350903499894,11.931217969030191,0.05186499955797915,0.0
472,5663659.070838985,451447.94501361885,985987520.4199169,31403897.312316008,0.6902867934087824,3898.713941708983,3.5797696288298178,0.0856834653438991,6.328632556213753,0.2826620252295697,0.0
473,9686.43469344825,903.7522794694369,2985105.092440795,58677.79730798486,0.6655372753988178,3796.3281791044205,0.8480486208176576,0.08579775833589229,6.107019699595249,0.23266660653390708,0.0
474,4921827.901713959,628576.5629611601,342933968.19174206,19905934.36642526,0.5376441011526164,3652.6057913248947,17.179724440114995,1.5768791204271142,37.09504336407209,0.09597682113580246,0.0
475,3597518548.0313087,953072899.6998789,102045590705.12997,9638583546.733126,0.6596517767058996,985.655578185042,13.706217521520394,0.10643564191249721,7.173497186829826,0.169561034872909,0.0
476,53866587.616344795,12059731.209949601,3644082648.053466,177233601.63172102,0.784381369084635,3204.8675545393867,208.2196048607857,0.1102447095814175,8.012859148510463,0.23708643788533829,0.0
477,10883602.820776412,2464883.895590833,478906885.1782917,35277940.825958505,0.6918917787828763,3500.24528239259,5.71775886787192,0.10907622891675031,7.726213836052874,0.1535237771521785,0.0
478,1957299441.4713287,1373124968.9043775,6470027054.849722,2631090086.031868,0.49747877016189024,963.981817709731,21.941785705707225,1.5122986219384944,32.808212129243515,0.10110698912601615,0.0
479,25806000.05962451,3013293.447370668,3051389666.394632,120221228.20716444,0.6994047039226959,4069.813909603559,9.194571554488226,0.16855268069064938,12.104695182838501,0.0855689379907133,0.0
480,48774708.38861679,9769334.854612438,6623085013.766282,216609611.5218974,0.6845459206695161,3304.8496083085124,33.16195271727955,0.08854699103440593,6.346968265798894,0.26617533235995544,0.0
481,27683352.55949377,3748776.0843910673,2570084584.713969,115274345.13765888,0.7672112784438496,3255.425333876896,191.60176301858726,0.10816740942681076,7.917501009502892,0.2816748268634151,0.0
482,4360941509.246962,1216925557.4278328,101284903595.13167,11190673638.89407,0.7267088595239786,884.2598624785297,40.12976847304906,0.08812919223912159,6.508124987683587,0.10614473048498788,0.0
483,7944.709565810737,931.029689747595,1922997.691412396,42927.514201419704,0.6767810443420307,3935.971302490889,1.0896617706414664,0.09742798464045377,7.030882530661893,0.34546697244714336,0.0
484,49441032.0759172,11690055.873840122,3779729155.3596244,180428291.13848358,0.6974985174001203,4031.4274702471803,6.039422416123849,0.10071745986745376,7.245998370658496,0.2467945941838476,0.0
485,6211.83721417794,1647.9813513386675,1498744.774706078,29855.34036200737,0.6536909188855972,3612.4193520340227,1.1617331429846836,0.11146683307653413,7.224013560975782,0.382263191990523,0.0
486,3365.056779071022,246.66973219927468,1421416.279244952,23072.243995872494,0.6149347013034135,3985.4719468818953,0.7204796142704931,0.11521582091003406,7.958033171699393,0.2053892383746221,0.0
487,2533.253418201681,583.9174490662168,944365.9287220743,15170.34887091837,0.7240543678177694,3610.9998780416227,0.6586559246692412,0.1169030287897062,8.628552275944733,0.24746640758631286,0.0
488,2595995.2468807856,456027.9236881569,149737919.0727663,9275822.752928894,0.6942414864415841,3727.9728589875835,5.956938525580278,0.09283070335808566,6.523621798127415,0.14298394811468848,0.0
489,10975868.643440988,4790751.986016506,581380428.0295056,33483838.091948844,0.7143417226364114,3528.498221638794,4.834469493433223,0.062480549139658684,4.2425921047875,0.14176088842783194,0.0
490,25842542.508994304,6687397.862263853,1422195019.1696062,84077521.97469006,0.6063215537087991,3691.290874415982,3.6647554152097626,0.12031060471099764,8.446689040706083,0.2955782786108704,0.0
491,26696.72023376273,8648.653520981306,2681849.777074049,97460.13617506667,0.5936651661722782,3659.7890175076163,1.0593620015849194,0.8251792620440701,20.844404649508867,0.1356376301442168,0.0
492,3990.4276308484914,1041.4584291008293,1152261.874174906,21159.698821846574,0.6395365543129891,3502.594617007051,0.5558781882297155,0.10173573523297544,6.49454178099621,0.2831635164304286,0.0
493,79539533.6988499,8510549.85877941,9277833615.730486,376346488.6066311,0.5000841708209632,3998.50971751714,3.779656996341724,0.09304584023817179,7.106591656476861,0.14713545819459123,0.0
494,7882.0233884303625,2181.158500309911,607864.5314177439,25235.039775265825,0.523351258034207,3841.9765885291044,0.4481413481556212,0.09835035239651084,7.207693860068806,0.26600141695948293,0.0
495,1796682.2923637747,307860.22824095486,111757450.51286228,6377249.06301447,0.7214364387415395,3310.0173542054235,17.440948091127122,0.144801432983036,10.215374495629995,0.17672312312425006,0.0
496,8765372.572160427,819937.9487848943,1218373768.5731997,44575064.26599472,0.7663640562518438,3139.9814041051427,52.72175829751097,0.12846412261154788,9.341972658336331,0.1270318116555347,0.0
497,10761182.815551039,2791606.5366021544,517514229.26304656,33912563.47204603,0.7480352386241048,3955.712549757671,3.0458801947293326,0.06606686968065408,4.473666707188089,0.18276513972134395,0.0
498,10781394.706794476,1974190.41867396,699554031.4599395,39710986.73755897,0.6281281563510379,3690.6362472278406,3.092680376291889,0.12560444584958858,8.845103459341217,0.12224899433075924,0.0
499,438773751.4326536,144550569.40345433,6129688933.875308,969885648.0478224,0.7296290419904433,2213.243658202681,13.822417595903941,0.08902206426895987,6.356375846206961,0.09340882139677037,0.0
0,13296493.385754107,988198.3089917669,2904358875.678504,79185866.33676574,0.7909073678506604,3633.400881283705,51.352024500966905,0.1426910424184425,10.490707241225753,0.10518512355526957,0.0
1,1960144.915859155,461147.54719817743,88948969.3002769,6316723.676700765,0.7569001732142719,3382.885022601842,14.94031027681311,0.7745162036639076,18.036281988071952,0.06667165866296185,0.0
2,18778602.654899158,3060703.346191674,3255097794.1903157,89698064.14399353,0.7262896710469116,3355.7204464953006,18.10424745464471,0.13212525895524257,9.347653572017304,0.30431842689687505,0.0
3,11133910.444335312,650751.2198592563,4338297536.466028,79752478.9560183,0.6664185371841642,3650.4610140357345,5.860700356329091,0.24922041357580244,17.44879865466447,0.4082724187254719,0.0
4,16719836.38589729,3005773.667560086,778498160.7583174,57598587.78511325,0.40290489306599325,3694.85591275313,3.7484401720068448,1.5098658981283521,32.209790044195884,0.12744340700886195,0.0
5,6777183.890191796,1257684.6369906387,595024740.7883132,25847112.17576177,0.622471781173746,3759.8718594498137,8.892203009812627,0.13796367380702462,9.935312056623662,0.3176617320911927,0.0
6,27326330.56771906,6484701.54173016,1197458252.4728806,89369367.7241282,0.6527264334984662,4069.630771414063,4.501144057943112,0.07582606089188619,5.228492406494427,0.12297404575807899,0.0
7,9592.153021423157,2488.8494787934405,2354955.049472808,49745.10756831798,0.7016973699622915,3522.8107681166903,2.099798229885898,0.19292064977623652,13.55682264704836,0.1353764175438229,0.0
8,18563.55161595901,10164.860471324166,741248.3476558287,45537.22772206292,0.27101897559446203,3690.687779530086,0.84934896291072,3.517274318627976,63.82878338769435,0.3620786057896393,0.0
9,33614606.19566085,2416997.1273756595,6985615670.835887,198101691.68842405,0.7314835671870386,3766.204763328419,18.01831251609863,0.08575982782085712,5.711575665783211,0.257596789900313,0.0
10,5716.851963548074,2645.26313030026,1231302.084020116,23127.70280865649,0.6672446805425183,3674.9950451718587,0.8560340656930007,0.08877976308552693,6.287362917236855,0.48589428114441535,0.0
11,239724309.22411424,106563399.56301539,1997774136.639352,432171557.37898743,0.7784576113948128,2333.6381634431737,8.953817424048726,0.08609978375561748,6.324902519112415,0.09239496990631464,0.0
12,258156466.680382,91151562.40148276,2486658733.0939283,523078499.0381549,0.7202976761395663,3025.7778949890762,21.67139229996129,0.11413130305330492,8.277209724109323,0.182348900998295,0.0
13,2123.8679588341547,401.6736169655586,945327.961102228,13918.169664079145,0.5460443516627965,3903.243132245301,1.0214568247643359,1.513139008831473,33.33081019544339,0.08229765561606271,0.0
14,33332514.1043862,2829820.01265427,5636201913.433774,180973696.19398886,0.6717809441864071,4210.710619203211,4.177755141294163,0.18713513601233583,12.345665820203838,0.17955657163196806,0.0
15,6727699.798314477,1878536.4712032403,116609211.87681286,16703702.40964869,0.7667100957278703,3484.2950577586726,5.714713948432215,0.1407872570583418,10.157503156773382,0.009236896511323677,0.0
16,27195131.86582305,6184791.529171854,677497738.6246283,74437973.65575089,0.6983495853352062,3385.334441299585,11.932466815781426,0.09442170614107175,6.919310426872245,0.24939970636202852,0.0
17,7605964.234716527,597648.9386700998,1411334931.9568696,42768164.48449238,0.6732126931441127,3171.4730216658863,46.830440632999384,0.1614710965999878,12.007946209377739,0.20773440918289715,0.0
18,20245873.94225978,2721636.8556387555,2013071815.7073245,86317742.98633268,0.7392500750822608,3193.6521055596795,70.07320947492066,0.05086259748753532,3.6737310044353206,0.23001245020541083,0.0
19,9744793.52110691,1026822.3624817539,1355848183.8437295,48989474.42290417,0.6957174653875698,2828.1657029222097,54.258845813298066,0.14395413386429318,10.366045286356947,0.2726768262240193,0.0
20,21431.335679277294,5059.7617699121765,1964359.8988032043,78020.98066051326,0.6277916774601463,3819.642042758452,1.5032716582577772,0.21052187382193505,14.483754573216903,0.40612475483381966,0.0
21,731996096.1520426,179096789.2300225,26756488649.434715,2114259500.7043042,0.709525486926431,1824.005387748546,5.7056837246182806,0.14104258148880433,9.23041949999797,0.19559305497630028,0.0
22,15552175.463056112,1989035.512687492,1604878546.2297711,69661875.11968671,0.7009556933067864,3972.1894599878074,24.52580116974689,0.09579419404596523,7.0023685064830445,0.1536919843033418,0.0
23,180363783.91004592,60234222.967604265,8877645089.328491,484911495.0046592,0.5274810447364041,3255.129427390136,193.24867013132996,1.5096412209322894,32.77924177368353,0.3942368570891904,0.0
24,21062454.737343084,1452939.054384884,5128400159.260459,129641701.66452622,0.728661135450167,3423.61125349856,24.610363162377713,0.16290542636850924,11.11996638431109,0.275135878567749,0.0
25,6581.669714309562,3342.199947720996,1153599.9566787085,24660.092650150764,0.6836565119025144,3592.0884351407003,1.231428560900478,0.06253114005578428,4.465368447984534,0.43707124161611743,0.0
26,10645391.521005847,937418.0827907145,1671759393.4033575,56291536.94374665,0.7496726874093527,3044.8264086858626,59.33900253142483,0.09506448711436546,6.671259029610072,0.1932495369814703,0.0
27,10427.178527635555,2339.0526676591016,1874900.5424914267,46880.348592268805,0.6238575012719692,3523.9862669010117,0.8981998457334783,0.041384218628510716,2.737382051309153,0.35814479439163605,0.0
28,2696040.887164819,517662.5371672601,157950093.05051586,9953436.16178978,0.8004738956578112,2969.2452259120687,55.639454334290505,0.10328911132553129,7.597608744695007,0.16176211004019458,0.0
29,211730975.8811462,54479836.14283328,4513092365.784708,550181250.0934544,0.7293660783104562,3991.561679546465,13.817301953564437,0.17551354656596532,11.845031570076426,0.11579685389257045,0.0
30,4848.10042427999,973.1262790556341,1314925.763626277,25107.52288270338,0.720647825072317,3576.867387290266,0.7810244065285102,0.10039562192090665,6.274825631568795,0.4447233301456913,0.0
31,57887.817102939924,11677.07500495952,6784721.1549176695,238604.26408899584,0.661508224692229,4113.943992182147,1.76887285506029,0.14826766465056132,9.977212751204544,0.2451497329793227,0.0
32,12663529.568028826,935106.5215497663,2440506468.7613816,72792665.33898333,0.7317857286598335,3867.7526481382733,7.523662010969453,0.043888900132797205,3.166342455993481,0.2006177913090596,0.0
33,37127031.77780874,5051563.894205298,3568612706.729314,159365556.75573993,0.6371523110222175,4233.747333939323,4.432273043732031,0.166121084261526,11.910937489688092,0.20446978709851038,0.0
34,10476958.634876408,1888223.8409552642,928052942.0111902,40847327.56069978,0.7395649540649015,3278.831602853512,92.01927580551416,0.10411741458203246,7.583601768211875,0.14449217064650388,0.0
35,11747.291461636856,1553.9830551345651,2814144.67873055,62765.39345204227,0.6856953890430677,3476.5834808510967,1.5668034571090286,0.13259890609129785,9.324884664326035,0.21521645051236632,0.0
36,5977.150869410088,1751.0272412818365,1826325.0866295123,32075.511314428157,0.49226762343257835,3314.168151377019,1.7382436841678104,1.509059713639403,32.64012780598364,0.16604942387629262,0.0
37,4003385.32942215,482456.3468202998,331309215.0449359,17041851.982571732,0.7571658122655762,3591.7063616970286,7.610192737292662,0.15328955423443338,11.268197601838612,0.3701716054982991,0.0
38,245761471.84937635,80426034.92747271,4588491036.871843,586176468.9223459,0.48044274244042295,2890.0239882227297,34.31389851527711,1.4574003203157821,29.385341709913387,0.08691402085837528,0.0
39,10409321.639296569,841584.8612789558,2302759488.821759,61219249.198067866,0.663900934436492,3410.0006859012037,63.70215882929644,0.7903190158428223,19.315044014245693,0.1958134948733297,0.0
40,21625958.373195346,2298698.78333614,3928459008.151723,114076300.81196614,0.7091166560088147,3120.462893823535,60.01723433225557,0.13690266509838195,9.830063999596382,0.3007191753247334,0.0
41,128625.37311397863,15838.071843660651,14211718.85896646,570358.019411138,0.6696027530235527,3764.9464983039634,2.727182326321454,0.24171074858484207,16.683943207957565,0.23321797794776492,0.0
42,2107.098531218055,306.6623369490577,764705.7843948423,12853.130547361347,0.09271193178244383,3665.55179731322,0.8924634642717408,5.4244115381530555,87.81899256038328,0.475429915213125,0.0
43,5356088.420204943,795328.4024640359,514110139.81978,22422730.090797246,0.6834876683806648,3627.677181943611,36.65777259153291,0.08843171681702548,6.487355031938658,0.22599960882375394,0.0
44,5696.113879255989,819.709417051972,1580210.6476152162,31609.016524439456,0.6184561881461035,3699.8920671183814,0.8205319520858702,0.09941779784531501,7.037270891744141,0.34049892166975426,0.0
45,139684957.01954716,30076745.420961272,3095715161.2247944,390449532.83055246,0.6682954160150405,3441.648658773148,8.311510851055157,0.1586672049577275,11.040810290157543,0.211194065662914,0.0
46,3266.2126286165485,1001.5940050062561,1078018.4681637003,17758.41432717718,0.661049103750156,3729.9728934268387,0.4513656494560791,0.11007825655876022,7.724685470108106,0.1577160846369993,0.0
47,3622497.6202291637,341232.91395972855,438990886.17978334,17682849.305743843,0.7382344819176847,3821.449451517121,8.362324936388353,0.06639554362489335,4.612791830361907,0.25164992421843163,0.0
48,8138877.202864553,1704607.9713203986,236287032.92207927,24335950.290360514,0.6943703283006649,3724.9825849328163,4.77294040465466,0.09422255917922459,6.941387595034676,0.08472206127224083,0.0
49,6966150.299221782,2000200.495985302,128735057.4371647,17507569.283950206,0.7184272579160708,3596.095445236923,4.764997236108933,0.12562026666145104,9.214326120859685,0.2733339756259558,0.0
50,4571242.150274939,1179116.5594011592,121124425.97281902,12783652.134458814,0.755544270445235,3448.0507089095945,6.537001224151463,0.1039456113545321,7.549950759145558,0.11380123142776849,0.0
51,1398617.7095241293,403301.97169643326,27976006.05486089,3576506.146483077,0.45152585394193406,3501.0257102735522,5.448397050550801,2.8269665222049887,52.10462835744594,0.09621993427470574,0.0
52,32405575.80550434,3444515.4187461017,4534441972.591322,157419504.78178772,0.485048543746095,3783.5886667212158,75.97528654083851,1.5100020626752733,32.845486694082254,0.30008909444935,0.0
53,142998.33854284714,81150.1535745739,9547322.17753996,408996.6471355007,0.6335339636090801,3773.071390199836,1.7819913814037347,0.7042721633979961,12.742319386154398,0.2667373649205692,0.0
54,34576085.860108994,6490723.071148922,1895286379.9978764,123942906.4144598,0.7402799823987667,3401.8120803582638,19.245447083584843,0.0895009578621619,6.478932170457978,0.08934598424049277,0.0
55,14857082.337161835,1338105.895263689,2133336833.7214127,77185905.926747,0.7159833357467947,3806.114366965755,11.168754980283603,0.05022888555921323,3.4864984599075712,0.13403304626881832,0.0
56,12441.415029671442,8640.86025367193,1341608.7987417679,35483.4742738106,0.6528614516891224,3480.7279341909707,1.2393509855476461,0.07420755687888062,5.361624968629243,0.15348708965154384,0.0
57,1992408938.1849492,1373679293.1511264,14272330817.913046,2921607285.017316,0.7770053779342796,1500.6567552700117,81.91413980172995,0.15851399812730885,11.167171669168754,0.2872212911249037,0.0
58,10240.637911594584,4514.437673048631,1636577.9630584114,38062.939306945584,0.6469510958407286,3577.7896010195127,0.771539995911925,0.10111141791784739,7.191483005155559,0.28879818578981586,0.0
59,38319343.59857913,6393979.813332696,5095427589.345961,171185695.47385025,0.6701548322615021,3029.291497418886,186.0423433254321,0.09707274503213333,7.462439229102887,0.37216897374276775,0.0
60,9954867.312276255,910609.4305387726,1427788233.7740557,51261882.86018129,0.5677694939332566,2873.405531213018,43.322209265644865,1.5160883907546545,33.773175295192274,0.15328050943080826,0.0
61,8221358.2175752595,1246441.8660265363,647007688.8924632,33047705.16279027,0.6876050355335381,3665.346568643562,8.766963695816544,0.13802927613843324,9.921372287732188,0.18860373087233023,0.0
62,28309.413698955334,11099.204744330103,4999220.6472857585,116495.79497305336,0.6692147980837378,3305.5715940646187,2.65783500001725,0.0697098631130059,4.981506771081944,0.5852399987872982,0.0
63,109485276.22595303,32906643.581303675,3701899898.714978,317320583.56256974,0.665983912468443,3584.084838531585,4.788001955973692,0.12984475756561925,9.064867140659539,0.10429817376421145,0.0
64,73315791.34465341,7943655.613345822,7550432453.714892,336248652.406029,0.7268397738781667,3241.0474708810084,679.5144807354436,0.11094905422034307,8.302225314832155,0.32413544621509144,0.0
65,53334305.370603524,9842402.499224702,1831918466.3790805,169567165.20607173,0.712851323155845,3710.7808438486063,28.60340156890476,0.7495907631598377,16.247006491563827,0.29535360841032904,0.0
66,36430.26979788713,11931.117945108668,4029742.739525377,134847.50992953652,0.6649600729235797,3591.6859138149443,1.4092724485817392,0.09736974220103471,6.522948124791737,0.1773265045653438,0.0
67,4114164.6531715556,854453.0365950022,192665062.48197857,13449126.976837818,0.6579107703724977,3446.6618244033184,3.736377235721967,0.09748957277780361,6.7321488441918245,0.09919601725270323,0.0
68,1399506.4482220411,290391.53727347904,79374325.19415815,4883104.685490697,0.0956959376700624,3915.7537761677304,3.9013235288154298,5.525008738121253,94.72661960078909,0.13784766030807724,0.0
69,5929760.407572412,920356.4323967919,380889379.3827503,22503173.097460795,0.6454838766387543,3962.2513123930203,2.751092895256668,0.0913375249932975,6.371916762961928,0.1042938724205959,0.0
70,14179664.90180621,1426084.2683284858,2397323660.698535,75676850.21652286,0.7627380810941017,2835.9539183580864,105.58993835317636,0.1661644988487468,11.832208730289791,0.1448975424089421,0.0
71,47248.566429526734,28258.05289609661,1246992.8082004306,89451.39896683271,0.08206214994622038,3585.7005213850575,2.2214417883074087,5.486194799433991,92.2467691471495,0.044741705754845804,0.0
72,4950.460147349935,1088.1363502411994,1384512.3701028298,25846.849370748845,0.6419754396218369,3742.9240257133292,1.0470861082854173,0.7252888152464412,14.481543202230469,0.367783674642254,0.0
73,4116620.5625397502,586869.5004392606,445835515.17715436,17483529.13218567,0.7256101899182592,3408.541421091595,47.74803094416228,0.19845718787451086,14.515609548021217,0.32892305486739204,0.0
74,9604287.43065322,2186338.1026598746,294672913.9776396,28775753.885723848,0.11764306363918324,3906.4415136207226,5.1613629891099135,5.476940226934626,91.56882449593128,0.2904682860961309,0.0
75,58833575.368204616,4006019.2535065114,16253121465.782385,375638556.024506,0.6552127389435538,3510.778933458595,88.12189960256177,0.24125162758647348,16.583764740067384,0.2498080117844939,0.0
76,242407.7648814538,21964.915362641488,41043183.833153605,1274533.9985514006,0.5983619768212317,4250.784942743857,1.382204617601454,0.04571801624766207,3.126499974022802,0.23273926585414562,0.0
77,9387.53274257822,2712.9988625789065,808988.9802640114,30752.878705922496,0.6308644775478188,3727.1288532979597,0.9215195311235274,0.8048145618405392,20.40588639046594,0.1954244404119124,0.0
78,103819691.2829323,27612673.179513596,2820500549.9055705,279327272.39731914,0.6093555554186645,3919.119064052526,10.586576529299522,0.8820915202321291,24.997981799063353,0.23381166302824172,0.0
79,11418804.726907793,1865773.3227448524,1002362272.3679975,45728996.94918002,0.7862010315247722,2856.2209985337586,98.87337913170457,0.15046024280432163,10.877043020047616,0.14908284169524424,0.0
80,16172753.702823725,1565813.1473169657,3188143272.193061,89726236.76489206,0.7332913531897036,3551.1730341666034,172.696915436445,0.2193628159776984,15.58850832856433,0.14341784348086375,0.0
81,11149761.280585764,858025.6879732249,3361058811.559048,72529012.70505787,0.7124067941814709,3656.0727050407836,19.853942038404885,0.1270868613739755,9.285259799853407,0.34467643722719477,0.0
82,503419610.7171906,173024001.7240657,8944787784.842049,1116021584.8194098,0.7547630135081174,2326.6408107812977,175.56094128820217,0.10114930834901922,7.343417509829777,0.17833196036956692,0.0
83,40361038.26561233,24795426.406624217,801910217.1839379,78571242.12029031,0.7283746068211594,3656.009939479319,25.737184008241396,0.13641567929550896,9.890971110095059,0.1482614518922718,0.0
84,11265.916696757748,6630.138625825353,1644272.5012239595,36908.46975273263,0.7690131292367678,3429.702196263533,1.7428173208184397,0.08230853531600255,5.99789027499722,0.23362745727360007,0.0
85,12584841.822631499,4836556.585784106,739307694.6997193,38685727.087409735,0.6936408128268812,3421.8854427596652,9.026048933435415,0.10624554448785802,7.480409666675316,0.2092775497581716,0.0
86,81692.86305529156,19518.57283196215,11489518.249859298,359213.27070545976,0.7142031073380263,3643.143834356284,3.2121600841919378,0.11516783054394822,7.744165380408804,0.38236789752060313,0.0
87,170381080.22311157,49589077.13458597,3897815512.6595144,413918487.87816393,0.4814991211234213,3132.9055775455845,43.069043113771684,1.5775209725956159,37.967060973999274,0.2784311513074815,0.0
88,90423873.3349025,9856083.843593236,12643931673.659771,448808077.4931496,0.7277845745239896,3885.8214484754035,112.61444553020341,0.1058628022902898,7.812722627236695,0.21498266135066885,0.0
89,2547910.5437820507,579267.4579694505,75057382.06684361,7286090.188572685,0.6401708029264807,3404.940394906267,5.382289197104906,0.14775322914796965,10.245148705868683,0.26455514954896775,0.0
90,98213534.88263322,43876811.402993165,2393392416.4296927,232086123.70039076,0.7646651016891053,3865.9790492957545,6.195766099567117,0.11721285529140743,8.279171994397611,0.05357256205941146,0.0
91,5575.302340505392,758.8106717669627,1479551.6889586714,29892.373337814468,0.6397732111560572,3494.2949388151146,0.7365072521142806,0.07201524726464506,4.885936588497148,0.27289057054014393,0.0
92,7546.800754265927,771.4583085535648,2198082.0002449877,43915.11802381479,0.6534885509883793,3790.6404276693484,1.1462942962539235,0.13698856397461895,9.18847896744008,0.20742830762374115,0.0
93,44358.20918204838,5958.367093462031,5047470.258621464,185734.55838523278,0.6691985013082211,3812.3311662780325,2.7856581021253293,0.09985116473886872,7.038427812776827,0.2308251518829388,0.0
94,11329958.142310318,1454950.3295013548,1867383053.370877,55955352.9118549,0.7251400426050006,3480.388576404312,33.21611463316631,0.0617680487065865,4.450275320089267,0.3134078594633345,0.0
95,8635.431115080555,1460.6429536528988,2268860.873635054,45581.675064060655,0.6503019673614803,3483.466737320953,1.2569103042835315,0.044217869891906146,3.0735559925856277,0.22610298254769495,0.0
96,3038.0363695760816,693.5491174256024,977001.6046727095,17095.588493608702,0.6065025160932632,3651.924768671415,0.5120980146786304,0.05445903665728533,3.3614615321268446,0.33044954888983985,0.0
97,2631527.9227203457,444778.0358769797,131511602.5479141,9160420.25094917,0.6155541943011692,4017.818823102137,3.3890897563248177,0.21111759943817193,14.873582961750277,0.12299927353481388,0.0
98,593739753.4168276,259552161.8055446,12034017312.526814,1328387606.9635592,0.6489936476184136,1834.703851661141,9.501022274774838,0.11925995044057017,8.24713668628395,0.22682944177642167,0.0
99,2908816.9108756483,373261.7145993891,240817569.42074043,12286600.344126832,0.7601590964715355,3351.633790931283,16.048494726010738,0.09058398062362523,6.667042698628674,0.26273486688788145,0.0
100,26972149.519430242,3153456.805484334,2335642864.1155863,116792661.39150894,0.743523505943895,3863.240755743584,52.72134255564204,0.09268008129200159,7.0211654427646675,0.12251550847815765,0.0
101,644466.1055569994,99407.8744525368,29109374.813928645,2247856.4463673728,0.21032906648797295,3467.0368344099775,3.2887637694320495,4.204852501714783,75.74174641152928,0.15028179290611285,0.0
102,7215475.567654742,1584023.3815910262,850299626.2383578,32847181.34932711,0.6413542742274964,3419.1916526607365,4.446931829746955,0.1236424187673368,8.638621488720114,0.1495829486597764,0.0
103,6330.010693698343,1180.1931916729475,1645144.9936166254,32519.225382026132,0.6895356498534182,3769.512015236791,1.4171615708543297,0.13400601937239243,8.98140895178361,0.19826370817245806,0.0
104,4563060.524047984,618995.4367845121,514812470.10954225,19700196.992730387,0.6990069604339922,3690.295015764077,25.190369665856302,0.1538888188595461,11.000082189804255,0.17627909567545472,0.0
105,5816921.979314364,1112714.8435668082,211071622.50364986,18629691.99775287,0.48630301232748596,3473.4569383624403,7.958441669701377,1.489614417063504,31.741141107655153,0.20487178155456356,0.0
106,25533448.035674077,4900199.07941732,1455150443.446102,86920988.12977473,0.7759340073988185,2906.7628264667796,494.93798875906697,0.1889680571917461,13.806018171506476,0.21843113639909087,0.0
107,38842982.74185301,6324055.85134506,1543680217.3369021,130758335.49280241,0.654558802490086,3917.956172698961,7.6031057929790045,0.12495633213815412,8.691012996427407,0.2832956018735486,0.0
108,7708285.785389168,1081372.4288833935,755066497.2720274,34705040.88531702,0.7150819171523335,3634.493629477898,24.458413101718616,0.14018162464137296,10.251770639096634,0.06578047902096902,0.0
109,72460864.15544035,8673130.66077105,10397794871.52692,357749972.6248211,0.44246228595215065,4321.015033316206,23.467923162110246,1.6089792339075615,39.284662985293224,0.2618462695470043,0.0
110,3912237.4268322354,646891.0346217355,187852805.49198875,13627622.013666073,0.6603835806751409,3404.6996069976003,6.420992608894385,0.10631133691388506,7.388257597618545,0.18190806818391902,0.0
111,191248.43974117865,57520.18807306703,4026919.8426523013,449155.0169008931,0.6721935629575825,3624.372441830444,2.1967235330326385,0.1604697257744343,11.383327474398104,0.10455891066037262,0.0
112,9128622.566852283,2063986.2819211683,1312670592.0217674,43218314.72396962,0.664518662850089,3470.6045668880433,9.944225796974361,0.2293098440571537,16.181565674428175,0.18585807808884755,0.0
113,53877769.83622801,6580165.327178277,3664334248.3209558,219039890.88776296,0.7183859681161513,3950.0530418675366,54.7369422721634,0.12341484133941708,8.703099642265212,0.24658172469290843,0.0
114,3945630.5459699086,1058209.9844250937,119924182.82897906,11345227.364818824,0.7109816625646042,3830.1106264433993,6.768853786834638,0.07119443176658793,5.297034007918683,0.32803340213864934,0.0
115,64119.251174141,42473.377162458186,3357623.561170737,150454.62106592028,0.5734901715580578,3392.7352783136316,6.115813560196607,1.4867324912529978,31.652627276421146,0.6298206225937582,0.0
116,32621483.764478706,3861773.4400169672,2948124309.392977,141195418.18173093,0.6138990944582647,4243.143044486274,4.49492570859514,0.16368790987966433,11.598459975372785,0.22014355956251597,0.0
117,3400652.215626872,539638.8501684738,342137774.3646458,14387066.480446506,0.7392065642309348,3647.3020902428307,30.0223540590626,0.13984245232720988,10.388285162734018,0.19601918778544483,0.0
118,161726587.69586578,16798806.42028587,24858718768.456802,833416184.1069407,0.38979109521838173,4057.1608318132803,14.57842704365962,1.6486267478401726,41.80336965324703,0.2528626973234696,0.0
119,16727.87758421533,1579.931953837087,4627764.1622682065,99554.95883191373,0.6524444392476559,3570.1335250822312,0.9959831003156047,0.06525331644273118,4.728595630114334,0.36938219793563526,0.0
120,59868.431869471286,16260.179208081852,8190390.465361531,251190.5433098941,0.7073489273074294,4058.898758271131,2.325852942269639,0.12408127995578733,8.712366977628232,0.3573891328649711,0.0
121,14122888.496040747,3330950.4363099397,360331438.0742456,39919354.09576027,0.6695778720225517,3557.839164766052,5.49153237374128,0.11456586666027561,8.333728736351262,0.050312090630283884,0.0
122,23068345.471791483,3042239.119097768,2907948306.5604014,108047898.93714905,0.578249019104493,3697.7685758524713,3.1548500951577036,0.13819831865504453,9.860796420229722,0.21573667856453183,0.0
123,2858.730497184061,594.5419460340928,941991.123106708,15904.343785898109,0.6564143098106507,3419.7544795691156,0.48744520876381625,0.04728072381064763,3.4261883344592348,0.24037739137464556,0.0
124,15254.320804664283,4064.8106739287737,2301823.676596838,62252.82601305349,0.7277980463721968,3691.2046019484324,2.0161316405027456,0.20851719095164825,14.073547386025723,0.14353447830915367,0.0
125,21704889.339731716,7362856.143650606,768399623.6462395,57814653.96275075,0.8069475534696977,3388.528983787244,25.191680445472738,0.10438276421050521,7.7620112531141405,0.08022287241147978,0.0
126,223285610.4948372,106846963.31739812,6652715883.647176,523927965.0773834,0.6224715076553101,2386.4544199164,4.207676449316222,0.07212055897334615,5.254244085481145,0.10129692108510424,0.0
127,7444.212386698276,757.8738286854949,2117348.2464262606,43643.902205194645,0.6560393003684135,3592.2770826352553,0.7907938157678776,0.0622617622321127,4.514251840502345,0.3343962609194864,0.0
128,16389524.811915487,3147837.8866927205,566967202.3174402,51882807.06093685,0.6705850080635491,3528.9370664292564,4.210719575572333,0.14694612182197764,10.036195819620078,0.12682021868023466,0.0
129,136966682.94320467,26200279.065232836,9459653353.185484,505083325.8899142,0.6801990277645731,3733.264662405555,5.445980989045462,0.12192112424101813,8.220279139544967,0.18065253729054326,0.0
130,728320.0016660824,179083.17417869452,26603372.92589682,2277681.0387715674,0.4674119954368255,3902.6372231790874,2.1927555954854165,1.5167580458169792,33.67891002250881,0.19134809375660827,0.0
131,1649535.3684625993,140817.48447191034,480628963.4958712,10191697.338136282,0.4930217013895951,3875.4165514307597,6.513919922342537,1.522314604189172,33.544460789576334,0.3994030302885352,0.0
132,181462420.59295496,25174921.61728493,12157343789.296091,706693279.3928475,0.7107173150260608,3759.0136966620685,10.443252023973626,0.08014966005747289,5.8054810514111,0.19193370067315502,0.0
133,3236.0504555702832,773.8999267203673,1035842.9449226807,17997.2683603922,0.659484197321025,3554.785287261664,0.5558433540387556,0.09042741969089407,6.653370014380696,0.22424013327606926,0.0
134,12011293.094662042,869897.0203125089,2978575678.360162,73769233.75147645,0.4979678571629734,3532.4558192280283,26.17102745493993,2.1962381646982285,44.581671360671535,0.2960219589573888,0.0
135,122473044.12174375,16614898.812461013,13816283969.517258,557764712.8563387,0.6700787220228351,3647.573569857359,4.301444865658073,0.05931727124829615,4.16207113338441,0.18782552091248925,0.0
136,11974553.602636794,1511812.6676176046,1474899658.1949267,55916568.61598663,0.4751689812066924,3630.041441623789,9.974903882468777,1.521716429678388,34.033361140699455,0.1108391210132296,0.0
137,2415396.753046483,502588.2028949029,258558071.13085684,9299621.893920686,0.740141624189776,3614.133853671562,7.494526544282311,0.13640813911058586,9.77315002018583,0.502644608803046,0.0
138,2592771.195690119,459767.97554596316,184622657.1880843,9936863.167486329,0.24950299306210866,3788.528131951157,3.018723422743514,3.459451317869653,60.029808892544885,0.19269502163841773,0.0
139,5262105.918409237,466159.44256779953,797134702.4119428,27620025.227372367,0.7037720962014167,3075.7748817695783,24.913934065622392,0.19175875360434302,13.257200349856628,0.3968875966699755,0.0
140,19552028.545286313,1670600.4574157468,4332566697.046353,113555895.0206404,0.8078100351765036,3114.0551880330145,150.16447085264272,0.09828996843742868,7.0386285207151476,0.26285402664720464,0.0
141,11894360.64074849,899743.8830783408,2503210444.0200076,69611707.25539248,0.770357818459812,3133.1870534749387,73.1096813718238,0.12461720591224194,8.916373858208257,0.23581961226191925,0.0
142,2948734.5788153172,541215.3425814869,117849027.15376969,9517544.542061226,0.6793698147572411,4176.231303737024,3.4470659614033226,0.14435761655959406,10.104069979500492,0.10322949381014569,0.0
143,4233.569822959985,1313.1547091866655,1065645.706681502,20546.278301736605,0.7701748798035984,3509.078525224343,1.5740696007822257,0.15379518300728617,11.32527229497173,0.40124201831957906,0.0
144,8220912.835270005,1556620.3280218889,265633432.2068498,25574887.3649029,0.6588697350253561,3691.366519662915,4.625457426149597,0.11507092482429186,8.459790270626659,0.1537483824763334,0.0
145,57986903.080500826,10794486.381878506,2138263757.0690105,186717438.04380608,0.7066631442545688,3851.009396909146,29.692504035547344,0.10492334597328937,7.66073553338136,0.12874068074972816,0.0
146,40726535.73774191,5788120.258422403,3796078366.7633066,174094937.2431469,0.6405713350408624,3477.729399519052,9.199406455175078,0.06866492283096823,4.854982988689393,0.16312197178127544,0.0
147,530845.5843837026,77839.91610134469,57181798.70156442,2304374.1464249105,0.7893032981565132,3535.9831099137036,7.529910904717386,0.1694191403512245,11.459888658663559,0.21178464442408096,0.0
148,10859618.046285655,2120336.19382721,722115303.2658508,41067976.52147838,0.5610033337907765,2906.3929206384064,59.72311734140624,1.432441089441069,27.762338543596996,0.13514355180575316,0.0
149,7616629.630621006,1063500.6752365313,627502152.7683418,31521403.033623565,0.7688810271095553,3044.3508058556135,72.67083658221438,0.20095555460042408,14.564881806893165,0.05959569228432806,0.0
150,914324.5879927978,81823.57770578502,130673642.08204508,4696032.210246209,0.7404312300635421,2795.7330070753014,7.838472070371596,0.1614059188866678,11.798644234824728,0.13483038053883317,0.0
151,25962581.898476634,1567894.2342852657,9300300643.640417,179982713.05205944,0.24995198346170086,3675.575969582215,9.79505152273697,4.18299538675332,74.05175131183766,0.22199139913539404,0.0
152,47458385.99815347,8436520.953131603,3058290076.505845,178581851.08096087,0.6830566655051117,3669.294108449047,6.830729098881035,0.13223691268725196,9.55882353000936,0.1519003870112725,0.0
153,1140.3997710203832,151.81293821308634,525689.3827485394,7684.157082294167,0.08423918257042029,3877.3563586756027,0.542225661184193,5.439641163664262,88.77932456048732,0.4889454977354147,0.0
154,3786.452957803021,860.4570607773552,1044044.2912376762,19063.481375275987,0.6484971612243955,3541.653496617414,0.7348822618751282,0.08902217050297975,5.9883999187586925,0.4549124292843795,0.0
155,15274552.575410673,1555128.7488436657,2980214378.922141,84542697.44495946,0.7995036185427382,3120.7936250320654,176.75505539882985,0.09890873867928578,7.285408372880939,0.23850142980367575,0.0
156,51568800.60683992,13158691.001282852,3967717702.250993,183030843.80089566,0.5820273938970539,3980.8042021839433,7.821742556468461,0.1231660831491097,8.721324682751181,0.2286973426398864,0.0
157,294836265.1999116,53224792.18727223,9183262747.791431,925165690.7427104,0.7088805650012746,3530.842233250072,11.47807144975721,0.1602980472933912,11.579495306557329,0.20379978316771624,0.0
158,16948.310483507154,4493.6314493137525,1690019.5262482702,60231.12140566435,0.693049934999987,3499.79949076011,2.054374074440429,0.250119363152369,17.455864903080446,0.2874478203211462,0.0
159,16712844.94637118,2805027.3844287605,1381281066.616555,66648932.418639384,0.7610595449142814,2608.4644765408907,100.61071439485471,0.12907487686530103,9.457698805457898,0.15420926799033008,0.0
160,4674190.457321189,1000726.4817259836,196263791.60971904,15057300.709663814,0.7072003929604593,3391.7807239448175,6.205112062904083,0.09713077575892423,6.625958136955736,0.4041211944804662,0.0
161,48890070.96034045,5262540.84600211,5924516116.367457,233415361.09344608,0.7322685574886387,3368.6701256561582,182.36294384715964,0.07695646212129911,5.472245961774178,0.22535730813560267,0.0
162,118122520.03586324,9843316.986921208,17868220199.1407,625273636.1928036,0.4539593517340449,3802.7045800531705,420.6267551328997,2.164806632083568,42.48483985584646,0.11888756657356474,0.0
163,42337420.19041646,6975827.444769517,4738625699.997274,184659859.50790972,0.7255640051847647,3472.4883585667803,20.724518891229554,0.08099768949667334,6.13491804163719,0.28560224423633934,0.0
164,40275164.8726721,4646665.580118592,4376096110.323352,185053719.32759517,0.6523385476059774,3524.225018483878,170.04297171702083,0.7858639649969327,19.08556566509286,0.19789620160560925,0.0
165,26524898.058896065,3021095.226190987,3274962010.8985763,127045686.2929683,0.6800509821455042,3679.8918383317314,5.031252927362958,0.13685865573918984,9.585519909693621,0.1446625615804145,0.0
166,8589223.743439019,1458156.855006794,378459547.85033834,29471402.801969122,0.6887236964976647,3433.5777461567714,8.198630509266392,0.10733055632511065,7.832364981653484,0.12910393463451625,0.0
167,11320456.600390889,1206952.202207643,1976501054.4271839,61438020.71019117,0.6840084616476907,3425.2958839839225,40.37264438500844,0.8086530372151625,20.449651039429632,0.15677230752486135,0.0
168,41956813.339038916,9769528.452473482,2559227830.9637322,146229005.3525807,0.6934478945850626,3649.205691434312,3.505307733663367,0.09677538517692605,6.662937375163116,0.16564466610229522,0.0
169,1832051.185617684,362972.41596784774,137639394.25513637,6728317.585400772,0.7276511104669596,4120.745422543489,4.251770841989186,0.20833315233211938,13.986308645013377,0.06871323165095021,0.0
170,6826946.960127475,1878700.7112653567,522998944.873314,25107431.32269281,0.6360170913441305,3453.80088729423,6.098260551762819,0.06994655456416839,4.815609014727627,0.24959983521825158,0.0
171,49994211.638325684,13426885.767144289,3289619715.748394,170847447.31504053,0.6549925845817824,3892.4487176769044,3.757672850423705,0.04434896729885871,3.2959270166920263,0.2744683480770586,0.0
172,31848096.631079376,5387812.8422112465,1451573038.4120765,110173390.94113386,0.7197957814799527,3563.8505893194088,6.638511598958839,0.11514001192352045,8.282207485597185,0.09502933698361607,0.0
173,34564945.46683488,5579795.198597425,3088883320.530773,134775972.6018691,0.7572806279426038,3003.142184497482,50.22882463576674,0.003789285756897165,0.2606850692329402,0.1532882436844784,0.0
174,290182.2908999332,47980.46200542068,28942219.67569547,1280274.2001878128,0.09591787466035359,4127.482761556721,3.1510186691129003,5.481185356149577,91.63069496761466,0.2081952987633808,0.0
175,10267.52816736533,963.273202093353,3320848.0029050326,63148.06960405029,0.5958186861088006,3876.271297912341,1.0048057361792628,0.7205065738397185,13.742414377771553,0.05176690691644433,0.0
176,10066.973938949708,5239.693861432144,1171966.128504283,30204.687462167105,0.6614797992455157,3517.145206974159,1.6908890984824274,0.11880835027171699,8.210820551445886,0.44657717864382923,0.0
177,360793386.85827005,111813674.38326702,6857307526.818198,878597243.6144826,0.6440357839191249,3011.5974432314542,6.543789983177742,0.1315862459599079,9.486072098716011,0.11025173293681777,0.0
178,1560829.1990056196,369224.5065381579,61304513.59813045,4757080.885395855,0.7303704364735231,3535.767895988008,6.721285620210667,0.09887910514232852,6.83108293998796,0.06416274984807668,0.0
179,11961.736114203197,8761.845509752178,1143280.59918385,30989.157034686497,0.6743759715548185,3430.1136439426973,1.513531798348234,0.08205544078256857,5.981282372498673,0.17070890396701294,0.0
180,20619416.293102413,2111830.895051117,3804312033.012243,109606117.84407596,0.6974251266443148,3310.754801579181,140.61052509251192,0.7869553643476344,19.063271988594106,0.18128677741965374,0.0
181,6361.097226443638,1415.2121787782214,1773230.4794377058,34040.904747437475,0.63562397133164,3682.270988438349,1.012591588263723,0.08351815443010899,5.868031660104167,0.21845540929596907,0.0
182,6658.938573096215,2052.8117927461976,1638099.402875249,32515.943168484093,0.6908409966431887,3839.7538464646395,0.8131944721091585,0.10990315510841979,7.874620677395382,0.07646609029654083,0.0
183,1359354.9707493924,197811.30713227188,110199506.6441433,5481008.626076675,0.7301598792299188,4198.311714642841,3.129608311194631,0.1129360850020527,7.4013834678777375,0.18472898930092388,0.0
184,10027461.278096087,1190552.1513460544,3259705070.9601107,64960210.10029056,0.6909114749794012,3148.543879454479,11.174096261648996,0.1815403855682171,12.875037479636564,0.3869450629962329,0.0
185,4365487.67015576,978950.5220983733,90144998.18717276,11879743.543230884,0.6751924112189998,3546.156441216992,3.5400251728661916,0.17509981401238237,12.331643702283067,0.13603684839651156,0.0
186,62342401.68767114,5931639.997052109,7529510962.84936,305642057.78463763,0.27183009024799343,3803.705316428451,21.9131838134211,3.532936419556074,64.93388242920786,0.054824140081970354,0.0
187,38627538.19284357,6063446.052244161,3710397583.334797,164581778.766863,0.4572948274549088,3808.7546345435435,123.18398619961899,2.2883782579709746,50.15916536517502,0.08834862324888569,0.0
188,26634449.86794703,4439335.644873266,971961963.0567636,87973036.12256885,0.66338927494866,3840.7481870696483,9.316004588984088,0.0533956528262209,3.7840409202191596,0.09173147623168403,0.0
189,9857.515067521828,1122.1442684645815,2313585.8571558045,53043.699763445686,0.6496918271612098,3853.1687631110267,1.301371909152175,0.15133512480980899,10.764105647234002,0.11169950474153101,0.0
190,4810378.20147327,560997.6310615332,506113053.30951184,21978350.01694735,0.4880006200262429,3440.6118626004154,16.25759600335347,2.1411729140729983,40.733756789038026,0.11869833977195834,0.0
191,7331.154072953514,2211.0657007144573,1390179.8378466521,31565.25220755157,0.6585049340937432,3417.932691427978,1.0173862616810943,0.072970932735545,5.10503603201911,0.3187788232346116,0.0
192,12541.271192308475,1177.5242143686057,3428928.516892227,73500.91562201464,0.6448996903571708,4003.8957233781466,0.8661685272627921,0.6795224671071222,11.293126946075942,0.28812170202203086,0.0
193,23488.95913813744,18878.36476283108,1712885.4993733708,53815.32698198773,0.6427424245146296,3614.734312410488,1.6614574900165753,0.04463996358351006,3.020334667059937,0.19255217754301646,0.0
194,10699294.719333101,853946.0197447201,1710807432.8046174,57808648.107081175,0.43131660681410156,3771.18815245073,17.691596433227957,2.824104682035471,51.74431399152409,0.11986682126643189,0.0
195,6967.910235196161,1456.9818626445801,2016451.7773625706,37718.808656687776,0.6694334830959507,3477.26495864094,0.9372736917617689,0.05140541782571475,3.8088108923830717,0.32044682343029834,0.0
196,19166941.513018053,3232804.2231006655,3055028628.14361,88383636.45922427,0.7648430299855232,3171.676793728544,39.813409096102816,0.05121684174560537,3.662084861553626,0.2715726158678291,0.0
197,4600290.298678965,787904.1543556338,433097827.1801081,18523035.495449193,0.6017113245829655,3637.140757016105,1.93756278248068,0.12979127863993822,8.247541102994443,0.22827049301527594,0.0
198,15975320.358000135,5324994.83013677,147299631.48383793,33247033.204481572,0.7333935439193174,4273.371643203949,5.742218408969915,0.10575530203240602,8.067131142004868,0.030982119929536447,0.0
199,3117257.385304191,466292.60677794705,388780553.7013507,14013917.096126515,0.6976232135121248,4121.522249328181,3.323745702390189,0.13599379835165512,9.061565495070237,0.3125112654256036,0.0
200,2839.150495224998,365.60080199937005,1228489.4192372966,18801.87151053286,0.7360471201590911,3977.953779805946,0.3547236529400761,0.097211706800812,6.56459888914857,0.3106236978422931,0.0
201,548316.1390408234,38997.873465218756,183229440.87339786,3628511.5632605427,0.5230919819526637,3851.520245745462,2.4564572757311574,1.469483614490968,30.08745449015992,0.3538127848844897,0.0
202,13756436.498022934,1200690.5596399154,3790266208.4714594,84741629.33960551,0.6668814246601498,3266.5790649553883,30.182150650636153,0.17188954359530592,11.612804515388373,0.3642464331039502,0.0
203,11387152.897769004,1265991.421845644,1253227171.88335,52461754.73728951,0.6996898350082943,3618.3101864794435,7.106190884795351,0.046077444737197305,3.4803773547988515,0.21374177792295967,0.0
204,10702332.732698781,845352.0076287407,2018004379.0001915,60510597.951166786,0.751308320957672,2954.874350134976,65.63390967042565,0.1426278416262896,10.450195463504745,0.21064883206164808,0.0
205,9342939.422904667,664806.7576175017,2057604581.2475524,55950288.192371726,0.7603708033059852,3622.8616755230814,14.27342632176148,0.06177736887209697,4.493499859773495,0.2305536594159836,0.0
206,3841.77695687133,1170.6071881408527,787387.2152186555,17633.308266191347,0.09276789468685934,3277.6735073026384,1.3323259213240173,4.793040337931758,80.0644234750458,0.30773112778877953,0.0
207,100497913.4854628,10682097.020827966,13415063577.610407,489316286.4498006,0.6296427172605255,3875.076683480147,5.985584711412975,0.14574036327901546,9.943569097656091,0.2177090358147986,0.0
208,18483862.3070882,2079232.9370213584,2789282576.783436,90658488.71825312,0.6859901948360718,3767.1045932990537,38.186510370364495,0.1374915260431681,9.464976190058769,0.16211860783074347,0.0
209,18692823.299279455,1741765.7567837145,3848760740.8185897,104591951.16652729,0.7015651549574327,3289.8289554698285,28.613264657837693,0.13529687387958883,9.507394784731979,0.411338268526887,0.0
210,4031279.5868492066,659256.8578975248,486801531.22235,17468934.190938912,0.662058202297165,4223.257025328359,4.396759442250956,0.13959917379557663,9.456626583852797,0.10930996623507906,0.0
211,3448101.2401191043,533910.963743208,575640358.7043141,17459032.151648328,0.6761376385355387,3568.824077064765,33.58444376750111,0.15568689093350443,11.346480091829658,0.24853891650138935,0.0
212,9643.059110397207,1410.1119770804205,2233391.675865507,51373.77033918812,0.6669541474260415,3938.2708629664603,1.5279265078301054,0.15866358786141044,10.949450312792157,0.3211123856166405,0.0
213,5202362.360944776,706003.5146892482,351966635.5336372,20445186.178278428,0.7156268892620903,3872.0780768502573,19.37737462974083,0.11535250412026166,8.083309168672658,0.21463117045094918,0.0
214,15521705.797814226,1129390.3403583416,3502158808.109984,92821997.98530096,0.5651782780808967,3811.4803392134836,40.991891633376184,1.4912008169424216,31.666893547839912,0.29334733977235555,0.0
215,13331.457315349975,1429.176077033792,3286667.96255614,74044.5878306964,0.6655431473877099,3611.1478109972672,1.2417767511812638,0.10678707858841197,7.4093289035767285,0.419268102430664,0.0
216,7208144.8236883655,1146834.4623907886,339492065.08149296,25165562.202955477,0.6623864708114872,3576.0393308804955,6.340484417307559,0.08452966629734923,6.133294007635689,0.16154523219064137,0.0
217,5268.75238420795,1075.4676064332903,1664368.7536461882,29500.01652847291,0.6439962885657989,3444.6884417280453,0.9773040861537253,0.0948953492178708,6.359292918053124,0.34935838871587765,0.0
218,26083000.126702603,6677466.354394661,502128832.6460201,65733097.87900092,0.7075744463709756,3570.4984650503156,15.261173947098431,0.09903227179399092,7.24738300696356,0.16723784680079917,0.0
219,8118463.87017182,3485602.3408360803,414556513.1563514,25227439.472164907,0.6773332641758666,3951.163684117483,4.324072553299956,0.11622336041166088,7.776528571472459,0.25530968479441446,0.0
220,12516878.793948103,992786.3246905807,2065221566.3255296,68330960.53238158,0.7553433118508632,3732.4992258538987,35.12488050526972,0.03696586688966956,2.874932623027662,0.18274314553053445,0.0
221,20670767.570971772,2338425.349441418,3726433436.1450324,108699434.17996442,0.5376198768534791,2839.4020052553287,193.7161895033872,1.4745955150222063,30.614797750293206,0.2797531928461838,0.0
222,2946.8691072347797,422.9071972376996,1169412.045136087,18712.969464115617,0.684768768586882,3489.2114132301867,1.0195740255330308,0.11751372124790853,8.625805393874952,0.06483906958685899,0.0
223,64877447.199620925,7816782.076615153,5792728634.593102,281174861.21665204,0.6912669634854894,3470.975188275496,8.804526719256343,0.14936606328438568,10.984807435111863,0.2317927312055548,0.0
224,19998.720617161198,5543.075537258528,1612135.3045428249,64658.25889392804,0.7272008161245962,3472.4833080020576,1.3857424232518964,0.24376675197380085,16.939412245417387,0.27614857099924683,0.0
225,9274.102342025955,797.3529129618214,3297308.4312809184,59917.42081249879,0.6612541965012444,3649.0974288806465,0.6954352464403478,0.11955351517469089,7.837555392480167,0.25837739415547195,0.0
226,56903.49932752924,22257.68990782665,3228257.082825147,166361.18707985626,0.6774463621670335,3677.045108583671,2.3307219465621323,0.05173276773127515,3.942504579058654,0.269913804511535,0.0
227,15897500.32416817,2687235.475611081,1194248965.9415214,61371566.964152336,0.759148147339103,2946.757261542907,186.1356832787872,0.11861645544059671,8.660483000065161,0.13002020054415606,0.0
228,5948995.878858253,550202.9540273343,1086403980.3837557,32738307.36379649,0.4642247991403054,2932.8898446361463,12.634046887697993,2.1481273008023294,41.2253917224923,0.220811060616892,0.0
229,15447216.944539726,1301056.3203622063,2700366746.481568,84791703.93386018,0.5745907306109709,3341.6751651651844,129.5667882856965,1.514501196348795,33.45702407658556,0.08573427084418599,0.0
230,14032.995353349233,3782.8906810536746,2730996.97667558,62586.23886780301,0.6392119971204504,3477.869869357039,2.7177856220564065,0.0697954278778643,5.079695015921224,0.33134805053849486,0.0
231,5171875.345800855,634889.9275582241,522950111.3589401,23056373.42327649,0.6458923172041481,3755.000945126195,3.9678894611040434,0.1738235612021537,12.258272524025793,0.26862617418326085,0.0
232,8363.978717509677,1882.5387434123882,2015214.3205623045,41288.92879213622,0.6927066365967331,3724.9125072705156,1.3814682198435728,0.09706923777379464,7.0515805711467765,0.30454672926248055,0.0
233,87362052.04727599,10073793.440265829,9636519850.111858,392636854.5102837,0.7702195526474747,2818.4419947385404,446.03029360465575,0.120528074748976,8.394662719248746,0.2839188656174146,0.0
234,98958158.90398568,13220877.599057296,7460133613.348692,401060811.6382407,0.6529782558922187,3635.5109303762274,7.480695754241929,0.10295809243535325,7.242768891912047,0.1606700735579809,0.0
235,1748720.9044544145,289223.60908051085,73048984.15455015,5862690.260193517,0.6815409697096252,3906.44779535137,6.147196422690341,0.16279115997129825,10.754037326925225,0.5163825324788588,0.0
236,181417740.07189485,26936903.64897267,11082751604.151958,671277343.0507038,0.6275867037759776,2958.540201863474,235.8420864907232,0.7754005871574432,18.215815941092536,0.24467979179488708,0.0
237,14508655.123186726,1009226.2205250815,3726436820.7287397,90464501.61131632,0.5016841992052458,3149.1206388047585,35.94362361215674,1.467976613795211,30.277894812183405,0.35752851240593414,0.0
238,12287.492029836054,2102.245742286686,2926840.292899017,64258.300737667945,0.6437288128637206,3592.5370319816398,1.4756535633702907,0.0226793846641276,1.603431790291951,0.2934097543904799,0.0
239,13400492.516852854,1556180.347078341,1994393178.6779377,66166468.76518582,0.5973958097469105,3950.2398759306343,1.786900310665363,0.07147672933641021,4.875201332780627,0.2826685200719621,0.0
240,18143050.8027929,3228015.3321253173,1293714572.1052222,69875985.70070983,0.6447600742292308,3582.1035008081044,7.166930438062658,0.11194510763350136,8.0421321853626,0.18042901285182544,0.0
241,59428109.01459944,10019574.594924506,3454451820.645827,214471804.70594323,0.7661295555805749,3176.973207765706,138.04704451441418,0.10108872139257459,7.4300452605422675,0.22765706851677933,0.0
242,11759.389945222576,8415.95211552436,1175859.6842647584,30520.15689710748,0.7002097134709997,3467.3881406536566,1.4117883132677893,0.1026794360367198,7.3753395269072515,0.5127821080642604,0.0
243,4892.591380331546,579.1488933181233,1593789.1131984878,29456.490723117906,0.6223197306146986,3768.3515598555323,0.8714758365494749,0.08167514988073865,5.13572027406898,0.25275617831250596,0.0
244,11791.436172810578,1640.2365901206401,3087814.836878398,65194.22825508865,0.7254536519914883,3536.798907197644,1.6424180978715799,0.07496213864830796,5.657621390847183,0.3264176392613243,0.0
245,231929986.14808598,54097522.194758296,21967782368.524876,919079586.8719174,0.7305260841251505,3370.5632643335657,22.42045292180515,0.07343655114666996,5.166937610329979,0.16221411937282346,0.0
246,3269604.376056378,404508.35197205894,353173853.6547287,14936842.927474355,0.5817671731315454,3972.6835814894157,3.498977630997579,0.741510966498077,15.511618220591595,0.16269213933077847,0.0
247,32176415.75199326,3528151.4351023147,4731618140.399208,157056789.7416026,0.7009964230946331,3481.490344338551,24.371811640465456,0.03482955279377942,2.531377924316355,0.283604858938436,0.0
248,34017440.01784961,10174918.042026786,473174378.7824888,77149605.06083529,0.7316026628689578,3512.3544967609023,14.00468158655163,0.11717786706180595,8.395207577418212,0.2513712108927755,0.0
249,31811404.415351618,9081870.39266963,1166098990.352854,93243399.88578637,0.7023958163513301,3601.0226726654437,6.644501032767994,0.15433048715978542,10.896123051952829,0.11582957075593185,0.0
250,36566229.422208846,8055028.856273031,2527073585.63548,125990157.16419692,0.7506991582032881,3210.599502543796,66.28092500457305,0.1299519576174677,9.416573930684729,0.27678757698738726,0.0
251,1049.0289915249264,136.50745820058327,456893.4374497519,6983.573197118499,0.07347249568425242,3865.4686953904907,0.5921738484052013,4.743142142911976,76.67816179956588,0.26118813067011115,0.0
252,6945.1587308473245,4029.1379180328927,1234449.0022676536,25818.278978291153,0.6800480118572718,3649.2330593421066,1.144998817961142,0.1805250949886225,11.738251731977067,0.23315270126963816,0.0
253,2572225.552908044,396851.52362193196,359086444.7463809,11911282.542339643,0.6910304279830395,4249.963204487121,2.560513021900473,0.10588795957275102,6.977502616403631,0.1745284061191511,0.0
254,8481499.983467005,2227441.664757268,133282672.35330376,20870027.069789983,0.6773350219695462,3614.288634326068,4.714988252748679,0.7672546976474675,17.595192089329892,0.07159717383295638,0.0
255,285093.14023043157,60208.55986151318,17311527.756795086,981509.5327780014,0.26396219159008344,4310.586651216065,2.8960625353386917,4.10892569206758,68.57118092896488,0.20951573296355377,0.0
256,437238.9733796654,63017.08315861281,41663493.029513076,1823372.6915372969,0.7235219077902115,3985.185153529931,4.722855157399105,0.10095044697298308,7.119506094625533,0.24943783383569534,0.0
257,302719819.87012374,81885268.06657565,14997790223.681265,904334335.9639769,0.6637658436115392,3366.3258180864914,41.58868379404277,0.0826175472209277,6.031093327680206,0.21285686524438455,0.0
258,5757353.760711743,755616.5331381678,1512598195.105617,33724165.76382892,0.7607262094654795,2910.046316660294,71.99183415389065,0.20106386500518286,14.524287227995462,0.4103403288876446,0.0
259,28367565.608874314,7653822.418199991,1136240790.6338773,88484699.67082797,0.7119279875398713,3545.0130455625167,8.391277029545057,0.11533948665409426,8.472120292118442,0.24716059493034323,0.0
260,452125.20435413654,38762.27845350998,90060455.22817299,2549997.3551832107,0.6496998634914357,3941.9579147231193,2.5947280598608127,0.12819335091632472,8.312112769645784,0.25982823378267317,0.0
261,45561.17413494616,19204.78755723294,4914113.333578371,160214.30274300542,0.7229765004670284,3922.4712031177487,1.2843836348019804,0.1717204405403848,12.465229073111512,0.12445544312430074,0.0
262,12228.980783391627,2870.404907122594,1652674.632151778,47626.78445324725,0.6708646935138363,3869.946251943656,0.9400565405666956,0.11004972415756527,7.752130215962332,0.2961945076522571,0.0
263,5023082.44282487,942899.7606256943,854242818.9508407,25354509.836809892,0.7393972635570765,2772.586351527084,77.24343147017727,0.17145664760341042,12.109417386686697,0.2712801136467132,0.0
264,24847.316961247172,3680.280089036947,5597277.1495129075,128749.6488383743,0.6781985373887114,3433.8567353429844,2.0074351216134794,0.10974806238613741,7.607167469268596,0.4245490290645995,0.0
265,9923330.094601812,979047.491484244,1476584266.5499322,50834002.51210804,0.6810974502884499,3577.803868134031,39.31738712000851,0.18777682153311198,13.532181207351659,0.0637212261192864,0.0
266,39977.80425021669,13180.95998756983,6373938.411542189,175847.13129695904,0.7616978531369888,3998.138044753544,1.592877189154772,0.04199486676097504,3.068900299448147,0.261610232691928,0.0
267,24661.965825757692,13102.232418609488,1639989.3267683226,61802.20380359376,0.6488256711835677,3403.125431714593,1.1109295265249826,0.09618182977336298,6.587673377046512,0.4152083871376963,0.0
268,9930625.481964871,702044.1034412739,2628453198.9681044,62199138.050110504,0.6674223050512816,3339.068006272022,12.39071286620614,0.12180176832558454,8.915219167398444,0.30525173208636497,0.0
269,57770751.34767588,12566901.814148922,3362250322.087782,193798617.29361945,0.6113803661510804,3724.5763021629386,6.168948356617888,0.1660469639799457,11.786834047117328,0.16943555840038443,0.0
270,3144.7496465666736,273.931320188594,1267849.39542646,20858.135491401343,0.5905921847112794,3936.8743957595857,0.5191519650646901,0.742160134076355,15.389897232656907,0.4217783884394267,0.0
271,9598.404351832967,1830.5283193074447,1651701.7050181548,43131.233913223936,0.6304517823498244,3527.4805130775476,0.6794944927041299,0.04868482756222683,3.435305055946131,0.34799325274119014,0.0
272,12682.964769753937,10416.071521581294,1070580.2454074235,29670.676983580237,0.6475727373875129,3422.301976968212,0.9606790876151272,0.066766760227907,4.719492948157755,0.6096918995689828,0.0
273,28419212.739634644,4398694.861878261,3304111539.82827,121865466.54777332,0.7516237207787455,3046.268745118934,170.51157517044405,0.0992209703630718,7.377049549461224,0.24406900004828083,0.0
274,1217806.639295192,176914.211876725,160387017.24223727,5742989.401463284,0.7209197217214675,3006.172307341888,14.358743416671013,0.15474115150960302,11.187853626754215,0.19771929894841989,0.0
275,5777775.831350988,514136.8792089874,970453310.3117424,30778970.70667609,0.3344960339469804,3439.242883943777,4.677242250290655,3.4684947844639473,60.45835459225917,0.021117094195515062,0.0
276,22541.906933466613,5325.707258920186,3539012.129487713,97861.7628480957,0.6598509929982577,3750.726773480322,2.5711642389701335,0.0973298248499371,6.9311759996721305,0.586665266839383,0.0
277,16497218.952597901,1111079.916292218,4722436584.33363,106790251.34371445,0.6605555162821446,3135.5293177143776,59.26140061193314,0.17245244548595523,12.381071896741302,0.2803867463675661,0.0
278,6797.286844942528,2538.019341401134,1298199.0420356006,28316.83245606281,0.6992354633360204,3419.8856369418486,1.4395235902094397,0.08563245486523278,6.1551188324553525,0.4703758185546313,0.0
279,51518712.13504936,15773396.257257592,1636935537.7668948,146894193.0534603,0.47299583254885463,3647.247857393403,4.694261030498133,1.411430710802779,25.915245871203687,0.27940165761923286,0.0
280,20061229.047016807,10152534.50346905,434286950.74169844,42023070.17872557,0.6888335375299444,3177.418763003687,13.697547936320749,0.08541248401303747,6.417182000205409,0.1584544289240257,0.0
281,4641155.891403748,1186374.206692879,156444167.01996464,13507909.102872733,0.6413056091252397,3927.8552725777913,5.071646564021273,0.7426695394829093,15.710925520923979,0.13366669064195721,0.0
282,103621.31468924011,31530.994151959352,5116387.602106085,290391.0130499346,0.7002852687056418,3441.1156123161845,5.449253750831414,0.15177924592745623,10.253126081163618,0.14107164723242233,0.0
283,5492546.99954561,1187971.7520475895,320343168.6604604,19405283.053604033,0.7421361759712518,3434.863673156917,6.793871961338494,0.1339295737982969,9.997692200949093,0.16876116676993647,0.0
284,14455755.389223432,6452161.234835252,584889726.4323618,39574404.41931927,0.6262011012950246,3621.2709093051726,3.627301784169628,0.09580814109740787,6.682877066880577,0.3271134907564156,0.0
285,10287.719933195178,3551.0711440375308,1771223.9552566935,42882.771887662086,0.6288299752850299,3349.0448505701743,1.2115530045949128,0.11816403307716579,7.809459968312612,0.24623745301372602,0.0
286,25673850.4730362,5013606.130940624,704354245.4268613,76643000.99288543,0.7310753274170847,3630.500109536889,36.85407737263696,0.08556036659002082,6.209176703556132,0.08789998788908308,0.0
287,11683.710580273968,2540.676124519552,2689942.9670773125,58325.53395068981,0.7221179379348416,3473.060582851168,1.8314732470008295,0.04597258995196105,3.286689552513137,0.41101110242008304,0.0
288,6494326.330742485,1063338.5457133998,383681201.9541874,24244317.568708174,0.699429489936116,3290.4486466997696,8.320289305565852,0.12960420502111392,9.539970525670299,0.09831941471192857,0.0
289,20945388.712631267,2676734.4457713105,1874887559.3853314,90108453.02957061,0.6545971588657801,3679.0962018782197,9.073826905357972,0.07518630869605189,5.289019401775969,0.171329987443865,0.0
290,55621643.6009179,4946770.416329017,7106157569.09051,279899959.86177963,0.6633531328798307,3867.9957843584602,12.342871787400453,0.7631657911550468,16.91371536703456,0.17470907168982225,0.0
291,9717758.783499662,1409018.8327629503,903282796.4236536,40249413.448781624,0.6489342499674413,4141.0780389551965,6.963718927337598,0.2086936234127868,13.86299072136598,0.41215783973221826,0.0
292,41141861.61840049,6844509.73249997,2101835980.2366765,147080257.4018672,0.7093699214926754,3660.447231133918,9.542367705326237,0.0973124925960163,6.852212611862218,0.2434778761513071,0.0
293,190430974.6144515,27428746.00968792,13902557391.209799,758094341.1626526,0.4329589549498444,3873.086500148568,5.944015636124949,1.4732590570330235,29.55142636513194,0.13510326123032176,0.0
294,28528524.701833546,8735336.981942495,776946437.906551,72773436.93308777,0.6558424085940129,3582.0346691606223,8.703130286721336,0.0947655045298192,6.692399910677681,0.12815245592676153,0.0
295,22877247.22167108,2948611.2325748643,1488413110.2726567,91161151.10628843,0.7803368582302644,3546.9396790520004,15.632379083300112,0.2711733969763185,19.503406290466074,0.08942809602264296,0.0
296,5501.367853409097,1316.232862906145,1623555.034263974,29736.103999855208,0.6395096312976879,3564.889768653218,1.0168334958721585,0.07967532692020392,5.880653339551583,0.3968536880049996,0.0
297,10751490.061440637,1177061.8986420464,1953857964.1662707,57915911.80619644,0.3737667608630315,3926.433250510114,28.859336184806327,3.542649671854035,65.45886571683684,0.3254426488944984,0.0
298,126805922.39297879,15274011.972518617,12856587250.06087,571626300.8059638,0.641813723547449,3997.475496125414,133.52435898764568,0.1663277376858625,11.522773454197859,0.13227418075332056,0.0
299,19711625.06336511,1887143.3462306694,3322449569.48415,105072630.45488277,0.7235052627349752,2955.1881447202645,71.09862971373143,0.14708723309052668,10.357398273731016,0.21112631048979327,0.0
300,20916197.487139348,6856797.976154521,623622903.0894932,57639687.2838771,0.7326264599847288,3573.304423902405,8.35437569612713,0.12435641732620031,8.80313472524433,0.0604021287045811,0.0
301,22984757.34076466,5276962.081742304,706853203.9094852,66068743.907777965,0.7016786375596185,3412.2947538773615,18.933930763257713,0.15726368058259171,11.256977644339539,0.275611961108581,0.0
302,523572.94992926717,166992.23444772587,40832565.158186935,1864829.3528373484,0.6099754388395034,3820.0110864067665,3.034695114951194,0.10894369875743788,7.484728943343519,0.5154791459552888,0.0
303,198922354.55786404,32564704.93394903,8713983342.96343,683120964.7442577,0.7620386586260041,3570.217921429141,36.383757008698026,0.13028090688835983,9.600691435469432,0.18395382453648257,0.0
304,1930.5904823379074,240.82859305915363,859583.1620496493,12774.596831407942,0.6610132903684152,4101.554865919858,0.5831088094048577,0.11030860874207668,7.866885512424946,0.2557419445631967,0.0
305,23180119.47096,4938950.516214339,1000527026.6360795,75689283.32976982,0.7237810299325108,3640.823053953845,9.78943765285215,0.13389219036616273,9.465665161258306,0.11133422083702042,0.0
306,8777.016102255779,3629.451695962717,1254709.8220906383,31868.93829736781,0.4966820637321831,3470.722700705533,1.7272834023266066,1.4615715758548198,29.79303683669766,0.2371710089163292,0.0
307,525150880.25397027,78343852.76786022,52597081981.14954,2316049965.2082815,0.6516836582493496,3560.543247138451,53.2040974498287,0.15077083289587295,10.691879461587089,0.12252968687991336,0.0
308,4038553.873089023,1288322.7180576343,261662898.76017386,13729808.651111517,0.6308804645804598,3416.7828051745673,4.602786166356992,0.16557306293284882,11.25134133972566,0.4432113123222474,0.0
309,16477009.21127651,1484605.4469726444,3851633151.684732,96678900.38941053,0.7615868154779153,2546.774065261151,215.27695689344733,0.13370389762979276,9.714968091864613,0.30159438832326485,0.0
310,27460992.646176465,4937028.312704708,1554564310.4619772,98981562.03780413,0.6694608026186739,3679.0021564619374,6.594760315287177,0.11426380727978688,7.816250088483008,0.17783076651066881,0.0
311,12062.841987669735,3759.620073330358,2111665.0281836507,50015.68763073598,0.6280931387606986,3457.8909575688244,1.4484692230424583,0.07086389414202392,5.0991821535613315,0.3897621389845983,0.0
312,2424.527933293265,570.3054821629727,596258.1063354176,11998.518865497459,0.2778129786722506,3815.6763435456937,0.7575717772602775,4.104645920659357,68.08976739674893,0.2549254235738355,0.0
313,55659.194735053534,7099.981213791545,9728715.496544883,277607.30032875115,0.7241607776228981,4141.563200009715,4.19410969671969,0.08495361270030725,5.741805433681589,0.17904584407719631,0.0
314,7004765.805348816,737863.5838048232,781423592.2982686,33029608.661314093,0.8024014850942889,2991.9532630392987,61.265169789364975,0.10489832437342539,7.680848598167988,0.1432227197669832,0.0
315,9674508.051016066,1327361.5240539676,1046406857.42254,42987173.42458111,0.6638423681062597,3858.8338369710777,3.7004715184126655,0.08759856460691084,6.276898206625837,0.32695772326316813,0.0
316,2045066.7473143223,117335.7245464595,845369295.1953722,14807298.452429831,0.490112792669256,3754.4221339726173,6.0267081187682985,1.4441157510768008,28.408717423040933,0.06918371201830123,0.0
317,17065.489826249563,5345.151450484191,1765128.1660634305,55855.40474325878,0.6964691727255388,3624.9138273090757,2.1364274198401576,0.11193711463179686,7.697906043821854,0.06311271337083585,0.0
318,7859399.282062395,704322.094526966,1139978723.914629,40653545.129753634,0.7447453591653928,3484.7702261021213,10.832008501981457,0.7787181022049524,18.3724417512202,0.19965879336806414,0.0
319,1180692840.8183966,311969946.25036633,30107389926.26983,3193383638.224093,0.6566590179865401,1396.0970586779767,8.642998365555558,0.7092494173970912,13.23181797369973,0.027620413092382994,0.0
320,12316617.225487888,1442612.8004041547,1908477526.2468536,62126298.62184713,0.6360037981279889,3787.3127200262707,3.427976227731235,0.07955561497742787,5.505813751521389,0.23379948932585204,0.0
321,9984.30081815806,1903.947719140479,2765148.895410575,54965.93278937995,0.7101573086993113,3751.9352533943347,1.2135278206438458,0.08313791204202126,5.701386445578045,0.2869812777807927,0.0
322,83358394.73116888,30573925.413300164,4329756986.577456,249544640.24183202,0.7442568184474696,3746.0015456737206,9.153006000548498,0.10634594376175732,7.527607221672207,0.08644863496131075,0.0
323,70777772.63960305,6440599.765555995,11717829618.71674,377165012.16673934,0.35861038586128446,4026.054132206286,8.220190251371669,1.4786895888081895,30.94878469910082,0.21689161776725857,0.0
324,440327871.6432878,119247673.55494884,11986430029.093317,1225813089.4689796,0.6709770932180996,1418.0409273964692,6.665900440443873,0.10532064834896424,6.976346944484966,0.0641861479659028,0.0
325,2443.0558634984973,616.821085640263,641197.3604001966,12439.780566237814,0.07816269625172118,3640.297299191818,1.1161843920830898,5.495141639980021,92.91847000894172,0.44132243149175093,0.0
326,31829002.09525723,10492375.818675842,588015526.819083,75461118.32908975,0.4512720944671451,3708.0589586141678,3.922044147593224,1.4802878776645862,30.934049390263624,0.051741563506975764,0.0
327,463750.19251666096,36837.27367144637,140967240.78274953,2975225.171205704,0.5400976090867284,3459.7338015000823,4.126879838312932,1.490294533695241,31.46433541854451,0.26139947931528645,0.0
328,1711470.9312651376,329174.7138543501,79807553.68767484,5664810.576233995,0.7022048143777923,3851.6871019525597,6.064424010216933,0.7240792271789077,14.33343000073838,0.11926122268022031,0.0
329,2824571.87951543,1152037.0482784323,21386521.742288314,5177807.795457146,0.7093147166857168,3535.3270189886343,4.8095668781154,0.1124521157235125,8.241327417237441,0.25184066570085467,0.0
330,6648.910685983542,1385.7037881411381,1679402.286881669,34030.95424138902,0.6857958314635499,3472.5399426023114,1.2380774580930642,0.1194696377730903,8.723367204682457,0.04384185984408276,0.0
331,7019.112954853079,2745.267730066703,1501472.7763764092,30964.189713653333,0.6685946077879541,3520.2297003027743,1.1839782515328772,0.08400494932763278,6.1925016664002595,0.32780169353513144,0.0
332,15329649.393318659,1445826.876621372,2408192235.7741613,79797170.8832521,0.6751340841915138,3603.0816556604887,60.63802492693859,0.8218519656728885,20.98651793334232,0.27720509541291255,0.0
333,1035273235.7237108,230803654.26342598,22962019079.44902,2843251580.3140574,0.33420407824839804,1163.0892644549858,117.5610815051878,2.216996929850492,45.78113485068745,0.2886193608884531,0.0
334,8800890.491293207,551316.8271925545,2873407880.7980704,59478424.426769696,0.7903038773613872,3395.2755427426814,5.989827452664201,0.13487395340194527,9.932109138544858,0.34870388487873377,0.0
335,2978.4364464172418,382.745704563265,1014058.3694264262,17902.15422621864,0.6060318610889529,3404.9495458282217,0.4407460674816467,0.02817337549744172,1.8047476977977113,0.46894517959985743,0.0
336,1693899.3411939263,281634.60921374406,83531600.56485203,5929538.080783305,0.6949364883991697,3418.3701231704113,3.726074166846541,0.15319886144406647,11.323951863958602,0.12811384833247216,0.0
337,13970544.234614123,1910503.203486075,1420733647.1656716,61030403.35423316,0.6844389406100764,4001.2212351733197,11.737087770788188,0.13444645720501444,9.747775350364503,0.26909119075513904,0.0
338,729613.0098537977,179180.6497139664,29011567.291407477,2295010.4820341924,0.5942560870418838,3577.483343067106,2.5921530369236514,0.15168435545513814,11.129982542850488,0.27056251732494085,0.0
339,25905.24676730687,3225.5838440753755,7016362.634191687,149768.902402145,0.7451375747179093,3603.985778384511,3.1278953860974363,0.14415352111565846,9.963082842367092,0.3708000643443346,0.0
340,274123774.21119624,44325995.68458174,34579137843.531876,1230419745.3190541,0.6502104882275266,3665.2918568203318,7.087102870840089,0.11347591595962578,8.223529039744939,0.24208434543445018,0.0
341,39766.66250781405,13302.483777183219,5776593.918519735,161069.9479821085,0.6706930157204869,3642.6271605818865,1.798514235656236,0.09410121282783317,6.839853705509095,0.4393928447838003,0.0
342,2632387.0159350475,633800.6062268242,666242423.6618768,13795790.219796088,0.6886962325684534,3424.706464342248,16.286275120840287,0.1758600967151204,12.675023236606144,0.45818715822442047,0.0
343,48515845.706390135,5740237.64520182,8029930644.406186,247885608.6303702,0.6306362956429651,4058.484045318801,4.537799145627104,0.0951028401454086,7.061674147977508,0.21167101119251958,0.0
344,109582546.42984375,15729862.679041836,14368036394.789387,508222072.48077804,0.6094396389340787,3658.900935325678,1.1908874820959954,0.02961569355402549,1.9791582192290549,0.09344210792736435,0.0
345,88961872.59237164,43403942.873239815,642694192.1155027,151558351.63937432,0.7278101362029786,2957.6372631566924,39.704496686808554,0.194726539535022,14.351764244459124,0.27334474522260105,0.0
346,5931.004901576083,1983.1378397176518,1237572.5063314135,26241.411318188206,0.6318217866828869,3242.8037905813353,0.4533819583059835,0.006306304464818435,0.43040442900155684,0.39689299880941303,0.0
347,7540.789269927331,1430.5358863259066,2040720.0947292447,41666.555760807394,0.6087795695888097,3754.2062561638213,1.2415778366958719,0.688100250391875,11.60209890920465,0.1025665602869377,0.0
348,10791859.763272282,739676.6151755251,2487069146.1797895,65745256.99708849,0.7165497861502452,3813.8456728901774,9.403796925161155,0.07288246307271047,5.3939768844183105,0.2366219177486777,0.0
349,168645214.76503542,22116439.791982006,13706389025.29839,700373260.4032972,0.6626703890533555,3999.3452210712258,135.20335585045106,0.085337374254925,6.371105084479105,0.01069095504282045,0.0
350,16186961.498859352,2554563.921243485,4053122986.681472,92067215.93357956,0.4941117288648854,2878.010961030532,72.40837046329753,1.5603573832722009,36.488768318953596,0.34811725338079674,0.0
351,6655.732153275142,1499.9083379119643,1329330.7174676196,29569.513067229058,0.673506555433449,3487.9546983949476,0.6617366829935575,0.12977855497701193,9.093058284994713,0.37660685189452686,0.0
352,3577129.8060587146,510508.92414187157,324393523.8142876,15145320.651432222,0.567446473178827,3404.098051032637,130.7924401283449,1.5420974588651635,34.859209615638996,0.31750548313143073,0.0
353,10870005.514414478,619730.6702882639,3731960372.367303,75413581.26601857,0.7094243910788085,3410.491454421976,13.135204294412045,0.0751829817920017,5.2031312862801995,0.2651511660991683,0.0
354,172387779.1733063,11429578.722817957,39286973089.11348,1052843019.0336554,0.06835237968394559,4135.92274069955,20.228983415464832,5.482275337379621,91.66797505918252,0.22808809001990585,0.0
355,21900.66608515109,3407.1269658185192,4208880.366485092,108244.75258091054,0.6710896677916616,3358.2924788022196,1.432549516664053,0.05674900785732815,4.157628236886191,0.29601987582555955,0.0
356,3700.4519178773276,725.8032540441202,1058238.114099343,19626.689444405456,0.5313753873423437,3628.550500225923,1.4961040828090162,1.519605599498521,33.70916700691474,0.3642560322171293,0.0
357,5622804.859403392,728888.8177911009,343257942.14239305,22078127.470176596,0.07307940193860887,3907.8166322070138,5.1386508756545,5.448184071606662,89.20807001362024,0.0788504660210113,0.0
358,14154324.503081664,5104222.011625177,179692334.46315938,30992112.339555435,0.7355700313575402,3495.623239582691,5.166706618205193,0.16275333101672818,11.965309822223261,0.07121425873526956,0.0
359,16521443.914127082,1360560.2994150831,3471357254.0200706,95781980.32356247,0.706203646902292,2870.177432313003,74.60544646371241,0.11364914209855428,7.659762902966884,0.24464313050869507,0.0
360,222741242.02298123,83020782.39794871,3059141860.8263845,471745759.03328484,0.7165572162258703,3003.211884223714,8.786670135821481,0.10306385259868911,7.161615276278644,0.19426970590369028,0.0
361,57428009.431513146,6507498.24751584,4498913153.134859,245373898.18978015,0.652514668120998,3299.4568828808974,18.26058729255266,0.07427391220374888,5.337556530375626,0.2429688250919984,0.0
362,19072940.355836727,2724155.6440440924,1719039219.1859937,79644444.18540257,0.7198920475598903,3472.927983470686,18.783279950782404,0.1879702380058271,12.696320186574166,0.2574343471156887,0.0
363,31189813.536719512,5523577.340866266,1431613185.1475656,107931514.62027767,0.7853789991472284,3306.305457872549,11.368083895401009,0.1330221367227841,9.736555817306934,0.09872092726799485,0.0
364,5361261.41827647,900949.7353171036,210918697.8780315,17961679.95707242,0.10629575601264225,4317.429666891333,3.679733154785616,5.488901104768476,92.56544146653052,0.0465795278066568,0.0
365,294746256.7569568,98297432.23638374,2736582088.393231,613364124.5760231,0.6787135167878676,2800.02773925167,7.928420371007981,0.13954503272040739,9.283657662190922,0.12273118241031315,0.0
366,19980419.37126564,3255787.2961979187,1105372946.4580426,72239014.5685734,0.7181651776966901,3708.823696917468,7.672547603457994,0.1157953354882177,8.378840020612477,0.14742765655113246,0.0
367,11628339.71966004,1288003.9278202157,1793252707.528522,60154267.47645475,0.7459829895292682,3106.0741361506844,95.42519566651028,0.11164200633958048,8.244422673051313,0.13331884304492553,0.0
368,1024222145.5224149,160947449.94524062,60395012607.81321,3802155185.4773684,0.6475979160852235,2301.0707047411106,6.254224882345596,0.11869508890504869,7.958810218694344,0.11050633398497135,0.0
369,468062302.98433286,79853193.17271277,27311055093.998253,1673207707.5597613,0.5826837008491297,3151.1217951864687,5.0944622560761275,0.12466170145636228,8.690220388299522,0.09794984413472016,0.0
370,14930.778535592957,1793.2350385553789,3937830.9495171024,82822.486200885,0.6847303839201329,3935.9693911118948,1.8396128914993894,0.11379937832341458,8.078402701680767,0.29040319147055454,0.0
371,241585.60054813302,40751.18271789223,14051943.435343659,866863.980604576,0.6311427751500087,3760.4161653062033,2.2225167354787407,0.09489630347753568,6.651441857223936,0.07139064734887222,0.0
372,8602291.365098562,554475.4634677916,2758137884.1720514,57623085.90219376,0.6949556907148933,3650.6833424673473,12.98706441682383,0.16569813137183925,12.297126350619335,0.43960911296288246,0.0
373,68436.19698102851,19008.018741774962,2562800.3768500155,186207.5453784057,0.7006245701397985,3546.3539865030257,3.0447510860937514,0.27716079704291374,19.09254919668938,0.13117925061949715,0.0
374,70224433.40497936,6570268.288284054,14688772425.910797,394722321.9105073,0.6749022940409194,3811.031772952965,3.805471510318927,0.09708564354198997,6.9188371182426165,0.09308009137196216,0.0
375,7729687.388807891,1138771.1139351146,872813227.8504734,34087846.74611325,0.6965910846151256,3388.350542182428,8.007458003143334,0.211341914993952,14.281988225585877,0.15840832871157687,0.0
376,10030837.72145466,3122499.747757909,369000616.90588003,29013009.13749168,0.7455413887818965,3984.3165261662216,3.2765332232819904,0.08227882100693415,5.747066560649193,0.14507173759448355,0.0
377,65199841.06059791,11147229.926421557,6442961807.772133,277779161.59166116,0.6962889868199814,3652.036979228441,5.713783549467663,0.11790828848471424,8.49628503585451,0.17780052369531518,0.0
378,5582.2795665597005,952.913478126395,1387098.1875970536,28992.066976114,0.5048807092354476,3841.268197256363,1.6316368670385006,1.6856563970557505,43.53447016424531,0.1806604582844001,0.0
379,22175376.86699276,5519206.173398657,979780318.9038166,67811152.06633158,0.43574741360420355,4224.431335901068,3.1069925520638284,1.6298204673586372,40.16196883956248,0.2521390158043879,0.0
380,592700.7375059166,215792.20940353876,6474963.734574296,1200420.488118798,0.7454254301578994,3101.850015218367,4.2564438462851095,0.12333263361337617,8.983082692520874,0.3341470146121884,0.0
381,29194.8476106984,4628.44935118442,5122668.682786082,136328.12268475074,0.632542323505213,4297.872878607803,2.4819138434051307,0.10886044037968814,7.559009519894739,0.33956164855482557,0.0
382,3649308.522536037,439002.7065456909,276632822.544538,15259849.754880931,0.4659922357552788,3596.4895544750307,8.151312156281685,2.8137011663276814,51.15817104659547,0.07274509777285679,0.0
383,5374100.371127879,694481.4616326948,337551556.35312855,21176930.48245354,0.768755670143944,3685.007181542636,8.736590827273373,0.07033450400250674,4.8029973651193005,0.25484000929879314,0.0
384,5933303.083711345,920528.7284964297,386717982.8206789,22561010.41820851,0.6904282783796596,3647.041763218153,3.920930719659115,0.09552772423717233,6.845947773043845,0.13613334320014892,0.0
385,13465.449873810812,2044.740414376949,5139201.951518487,87458.07830169493,0.7636207116792356,3423.849156250182,1.986223705153305,0.13950387430241484,10.335925371531157,0.40270544359109706,0.0
386,12354.860985538457,3099.1614647412816,3243039.73821206,63163.24336074137,0.6838821508691038,3584.735879105388,1.1333095214285025,0.01664209565563395,1.1220033901832267,0.20219702461900432,0.0
387,21674969.662157826,2638015.0869864104,2596761176.9613485,99154263.55369036,0.7667855282972746,3715.416407088507,119.83852129303166,0.1848967066802519,13.47786568816785,0.1888133863253744,0.0
388,3731790.9071280872,672871.3340868943,402665195.6244854,15548524.195093563,0.6428421882032549,3808.9451135366526,14.158726207187492,0.7735555264253005,17.351301853425745,0.2854733591544394,0.0
389,13622278.860386956,1887102.5325027308,1571547016.272431,61508413.113235936,0.6557346967592337,4147.914090880749,3.347512861508256,0.13525074372697005,8.724780814649218,0.2681477533739926,0.0
390,2707340130.271214,1339979633.0069978,38373114240.7714,5025276048.516386,0.6579595120833936,418.7393330611717,11.824100751251239,0.15940490001093285,11.217414855455598,0.12407041438391866,0.0
391,1441975.8950021942,257100.416699705,102771387.87754731,5412595.4598057,0.6857260182365936,4204.4819045192635,2.824656643819144,0.13309755581937247,9.211413530254248,0.3821339627211891,0.0
392,4208755.078097227,474312.40687313845,551271110.6407031,20136579.110271864,0.6997102135224023,3301.482403594073,6.2872189103484635,0.14645419298209061,10.217924732357046,0.23875830427894035,0.0
393,9870227.630525026,975137.8915696101,1563691788.532333,51318892.22891319,0.6834247066585979,3756.32490878164,12.350390576546957,0.061977657078520744,4.503325563592736,0.278703299425343,0.0
394,74778213.6209065,11136896.260017686,6424664806.2637825,310988221.6633324,0.6488913727037565,3689.266172418129,6.618859865680711,0.09815574493769468,7.0724292511896705,0.07624835655627779,0.0
395,9079888.180091562,1633725.4142603946,309015923.41093224,28920227.68325334,0.7187153107854238,3629.108732054393,6.244831813901174,0.15168302924062357,10.81170530096096,0.2547883794249166,0.0
396,15862975.475422904,1932321.9540566981,1883226397.5241942,71894313.36059897,0.418181993399991,3866.843875277331,23.334661184517962,1.4668602852422545,29.933864051556846,0.2710718318855635,0.0
397,8595370.467561964,768262.7219962153,1108968483.9246829,43220620.70322116,0.7392209714913621,3684.351461694174,11.1957062756899,0.05774747210997786,3.861428322028027,0.19806387695829886,0.0
398,15818755.273121392,2221907.8802419445,1125844741.477902,62651145.207315564,0.7178018432282839,3024.730222247418,12.609519670472762,0.13992277684812793,9.877963931993515,0.2258267829010257,0.0
399,4377.275944942119,1273.8914190301496,1014880.723719849,21068.50153974526,0.6519590525658675,3867.183627809767,0.9373830738508914,0.7709122503947545,17.88667912524495,0.45646935987131154,0.0
400,11670.950068229624,1024.1853920830104,3177087.325993142,69063.75825473669,0.6497439742738321,3825.6094252321805,1.6411346499793187,0.18676081560487923,12.809581444607346,0.18391986814465003,0.0
401,114256503.36236712,33170431.493335206,3812538858.662881,333344434.0109152,0.6971983239679143,3468.8047895669242,10.007294985911235,0.11820661873004808,8.743582970312834,0.19044781955359374,0.0
402,76734.92882760442,9822.048584785818,10739852.916306969,355272.4427297649,0.6807932347906019,3883.5739691217786,3.473251782298331,0.18544452677262385,12.235080940377491,0.17821126501338286,0.0
403,87224878.33889975,74842351.59580721,768617977.5175195,133488329.49835014,0.6857093665788662,3474.5192932816935,5.514395716868857,0.13659255124235603,9.79298389348987,0.11468281840803536,0.0
404,13117.924873193839,1782.5835550508575,3450497.6607647017,71529.8160147471,0.7462356574795256,3896.175699903668,2.1216044295307506,0.06254624091281906,4.213427392280417,0.5253500413422243,0.0
405,106325856.77388142,11425755.882074613,11093924131.814629,483697848.4671563,0.6076143535616073,3393.076335672865,421.3984473204972,0.7931301255607605,19.423383686056724,0.23191946166564487,0.0
406,29734183.42182405,2133116.573659434,6182177233.462103,174593065.61599055,0.5492592583549417,3268.107480085293,180.19649450304792,1.4893168845069698,31.871198341851027,0.354463999158465,0.0
407,15225527.497476052,2137584.16099197,1813035739.9462686,69616748.49591875,0.6497885024419181,4200.705489225235,5.364153353463427,0.7839408244775605,18.255202746019656,0.21675982503659064,0.0
408,56025.49880726063,15964.701301868326,6553470.451255493,226323.43670358678,0.7542932822868277,3459.7158527350934,2.673160143968063,0.13219643112343665,9.046077730770541,0.5006798131624622,0.0
409,1383746.5532888623,326177.296735102,30400385.105788536,3725291.5769720087,0.7635849631874082,3342.6263650305145,6.664402769177981,0.8300068693453108,21.40770367092754,0.1225714685649124,0.0
410,64713.77881290602,18093.289219555416,7997091.309845135,261014.39494594466,0.7392855057542514,3222.6373259057104,6.396253368680955,0.20851433818152482,15.105677443472093,0.24112224235628665,0.0
411,33378343.838490833,5841818.3318100255,2000808757.9859614,123575810.25982742,0.693795268855505,3662.8554522892246,5.988740049173378,0.15623319500245705,10.765643562551386,0.1491312120924722,0.0
412,13760.43751561044,3031.414737683265,2973919.4403516697,65863.52905673232,0.7481230437057228,3522.818253122665,1.5638694215098212,0.028801497370731077,2.0458826924755797,0.35281876758911757,0.0
413,1630.3499505418174,472.32553384095206,577780.1691734528,9385.755889207463,0.26399137253784766,3875.1327120724886,0.8003378979448365,3.5170997132130553,63.559698099993454,0.10237885307861862,0.0
414,19769473.539799046,1429125.7902683874,5570531631.3318405,126281154.95827281,0.831034737855917,3109.4677139648966,71.0201281554651,0.002165853289558406,0.14954502529096914,0.2678816112492052,0.0
415,57462633.90131998,11029098.472040627,3455579278.232484,207770826.13786605,0.7179711970142236,3554.2343314356135,11.181040399663955,0.08780117657884787,6.234791351705695,0.14702387648137571,0.0
416,8904071.690422941,632775.7807525138,2167862654.0657244,54529517.65079476,0.5447899436269118,3390.6662629754883,15.529399123329897,1.6470988854233681,42.60686778287355,0.28225343527203706,0.0
417,28560828.469284497,2987053.6195343537,5046821244.678159,150734076.64745176,0.7000532249296276,3206.4138996575384,134.68612992361693,0.1369254614523264,9.85721115469539,0.23337526736013373,0.0
418,3696325.781022786,499365.18182467215,310546173.18803257,15529706.610686311,0.7501444793561092,3207.5481643214025,14.380376429773994,0.06005238606695533,4.431934467409157,0.24929110895235523,0.0
419,11343393758.107466,4009616795.6679497,105611833665.5232,22900020085.33794,0.7062149941714229,888.6196271099559,31.68087691550649,0.09709794086900825,6.863605589404223,0.026363712983472898,0.0
420,1412439.8401199942,336814.37484369794,46745092.70510384,4028801.975303676,0.665151362444992,3318.7917948346576,6.539435946727486,0.11407497984151789,8.30743622317588,0.4420424752375866,0.0
421,17617.95258352968,15294.70105817384,1133601.6026351985,35400.792180828335,0.6019261119431151,3758.9361217137393,1.1226376511989,0.1123057174516057,7.930380088774174,0.1938937557968826,0.0
422,682561104.5901725,384996918.0097825,8321553500.830744,1166708338.9796717,0.6768319602419288,1556.6693832911487,9.519046012003253,0.10826488236031695,7.079608959325067,0.17935932747823813,0.0
423,3080007.1966576194,416715.62524199474,337516850.4963769,13678318.565968405,0.6395358112520386,3745.492671541212,4.797775118022336,0.12797637327611167,8.833902146745464,0.32235886640691636,0.0
424,371807681.402509,59974310.36141572,35835638927.01677,1570575330.9440105,0.6686314088562545,3762.928898373637,305.679841140694,0.1552183539097176,11.495219514033009,0.11249922415741703,0.0
425,4894.9641705973,1135.6708330090235,1448370.4140800252,26881.934338657466,0.6039563625694242,3521.316737616241,0.8639190171456813,0.7201980562996222,14.056771755540598,0.2922019600547598,0.0
426,40874.21978568363,22089.17819097598,2376942.1369793084,108597.5923270495,0.6709209176842384,3559.53409461476,1.4473301115734665,0.0680744129291904,4.8796958900535135,0.515483023100505,0.0
427,14964913.44486623,1253820.2953567232,2390015323.6599674,80087342.50563535,0.6758025124767588,4163.477908517359,4.112573137673189,0.13383364188430172,8.901335125427554,0.2823223966098801,0.0
428,150082812.50982356,20468085.825492494,15013438997.420511,654874160.4138829,0.7156647155007756,3228.9728466027727,182.71189137071462,0.17944487833823075,12.894694700653925,0.24612005645588603,0.0
429,29675164.54511453,5641488.103406038,2601960744.612814,112555704.26609512,0.7928717110849478,3084.601253080935,657.2601837717928,0.11020771671341327,8.0939827782582,0.28538833039543365,0.0
430,5279.510638602753,3144.930881022716,799785.4268819762,19179.74127931601,0.3690233583066172,3789.4378174144704,1.1405814902700202,2.220296902016007,45.779619298218655,0.44105705246503896,0.0
431,3957226.7133287666,326748.8775069887,637209067.0772302,21365474.4411275,0.37950545314815437,3785.1360394453814,3.635352808407282,3.4257259470534223,57.44632125423874,0.1818536237688563,0.0
432,7460525.022308374,743682.2001951335,934031253.0723608,36621892.41698533,0.6825184629493252,3986.464102746806,26.19333362741639,0.14740339526836532,10.365199238441178,0.06343621589686235,0.0
433,36631005.7406182,9775357.64863277,606664476.0344024,89519301.35410586,0.7343767779318272,4147.120972084901,9.730792599532595,0.08622291560684685,6.274955296065009,0.058298787493148124,0.0
434,4107325.2268850924,488507.9384454323,339316895.56621224,17700519.952437483,0.09361752506282045,3853.2447167854425,14.626797838591507,5.506177960020878,93.73501505192635,0.15786701641905415,0.0
435,130346867.36471584,38390268.84818415,4864302243.575007,350304951.4524642,0.6159265508963927,3635.963608666736,11.659204772222663,0.20733813308228077,13.823930697834289,0.20283743321066772,0.0
436,21180738.210296627,5160403.846965523,1827211694.9314868,79864632.0578344,0.6110497381105164,3711.550690397658,3.1298773807030993,0.1175082987103094,7.676795569984174,0.17462506075567233,0.0
437,24168409.634700887,3274142.288233233,1347297549.1568856,91845047.49877784,0.7043672822982521,3599.5915224696146,5.675177847619182,0.15508139282325956,10.630989914505836,0.08543669375540776,0.0
438,877044.6077217376,304800.1400996877,10127846.840855926,1820513.0233286903,0.7343006163804894,3530.6888148986045,5.710814710897885,0.7438108276958253,15.854734236558533,0.15982274070968314,0.0
439,1208851.5272225528,251285.42506882138,365857054.8878537,7300947.913352581,0.6831958248563448,3455.8253492359677,5.192335288012732,0.20911152511656192,15.136612977238553,0.38779942080750923,0.0
440,7606.912644299888,1311.1551693408237,1578442.0683130103,38620.82069300492,0.09145832485171809,3708.504464575961,1.8666669613862814,5.473048773308203,91.12970006206027,0.6120425519472564,0.0
441,16422936.093120491,1825081.6021257476,3283844789.1617618,88504809.96561608,0.6820648350867955,3181.037310192026,30.536413666411004,0.13838762157282983,9.817886191994074,0.2853590516668443,0.0
442,34930383.04647972,7582440.760916553,3584962024.3328857,143304547.2543463,0.702327041040997,2946.289865682912,150.58832941632264,0.14911697705938912,10.973503460476937,0.32306189518011963,0.0
443,6277.858701576154,1212.3548560243821,1755197.8094379648,34553.7774338684,0.650411904859958,3642.4582042902944,1.2001677069703252,0.7970941455987253,19.31340050261514,0.1340790659903675,0.0
444,23125697.980701417,4621863.135440657,2036815736.1952236,92341860.42038506,0.7211929916264832,3666.7709017791367,4.64227915785682,0.06087202325901817,4.527334022699762,0.1327588676408973,0.0
445,23022.803174225766,4846.954866901857,5497186.847301327,117107.47022872484,0.6647934294234996,3604.5421060351814,0.9943142838973215,0.7743286771950203,17.85124139375896,0.27176509888535033,0.0
446,1242.8452804776123,127.77491517265409,568838.9134269963,8613.049133002647,0.08639185461547486,3910.087626978467,0.7114118922121754,5.47557684288268,91.4413804875455,0.2541947195838883,0.0
447,6984388.576075392,1031512.4868932649,803878510.2903572,31336249.398511063,0.6979193742067704,3940.741989068205,2.6110462411280135,0.1106230144310257,7.308019183759491,0.2130593722281607,0.0
448,41991.09999407146,4970.911602663405,8488636.900266383,224308.1776713213,0.6977539914257597,3893.7179451786747,1.8030775462624629,0.10205077552702094,7.364405777392271,0.15541907826810797,0.0
449,8689649.664201597,2721889.087782902,232903365.15134257,23247376.851775594,0.7396299588564206,3569.7537606122505,6.0413729222062695,0.10365361771175871,7.289457453288408,0.040506645971014575,0.0
450,37068315.708077475,11483555.433431193,555500657.3697946,83415995.86371794,0.45654750174204056,3639.424092279783,37.25189106650788,1.5212004459450894,34.280331464403375,0.23987696878210016,0.0
451,7938043.893633689,636340.1210197794,1392124751.026493,44159938.53051855,0.7318172980337044,3857.920691397068,10.869521294121135,0.04585600165121288,3.2761427249105735,0.19034129775365502,0.0
452,15846.52819276148,4167.95716139013,1892239.9002872154,62203.4486425467,0.6336868365579597,3546.148491164555,1.754369328477014,0.2819289264657834,19.165769374528946,0.38662327111338,0.0
453,3418927.9251186377,461762.15161744563,214941468.05852002,13427539.204095805,0.08402491877879767,4174.694450005992,3.5032585456208434,5.435195659952926,88.19754377787243,0.14945766503559166,0.0
454,9097.24712232815,3179.936680083161,1426475.8183798648,34112.45642994989,0.680360060692202,3489.7781298863347,1.4145603079335483,0.06217480997000413,4.46115017936071,0.28250561751963976,0.0
455,120203.517499721,56276.765932406335,6454732.9857749175,341144.19591370336,0.6624163817233655,3552.5629721981686,1.7216816932015608,0.06213978359140197,4.532203168468717,0.15316381419356276,0.0
456,14527035.624375308,1031248.7496001124,3508181651.856314,88734954.50426614,0.5335449572442951,3511.651878493927,10.195043831892313,1.4883653934596253,31.53762092037054,0.25518124483695076,0.0
457,32825539.56116576,8880941.284330962,2034374465.2398021,115636705.89559123,0.7326313597798794,3708.1791679620674,6.94453338613268,0.09031478690837984,6.526058900332702,0.06599003316294273,0.0
458,6698951.629469262,1516748.2181888325,372326947.3539955,23970578.390202396,0.6587814895039089,4265.64847696148,3.4914692337579885,0.14062658476516648,9.392207969357198,0.12631226668595727,0.0
459,134989013.47974515,32913459.652536906,3147577813.3547926,370187571.09616387,0.7664399950327806,3026.9326629878547,80.39472024859369,0.09042035147213676,6.7679735270378725,0.31597726095170137,0.0
460,11005234.304877188,4790776.750113867,620322889.6142703,33897092.69970394,0.7684265150923885,3864.687244249708,5.753290510041842,0.058593694891754214,4.173474232532762,0.12114215220645033,0.0
461,7268733.991284391,1122082.0653684612,478707338.2540113,28184652.012965698,0.7202053572076945,3813.8084937009153,4.571962457214042,0.18993947382897228,12.631064539877316,0.2012481936642993,0.0
462,13786062.559756625,1492594.8289403715,1330364095.3494134,62665274.52165731,0.11446504468220035,4079.360603147452,4.893815955231642,5.514708836724826,94.00949322268809,0.16377779136527265,0.0
463,7819067.511406174,819436.3661177362,956696491.0703278,37745126.70972513,0.750937011276712,2897.090064078283,69.42110121622308,0.1442910824590508,10.539541925406576,0.16948144270967783,0.0
464,7098271.596465704,999241.969276143,663521475.5069528,30745447.556261312,0.49464693761140016,3573.1633569208284,54.2081011077408,1.5953676291536583,38.94421436899653,0.16190760815961838,0.0
465,12477.847925279091,3077.8208164055723,2101126.7221005494,54503.11505914848,0.651501034212104,3441.5526030732394,1.3627987469800222,0.09009571806768361,6.138180513986593,0.2098521249581842,0.0
466,59550268.29993639,8637197.3646725,4125593031.6352363,236707683.22959274,0.7164584813998643,3267.5800426649876,110.25007264784678,0.155343811171807,11.346043946179165,0.10232173998874432,0.0
467,105950099.44701746,13640882.059006086,12549984771.666464,491403691.73916465,0.6409219679096635,3936.8479557345763,4.675821610203188,0.13974401059400057,9.639969700904736,0.2549522813132525,0.0
468,7016553.90073132,1141826.853487152,623631933.77135,28652793.546691112,0.6633539035430718,3797.83206746569,4.532344750657503,0.16463256039275134,11.48312585489943,0.28034376837098857,0.0
469,33413711.563519966,6277289.764084222,2384452146.4563694,126936652.37094429,0.68138476218521,3885.106349402263,4.0761757182537295,0.06413497567519304,4.680282641144309,0.24712510791440923,0.0
470,43434.84379446195,9143.350735279211,2800340.810016913,142144.76291228933,0.6534992460338755,3811.094070831801,1.8704584068504886,0.17374539357996088,11.924501943458532,0.1812426523329717,0.0
471,3645.054203636804,338.58548123565606,1199076.0302334824,22327.70594024222,0.5898578245611714,3860.331503423646,0.6834677145169463,0.14133030113962564,9.19931661058396,0.19807691974645114,0.0
472,2825.188630487058,563.0380515347023,787418.1912121924,14493.71446934287,0.5017752930612691,3343.046043395868,1.307513833953299,1.5333151753624856,34.63881757978559,0.40364317369708236,0.0
473,21210812.853351932,2842187.4599502767,2113798706.7939556,92705118.97383669,0.6480534874752146,3885.7194371486275,5.925814829388612,0.7643776148161054,17.121011976589294,0.1289386136477351,0.0
474,73855790.44496462,8400594.107351338,7525446102.972702,327844287.96090794,0.5415764010181476,3534.189750046458,108.47176293236942,1.5048471061928226,32.99049582049082,0.2919413313263697,0.0
475,1510838.6167902986,450058.9815304759,74862812.49927288,4561165.080326616,0.7057184268070937,3784.1770596670203,4.5858396470393235,0.17625070787169106,12.372942620850274,0.21454036560309775,0.0
476,30804660.684853323,4214042.693918345,5419886812.504404,152613425.2316139,0.7234993111933796,3202.440147535228,124.75184709507066,0.10224991604142275,7.195825731933544,0.31101986437233214,0.0
477,2061.292745587136,212.06765745368943,902747.4276625197,14294.999358536214,0.591446618579407,3616.3078171328434,0.3674701266716135,0.10854310451382769,6.756574134400116,0.3416850768155098,0.0
478,22148150.745669533,3382464.468986669,4998589415.704549,119380363.52173975,0.725088922364108,3209.666531294037,34.05688824045046,0.084014471881388,6.110525825954265,0.33107500257710376,0.0
479,9392440.577980367,1189520.6267041457,1066210263.5062618,42462339.44572436,0.6182274483284431,3699.5515808628693,5.950767056120912,0.1295176098822636,8.849854618498671,0.07153617793304569,0.0
480,10722222.341254897,641241.2021605399,3484248165.4715104,72890745.66973712,0.7122805949731659,3750.2426933830557,6.511761054465355,0.14733560969350687,10.593035782039797,0.3413243212681434,0.0
481,6350.475505311956,1186.113825130617,1728427.595283312,33990.13743176601,0.6501277958655473,3863.7042429865096,1.2496278594671806,0.7965684985343556,19.221091109944588,0.32829401840966455,0.0
482,26652089.928858053,5243285.022318147,1725910211.6133988,94443466.31659244,0.6899842255094552,3553.171012172157,11.627007309668981,0.1283848019307711,8.676865452420547,0.220397635630792,0.0
483,6701595.212370003,462718.0390639695,1828015735.0127583,42662436.785264,0.6724267931701055,3614.5959679106454,11.59348323466511,0.15077635707101633,11.023759285772687,0.15915079188420486,0.0
484,7125978.233143786,2129148.8048012247,109530283.10950685,16857026.839408644,0.6772090919310886,3517.353703625341,2.8278317635046997,0.06944440157211033,4.89039671833207,0.15397910201802942,0.0
485,16515820.719485778,1288444.6403551302,4159299972.6472373,101587144.50812906,0.7693144439853331,3151.5352522445614,125.89164829241508,0.07632907837974115,5.64475746267423,0.33635907611623195,0.0
486,349573488.5001291,153872624.5863595,5086264410.120991,736827856.5063249,0.7391597134281434,1221.6448564873017,89.55510643734014,0.12014548154299964,8.640726601646966,0.08543279815676337,0.0
487,7410.438251999898,2995.4295751639747,1568104.9575827573,31626.038816764834,0.6269860588827246,3660.7362373160913,0.8699570606488765,0.7619003251397067,16.911444850088667,0.14491903517422985,0.0
488,97676239.91796768,30120720.90812716,7435153925.327265,345037950.24542,0.7370529215839298,3117.744773776723,87.32381267517809,0.15474453509206726,10.782634788796498,0.12382785037551622,0.0
489,2223626.382099921,373963.7013089907,111204129.36205062,7693744.95559144,0.6810827636471295,4092.4530364252028,2.2965039883531326,0.14543089771709675,9.801901087127165,0.13612268954650875,0.0
490,17531993.707075022,3558470.557666836,1562958999.7617657,66185557.89992402,0.13434693388574137,3333.901720619978,105.83243042446198,5.523964220030676,95.10695216483798,0.1646240065798183,0.0
491,239770139.31630248,106566906.64041503,2024427612.38722,432747709.6487392,0.740466969353086,2510.060151305127,15.441844176175838,0.0729726115687436,5.49063633393254,0.08174259472547724,0.0
492,3992766.0209456957,631611.6109811956,258079266.2529758,14893747.601600626,0.6288703205989642,3649.3095883133838,7.232596277657837,0.07935972635643243,5.7856810773916845,0.13905010985734897,0.0
493,756009.5398361391,61770.93114081763,134678459.18025684,4136158.1319640763,0.5266606865541885,4219.603019557558,7.447739789691254,1.5276928189684367,34.508061825235046,0.1976434212417323,0.0
494,344396.61483200727,124564.4861025573,36166808.2349984,1422760.1763331175,0.6466020394098652,3667.9436446271934,3.472045035989313,0.12457653513345912,8.518101654512519,0.2050873619116717,0.0
495,61953010.73087232,11632300.834811665,2426584895.1726713,202318617.30858544,0.7394541498359811,3624.558403660854,8.166639806243241,0.14136357064991892,10.206520707770963,0.09751144337873545,0.0
496,188427455.0678001,24041691.918048628,20817150397.920876,857617987.2533007,0.6847595077681903,3759.193768965831,11.860460491851287,0.188663260059824,12.903911633767944,0.18541219635174086,0.0
497,75923.68190549221,19817.925256593695,3441280.9003094262,218963.70330185018,0.7201098480035188,3354.3187287330325,2.0419404378412165,0.03391277378020545,2.320065233620464,0.40389126709141876,0.0
498,20658.45760315486,11070.367581360902,2110294.1315831104,63164.85385373046,0.6768869138080195,3440.252537312916,2.098618081524145,0.11166838779744168,8.166519118932275,0.19349152276202056,0.0
499,3795.413287495857,815.0423735894065,1015085.5159820843,19046.346021886613,0.6353524325649291,3733.4486651347183,0.4686584273526937,0.7305085760325601,14.338643096356384,0.36050309530653685,0.0
0,600506.7418992107,37463.82501430095,205739420.06325012,4098957.2629962885,0.44455068648344653,3923.520273468345,2.8057002151075516,2.1375383231315364,40.43215708668364,0.552376583497748,0.0
1,169971008.60681266,49596329.559967086,3554600625.9384127,409328820.7095645,0.7134879814799742,3533.8151238251057,59.289186846686505,0.7426001161945655,15.687541615673245,0.26291075958136045,0.0
2,214481.3875902093,23885.910114042512,54796354.66097076,1247985.9001999947,0.662227041298545,3404.494785789833,4.844453335866032,0.12064947987723249,8.732631473442606,0.38241247121876226,0.0
3,51840002.30942603,7785992.329793018,7749390357.325816,245893259.50552884,0.6893905459391092,3348.25150106812,33.50409765887197,0.09299722615329245,6.63190948667625,0.28548035374217845,0.0
4,180832578.68759894,156291562.55585858,3369788971.280954,296930170.88515615,0.7169409645657006,2328.2063082885506,87.28600990592095,0.12775788941452051,9.091049855975482,0.08619696577570475,0.0
5,418253.51648508734,29942.076167200412,90527334.54124227,2479040.2417650553,0.0971824377947544,3868.24044467516,7.737114863998988,5.510353668585163,94.08097499256097,0.3431018271296891,0.0
6,1603896.3506337642,93623.38619817627,582141475.7150137,11216726.506916279,0.6951101128978144,4114.38851051869,6.834127450891308,0.23201286921380132,15.84187627369225,0.4108501112900941,0.0
7,22029531.08104042,2369489.78884919,2526483229.180208,104448601.55026232,0.7345571115110378,3857.1643465383722,34.58686460716093,0.07528067123829647,5.4791128484093266,0.12903562252135445,0.0
8,959528.883261087,181616.8460066155,73787831.1436065,3629279.136855258,0.6147474466626575,3796.4782346154643,2.159619429913037,0.10346699842851192,7.497458350944403,0.32743448433060734,0.0
9,2970713.11276218,554385.5699336145,140369068.75884485,9659708.380373718,0.7491754467796287,3423.195386701584,12.68244242817027,0.07069810790587816,5.133671863624739,0.33606559300947214,0.0
10,28761.921084305115,6232.175462979176,5589253.283170782,137131.71975854924,0.7618787308009372,3884.275466661812,1.7461441495988466,0.07560890650566207,5.711865698462502,0.4176061397386707,0.0
11,19091.99612632716,3328.3840839946774,3844693.779236281,93547.58112349089,0.7422635376213642,3660.865084705236,2.11592406018462,0.11093574865301577,7.427553308468177,0.13344428574481862,0.0
12,50488180.020100884,8088662.038048069,3029240103.19629,190470058.76286808,0.7013293976870209,3672.8827899107623,7.502660999199346,0.09344708297012394,6.701751049281432,0.10019140953772002,0.0
13,87320113.98666401,35693831.13090675,2924799576.5262604,192976208.38778096,0.7124860597473678,3796.5135774861224,38.62540236988267,0.209767380751596,14.406989625808553,0.2939590288153787,0.0
14,95087.99073111256,20607.273020047498,4491847.770168546,296443.26647402556,0.7057610991074441,3601.0119783935233,2.6933161094631575,0.10244075079489781,7.533364322455325,0.0817299171477451,0.0
15,62877802.74792363,5267275.410033053,9237798968.519516,330643953.7815356,0.7883930692810882,3776.619149000905,149.1316802223989,0.33937787630091754,23.102868363534604,0.1126915549287188,0.0
16,11285.127679872627,2887.792007286541,2304548.5497321775,52460.58110639822,0.7556569241821383,3639.1049082173413,1.4650446991903545,0.1252324738398217,8.783084374270434,0.16018199300576888,0.0
17,1968784.9492984791,658738.6339801146,21211994.034433395,4116621.756675341,0.6967301495704739,3455.442086093315,2.916118916141561,0.10273618084446393,7.6074654626966645,0.21309567744705424,0.0
18,127368.64375497462,62724.30915733243,4367280.051643467,270087.27123926114,0.7280907479168983,3388.750722970813,7.056769774585162,0.1288842386798251,9.09285507068779,0.3035335215908125,0.0
19,47067794.2505275,12152715.200601723,875889168.3660438,118937041.14471915,0.7376511265198447,3848.277945594472,97.79863699214644,0.2505578501873688,17.910075669589922,0.13199323913197628,0.0
20,3649180.8512405045,870503.7752725128,110682632.53112511,10403914.399825383,0.6555008717405724,3704.7459382864995,1.931473804914464,0.14559603495053838,10.240972894833861,0.2240914281266706,0.0
21,5375.642729086164,604.067768969169,1669949.0784536456,31483.003337354738,0.6416121240915936,4243.08718251668,1.0807545883911522,0.1224380277061277,8.151565533912887,0.23968812940023795,0.0
22,3607.5026768402495,1822.912058456714,388775.3375109631,11676.012853800781,0.06214572682291245,4219.573771442268,0.6216538006671785,5.423572855782521,87.16612932761505,0.38360793322979037,0.0
23,7807532.805908099,877383.3402020177,874691534.1559734,36087633.24453357,0.6990874420194657,3760.876853940613,4.076282257817976,0.15692144281269718,10.649980729117171,0.08771795465099219,0.0
24,23290505.34829566,3185640.900638406,1686311941.994648,92442678.71183343,0.5284829977139128,2726.577567087607,57.182219468600344,1.4580149596025218,29.228485385652494,0.12752622913929718,0.0
25,4390.1716526420205,470.5429869494471,1675851.47181055,28158.913899977226,0.6750153443603865,3665.842844370217,0.4751057045334223,0.11338480384090728,7.796489432698247,0.11331136398545762,0.0
26,5141.63886860087,920.985742697615,1430290.6305816832,28237.386399167193,0.5712558069308912,3711.484624543521,0.7914309398486322,0.16275180043232557,10.41997033518034,0.4192008640037723,0.0
27,629653.749407294,38503.65442950825,221754185.52302623,4337759.387006575,0.4841743603368787,3505.9785699791582,1.5507727603305932,1.4745638941319672,30.550013912027147,0.40712509695732835,0.0
28,986901.8813918841,71588.2238577556,195750104.91323394,5693540.948630052,0.4645132613578766,3889.2160088077035,8.031778982949147,1.601671874579965,39.17200136158022,0.016804503207872665,0.0
29,14069332.403810536,1159408.3063143843,2331498738.032116,76280467.22129028,0.67999129886864,3827.3416277938486,4.2249717134487295,0.08937357462475601,6.128374833314358,0.21297781649127223,0.0
30,128492505.84465571,53280614.28327985,4787530573.552173,287244038.595013,0.6778446883621277,3341.32296909077,39.43985305299827,0.12833900577091964,9.17467617913103,0.2976247206902947,0.0
31,6300605.686096233,980325.4871027535,330217337.51571125,22966119.921537574,0.6239302895246215,3697.7758205785717,3.6447495601786364,0.17689054816781552,11.895581512956017,0.243300486165832,0.0
32,91647212.32729624,15305553.581945036,6751666109.118041,359213137.5355154,0.6862636556591055,3936.3944286781775,6.765026648360419,0.10286817776682922,7.543466245868158,0.14918707812161586,0.0
33,1038281.7228344816,238570.62796885683,38887711.22029264,3079676.8922487223,0.7543325280816876,3742.7502227690593,8.685623618680713,0.12368990973559901,8.816131978337285,0.28636159493811225,0.0
34,50945.020057763344,12903.58979892508,7727584.459420842,217588.16251061222,0.7112362101239803,4200.942049588445,2.0880607185745577,0.12306115651247876,8.708165306279131,0.10787738919121413,0.0
35,48279458.24978914,23844138.503092665,1900663994.0505404,113320678.6780428,0.713914193866133,2791.9383583842564,138.0717164026927,0.16236974222010794,11.734453807143996,0.1992859132115881,0.0
36,8736841.757205904,981881.1031721575,934542791.1368558,40152011.347117044,0.7197509069859953,3539.04848798549,17.924801918722515,0.8646509908410351,24.300240196661512,0.15100530111109178,0.0
37,6159475.320262884,983868.8645351079,380657817.391994,22926632.136053354,0.6909470938386305,3861.3805140852937,5.837619344801962,0.31091944435743074,20.319224004412202,0.06331457552205912,0.0
38,291195.3246048956,32936.352248643656,55052911.475080684,1514487.2243373697,0.7052214997822166,3441.9993782179376,1.5329360316826404,0.09263923618222289,6.097653741768677,0.4560433246352787,0.0
39,57708009.011033475,12875858.71050835,3535295312.248563,185664808.49115244,0.6943001211833946,3904.4907212944754,143.91707736447526,0.12758647132074383,9.393022179804579,0.2067109537690378,0.0
40,9701.778830959096,1687.1942737995166,1312014.7624559249,39344.76581681467,0.2585511012757103,4328.820482202784,1.3661867286913885,4.053555151604057,64.84602206755547,0.42355974764157334,0.0
41,125301812.01428816,31820497.08920359,11555759660.122448,487493145.50339967,0.7101401835261641,3092.459186290089,128.97093574750704,0.11249066295423704,8.305312740116317,0.12059507090670596,0.0
42,81390915.93781988,29792982.55105725,2272971779.558987,213765688.35194483,0.7484427499099735,3661.548995655843,44.43814590773769,0.10826113326218963,7.821943706096709,0.15518785239225993,0.0
43,9882.732053197858,3540.284860287735,1981586.3119032357,43522.06677577733,0.6847044498832631,3657.3442976229753,1.4810582025610437,0.07638428951493959,5.596685658799271,0.449274555378391,0.0
44,16483.692888520793,2892.7298641849397,3520368.9584919065,81637.44395159147,0.722622381863234,3652.146487471944,1.9779229992910141,0.08352570707485292,5.9809030967964745,0.05044328092714394,0.0
45,44355339.47106888,11459211.260537999,665507725.1087902,109376925.9836766,0.3518851747312528,3547.60810935521,5.141305627205403,2.264201716375415,48.952094563599566,0.08368514955128474,0.0
46,8373971.583537845,1260553.1586532716,609817957.5111903,32507839.344725974,0.6723025624748475,3826.8606004066305,3.7237494260346966,0.1702633782494698,11.493240995283275,0.0644502626938587,0.0
47,27095023.92188739,4175334.9660124457,3883818395.253816,122430678.84559233,0.4929684598090954,3389.4376536813143,30.567585824737083,1.4518211984576905,28.986387558860997,0.25315934002116103,0.0
48,13095.399387940593,3402.71146739064,2147490.9821214178,56554.7798643227,0.32027747890631986,3595.7181773732327,3.1724305648608735,3.578839400800142,68.18711859664045,0.5226379769015067,0.0
49,7970.542781292877,1680.7666559596255,1901015.8519405848,41944.52123604482,0.5742929079041713,3644.5150547263274,0.6473373568196648,0.05774079768849143,3.961840233674846,0.35794372660667817,0.0
50,874958.0076278312,283393.9597668833,35608984.07424182,2577098.2607505415,0.5296478322565645,3921.3321012526785,2.50130966335863,1.4953665153585938,31.891522595705574,0.14034041987082563,0.0
51,3513873.110275653,416723.0015401008,387358031.29041016,16324524.358236318,0.5816172134394355,3471.3275249260187,14.82935225574698,1.445212215503973,28.480705235012987,0.343299339500063,0.0
52,4458.257396017519,1762.288447536508,1159524.2590532429,21099.827160743822,0.6944195749110265,3589.5312516903095,1.1679521793465437,0.10521771103138411,7.498904221794467,0.2105583824407862,0.0
53,346066.4540138943,31683.673309960937,59788538.01174796,1866113.9954134442,0.6839375422920784,4249.930690409256,1.4813052932884607,0.14110209187308537,8.849040933524899,0.1647978884183785,0.0
54,6666845.4380389,761779.9711991241,763944427.4270818,30977960.946314313,0.7509893316283442,4163.055337949311,3.9226406606732866,0.12547141009766918,8.728973030473476,0.1684046768813287,0.0
55,4505087.17831653,709828.4261227965,249362470.10232678,16519611.928203264,0.6771272333211616,3683.387804411361,5.913664089079569,0.14453194639327754,10.565775071664998,0.09322300523869245,0.0
56,2675521.70482867,880713.2692913106,39817394.554411665,6246838.727310201,0.22433101868556893,4136.531756294524,2.0693359069939126,3.457637213745822,59.710410990027626,0.0026608899741630025,0.0
57,169751.98735131597,128956.60487939298,4760277.631501034,312944.32369130774,0.6737799256205396,3461.3382432417325,2.911331942605181,0.060048533176623134,4.230375401127354,0.023593604691487642,0.0
58,47998713.34347324,23821996.774858583,1840072704.2617638,111919615.5839202,0.6434644350105917,2283.013575696083,49.852436552730296,0.07766498261740944,5.626816751911127,0.14786949629913979,0.0
59,27407.054425430913,24744.492659971984,1391772.174325269,49868.820788572666,0.6909163085067065,3878.1365661509267,1.5402325642177965,0.16420768383796763,10.865032010563786,0.17140586824045442,0.0
60,9844192.039182778,2500614.830065228,170698542.07106805,24814091.621329643,0.672198117426186,3525.868845798138,5.738151926178127,0.14430214368474797,10.492680824378308,0.34257152861857726,0.0
61,55318346.082155004,7223589.674210844,3709748011.241918,222626715.44383222,0.7645555259173582,3502.032883831382,135.0943331969431,0.07923792292579464,5.855693877398205,0.0818761053987157,0.0
62,638262618.2542386,185170575.11395723,21825625964.44459,1723942501.9008985,0.750082939185631,2613.641204686316,14.543261489939713,0.10976991178283849,7.9391975573018,0.12154465062074873,0.0
63,156808665.31019574,154011966.57929367,672534331.3073055,181339008.5124683,0.7140795844258812,2103.597119761539,6.795806279113888,0.1120768565572682,8.04877962765907,0.11139303427409704,0.0
64,13283062.329041261,1291879.0246214252,1789089201.3488317,66455924.901111975,0.6806103543980345,3940.705218929609,21.359165852295963,0.17362535237340992,11.642527452872844,0.07739698986994686,0.0
65,1004703.5183667431,195739.9278468324,47548922.375841916,3370373.8816519054,0.6795016990106608,3635.7916302517147,3.5457260530457955,0.12664287732862228,8.905092758506154,0.23100024752335344,0.0
66,55375925.67171748,10369472.204590369,3122116936.855561,197695791.68231568,0.6440648398428984,3299.0909711842633,73.47609615746772,0.15303669114059087,10.672098368319912,0.17996413285323454,0.0
67,265948426.97530755,111302532.0074785,6499246235.783507,589517807.5622765,0.7490497465534907,1858.7015364457188,1829.2655373118305,0.2141634176287411,15.008568380897469,0.13325558133618157,0.0
68,4897771.151990071,801562.3858546205,385875829.67717445,19603035.24273522,0.6537827414763108,3621.5765797636172,3.8023137278304286,0.10399570386469596,7.4468754763849585,0.2183650597412173,0.0
69,67384113.74637613,10496356.195766715,5470586596.124014,263139828.55510378,0.6800567632155353,3077.0027973024958,117.16825480107104,0.12727730402722032,9.274815972784817,0.30366792678652615,0.0
70,48706386.28816158,5074295.39277642,6520074566.780218,237637061.10142222,0.6168706052820581,3949.9557553700333,3.3858831801532383,0.16558636749415817,11.514518567586899,0.11020789285184232,0.0
71,17701925.559257835,1480377.0527918017,3521536437.5053916,100541518.70374595,0.8176649582953038,2942.462635545404,78.63227120283432,0.19243121654208756,14.037243027855379,0.11623595325662787,0.0
72,20513.813306142365,3669.692500907297,2856738.6088605863,84469.88371234883,0.7355913951293154,3838.2533284063675,1.934369407326618,0.05414196593622789,4.035382183157291,0.12654256281651005,0.0
73,16492990.081326593,1422564.3352503192,2282546769.184117,84986330.44131401,0.6555485349241548,3837.2414896770433,17.51550350387457,0.15096171464398891,10.13676903630905,0.17363903822603619,0.0
74,12475.216595807815,4632.6920667206505,2011498.2438187818,49973.99600212094,0.6641980112911746,3986.778340635749,0.9866264849139853,0.06822073979660308,4.63938070487499,0.28453697241363113,0.0
75,11122727.928002704,1881522.0303448152,1112066819.7043304,46846213.98022034,0.785131124491723,3306.58729389211,112.30643294161786,0.14364236582904777,10.51068347586714,0.12237997836869005,0.0
76,8630.647168288258,4407.474741994627,1003157.7551312189,25686.697150233762,0.7331276093474512,3390.394156798845,1.0198060687956998,0.0729201130644137,5.4314857852519065,0.3559900239031236,0.0
77,7070152.426204711,479828.24250099796,1828177328.968459,44409694.07084361,0.5136417566929653,3808.18153264175,3.9607697757480858,1.5283995571339992,34.46764758782917,0.3080607889890554,0.0
78,17113194.5708325,1915552.1650043563,2863061728.7187915,89586747.85400195,0.7220274062737883,3025.607480226571,126.33185714145758,0.09105232244556909,6.729263961746629,0.22527476054940868,0.0
79,20775290.59975592,1672308.2245540917,4815823571.161497,125543039.31733687,0.38576556357219594,3326.03904979729,41.582072709492124,3.608224217841567,69.89609005288924,0.25387534443870774,0.0
80,7894.2772993531125,1298.8842773381207,1698815.1552957154,38577.21348793732,0.6578722545666801,3620.1637816618286,0.9598199360702184,0.12145294732857055,7.686615210800616,0.19399797667358634,0.0
81,56210610.19447019,8305190.033144416,2917694424.660283,205252317.11589462,0.760240272151274,3078.810658290567,115.1455744509732,0.04553821394107471,3.3373402130941727,0.08613750259849738,0.0
82,293411.680385131,199901.8449007985,3875028.9474952766,449007.9295783042,0.6442292227642312,3669.3012536573306,2.091201174982827,0.7272914132266618,14.305573318809186,0.45172896915272753,0.0
83,15527004.281946953,3203946.7627919693,546127123.9642179,46987090.71645279,0.5792580720517837,3935.346421677707,6.580793383809772,0.15413575090769252,10.456698103008714,0.12038400079099769,0.0
84,283514.83135663066,35742.898761629396,28628373.799866665,1252758.1848763837,0.639395935487391,3944.616952609583,2.2951819425486812,0.16426576183788147,11.617245333830613,0.23699590258826692,0.0
85,53920.86243357449,17290.088011235122,4545486.132131044,171328.14789992897,0.6784485538603794,3395.1286545664457,2.325397344412543,0.8186229351430109,20.978457493013074,0.37037485460548764,0.0
86,4775554.336126906,561376.7128317486,385370922.3580107,20212414.233220644,0.22944835734193325,3558.845339718009,10.428171883149043,4.198077144730812,75.16745674821928,0.12583823067080044,0.0
87,15322486.336805444,6622483.085160745,427378758.25408,35857401.29152908,0.5983053523013558,3770.2576407593697,2.066537291617454,0.12178031561958527,8.08548823153402,0.14779963221636283,0.0
88,5148.235509232584,1620.4850185610771,1236010.5072723075,24380.703173960712,0.6397507780291614,3731.4264683062447,0.9497190005025228,0.07643440524693164,5.340476180280061,0.10741138094995605,0.0
89,85483.81281406927,15144.72941362934,13683510.345259383,409842.1030051686,0.6420743244410329,4121.659997499107,2.701503602264066,0.18204536308997757,12.589729293113693,0.2323464887013227,0.0
90,9103.84614356305,981.5756696075703,2124920.641032342,49541.38621242605,0.09424102074355745,4006.0354351220967,1.1531166328094957,5.479419283832746,91.63729297174318,0.49010243533917786,0.0
91,50135014.81770873,27150762.406878926,4518684063.214765,141714172.82144225,0.8183969209473991,3159.77011456224,68.21666086988691,0.1675709988368915,12.460250091080521,0.3589594337319654,0.0
92,28161.000712073397,2112.2938235170705,8444957.38456874,175564.16603369938,0.6158004946028405,3996.281769967593,4.29936911306811,0.1338932076104701,9.368804084221223,0.11250731196085628,0.0
93,12879154.01164493,1159603.3027077022,1750588203.7425873,65869160.88989735,0.08894534530988685,3945.7001246408017,6.175636096936539,5.479907067162625,91.60084716088951,0.14229332547408927,0.0
94,6188926.711635932,624111.8142225172,653288921.809014,29008352.85133145,0.7445755055306651,3835.624349362593,5.489885588518992,0.0572466601623506,4.059813171719187,0.1259075319922386,0.0
95,11413193.352456056,1321516.7926978183,1732706472.8077226,57334538.3441114,0.7327878094864518,3567.6980894794715,56.4375647475087,0.13842136081650072,10.138352470691888,0.24971276267126014,0.0
96,22855.48880513024,13986.0259831951,1935169.2127017584,61382.67885718071,0.727431250763539,3468.2131910658954,2.2394799068581595,0.1090911153126485,8.093040560668884,0.19426642892235702,0.0
97,60563263.701930486,6814866.492563022,9604324479.910849,310425935.15833604,0.6424395079338636,3730.511666230378,4.409062579868206,0.13642796233565582,9.229683865157513,0.05336936714101728,0.0
98,33967597.511876315,10481474.836545948,857397031.4996675,91369343.20504174,0.6347422394906411,2999.4036972455165,92.97035244609509,0.8214715657322376,21.55282196756331,0.10063956375528049,0.0
99,79124448.32027726,6263499.597327417,12859274006.43255,430617321.54227275,0.7450494719828342,3584.1547515200814,10.966115007453514,0.0762769151260481,5.03444503674424,0.1689355796101681,0.0
100,11663.108342524667,5990.2791628215655,1193487.0207194346,31560.940266685437,0.7390007321158867,3608.537805132649,0.9625746663622231,0.10325190133381197,7.681051668795132,0.07262796316559719,0.0
101,30518803.784388103,3685892.4779006476,2711335212.7114716,131288784.57195966,0.6418016488076589,3642.753109684806,31.279603819567534,0.0924512574387764,6.765898921467935,0.28799143064543686,0.0
102,8269758.117610401,1132019.43652951,917160587.6224304,36097181.707051024,0.6235248602510481,3671.132413456014,6.830187621575947,0.08542041052179447,6.202781685672998,0.31244004954447807,0.0
103,24772144.04280553,2930165.7533826805,6835699704.735101,142739042.81600308,0.6422450917715683,4065.452129572041,13.893566424220186,0.7327411169636326,14.894349440681765,0.4131021451165249,0.0
104,886446.0029280847,75644.27591879654,205447217.14984217,5163351.752410015,0.6466087983353799,4115.76161424988,4.395884584901099,0.2389970751723956,16.805598922714257,0.2377703565563906,0.0
105,67942697.2000795,10535122.65622833,7951414645.17079,299322640.2749774,0.6064586800186135,3718.242594710218,4.503512919496651,0.10975267751303405,7.8673692067580046,0.10386806995600581,0.0
106,7261938.822473371,725091.3873049791,738852957.8555672,33865442.31821432,0.2887255591401682,3749.0103252378094,12.722225615113112,4.125240958958841,69.89356338383526,0.10541575144728361,0.0
107,14533.694456393638,13442.328924881696,715107.1788998505,24446.897226297093,0.445903759241362,3731.6473800236126,0.7563700256086858,2.1413792161266962,40.79547400253145,0.2953921253711035,0.0
108,1981088.176403297,352048.9091306801,87027606.04787982,6648769.285670242,0.5954339447750953,3792.520102986592,2.0115868056673096,0.10518052673057196,7.512235470406854,0.09285891452358261,0.0
109,4384.915374448127,1646.763875576206,902623.4598983567,18238.007609735057,0.6652872184180911,3811.451935433567,0.7215329162812029,0.1523639605952801,10.75497630336897,0.2894981682676392,0.0
110,24228386.331695445,1538121.2304603527,8549411086.697612,166315870.22515222,0.4629960258601022,3125.7354851185014,88.79304662368064,2.1903454894732812,44.04580286212971,0.13833447210405309,0.0
111,25786892.578849956,3709597.3977618106,2096710869.872781,105786372.05981824,0.6620543022536273,3904.727805637758,6.643143940157234,0.11557575300994963,8.566603092170807,0.1567069736607892,0.0
112,3754464.305971599,1759195.4778763566,44455224.79037642,7119153.2930284245,0.6924629543320759,3392.167461484286,5.161086423547515,0.1559697066823677,11.45712010715362,0.08687742333787142,0.0
113,21118.5185540595,4124.5998969706125,2356856.7931298343,85271.52756007403,0.6787048855794324,4147.015018053558,0.7868818500739203,0.17161250051814977,11.730675534514141,0.18190442245014965,0.0
114,1921.182663051311,146.3919888557514,827504.1307484469,13189.713653111283,0.40900259244301473,4076.9739195054162,0.7141590415035395,1.526361166942117,33.483355765664164,0.5217966062385365,0.0
115,13135.612630729662,3501.550567736462,2363846.4202874596,58148.72318941592,0.6253054911915583,3330.7862401619705,1.1676819859164567,0.1145807535338994,7.247860078738617,0.3501361972575621,0.0
116,2174568.8422676553,500362.13180443936,54616369.34711484,6172572.750534614,0.28745672646500575,3181.460191194851,6.464283231769985,4.238383599931219,78.04653161887525,0.22332422209342684,0.0
117,14038643.503959179,3199019.187246869,844953763.3290759,48101220.79679363,0.6003698430671234,3882.791575808775,2.585419945656399,0.09282131893617374,6.740186290364863,0.12737778438244324,0.0
118,58092.11437529799,14883.615729811101,8932697.890232107,254894.46356078004,0.6823441267637931,3860.5014099656973,2.1957067933189016,0.12474630705317517,8.454191686676094,0.11638451717112878,0.0
119,3169397.1638575736,496374.3270915191,136094863.95182812,10958018.7739382,0.7043522284837057,4090.5132143432206,7.7287220258497795,0.07072813393418649,5.212822027820712,0.33152108069773367,0.0
120,36500717.54083579,9136707.124747247,3150136818.9508333,142830392.0780675,0.6471221872723452,3608.3238691016977,19.617709746860267,0.18496700015663015,12.219950573871433,0.1920995053820661,0.0
121,4050082.0424188836,536063.0255832408,288471122.38296497,16369682.494488996,0.6881280039126578,3193.9844527677906,23.00617977669246,0.07667549631494541,5.845532033811898,0.012867977895306125,0.0
122,27104904.99922067,2612346.2968185744,4383077407.783653,141352718.45697075,0.7532027327036589,3307.8083186402146,529.6183267274025,0.17174926900393944,12.89551386397946,0.2413135143127566,0.0
123,23866943.716569938,4732203.025458017,694786447.3658248,72409225.3272522,0.7044512380898262,3699.1712256805113,6.3033160334186356,0.13653325407987502,9.349831757987435,0.08421585702543707,0.0
124,72271962.2353138,32124051.53014177,6475064206.110183,262974922.77866882,0.6031615610428498,3673.0911697217607,4.696512988478959,0.059736455869286956,4.333648509756685,0.01963510006250963,0.0
125,711991.5427885393,153090.83394997419,48558689.77927376,2514897.73539555,0.7488495290352498,3750.089023078571,4.443460303074573,0.15003697625031673,10.191868444111067,0.3859974905383076,0.0
126,7955966.854057874,3976559.678492462,38594055.634590596,12717075.20749793,0.7519927339310266,3463.0656417010646,8.314922106802653,0.10388885153123617,7.609208952923295,0.5258078296555837,0.0
127,24008573.06354662,3734650.2471039193,1301177937.1569343,87562630.91003671,0.7212250302652422,3447.9545257480413,10.643429812210549,0.10793383341059011,7.743455694553435,0.062113411596307594,0.0
128,110782593.05187175,40401772.31377675,3580573230.186612,285646131.4196357,0.511067740907502,3571.620879444456,13.694944627578485,1.484095761068285,31.124764537149,0.11949748747431108,0.0
129,104446.20767659537,77196.93156946862,4378533.882176672,235351.60236227684,0.6701032978678448,3862.9569783273146,1.7420929161480851,0.15621836202200665,10.635036341599879,0.24377218944663903,0.0
130,1796262.4335150842,239469.11549170833,197046168.76732036,7953749.276397298,0.7575684813187641,3505.5451317622146,6.583534149085132,0.05419456344382798,3.5783113085401,0.1906664441952683,0.0
131,10758356.24221545,1167387.9068126301,1362595991.6523175,52011829.62814821,0.6958190832951555,2817.3429353307138,102.21577132441107,0.15075723502183455,10.896319349011343,0.16881402409853097,0.0
132,475572.85782277427,41504.64912004661,115300036.86869231,2812818.509473947,0.480058369002254,3669.287232034709,2.9294241773723706,1.5399050062279278,34.373138410285364,0.2533845678154143,0.0
133,19479488.501369096,5960749.33234706,1344358281.626453,66463811.10154621,0.6524229513590082,3479.059197947259,5.217852219842708,0.24034905770739287,16.03250235746927,0.34244944896192,0.0
134,38937364.125183865,6813969.007875206,2667464613.6468215,149543166.06609395,0.09191662561053818,3881.6775435930817,5.579206873528555,5.476663560588827,91.42665891630402,0.17654834118146281,0.0
135,4723.552996440073,1277.573291032742,1289006.8232687428,24135.795728224242,0.6273145449067625,3718.5850363408426,0.5733573110230791,0.06204600259517816,4.114066648202853,0.24610323003500398,0.0
136,19042.052428355364,3166.9451216229377,4674137.549631758,104283.19405918325,0.6600404458651495,3351.8592211270716,1.421638346857911,0.09169841013420763,6.35755476400991,0.3566766390634243,0.0
137,1839.407758436683,152.28502704573083,995791.8931083701,13941.871557858287,0.6759293230977707,4232.993036790687,0.5794369053387465,0.07331205724988576,5.222768919794217,0.2623639313280973,0.0
138,24182.372305510835,7364.901686053844,2525787.448134263,92718.15775730496,0.20183912518274552,4086.997631885872,1.2561454398317151,4.157022513412753,72.03219137501335,0.41803271218600374,0.0
139,78043535.03942522,8630937.80413618,7552184086.347966,352587962.696047,0.6583730452330901,3523.884437455987,18.199293257374627,0.11664154066110335,8.40920565051147,0.050504145339739785,0.0
140,6497675.864624096,673016.0925668762,851011126.0848745,31751778.819960613,0.578568349652339,3022.005202576912,20.163027799423556,1.518797149866599,33.77826586829175,0.18467151505983304,0.0
141,2734118.4508921686,640856.5117226638,100596751.4287403,8130334.913241331,0.7180337852727229,3637.856072348581,7.779441536059762,0.08474575443730945,6.182738770887248,0.16083879508689203,0.0
142,23165.94382863553,10949.34525461491,2587459.4600113714,79526.61324620368,0.7369180635972473,4008.2952939184916,0.9093170381513944,0.08182383988993021,5.877243382109728,0.2417411671344994,0.0
143,125650162.95122275,9756364.67904843,32328287854.406384,772656662.4872496,0.5286063557733772,3992.8436269901645,4.021311089301673,0.11825410482186519,8.299653774247414,0.18679979408155947,0.0
144,5817785.92835501,575594.317808586,1207843731.7620816,32140450.00020615,0.5510822452156938,3615.009845187192,5.875482332752494,2.1763682437008556,43.244479695478034,0.27918445760134664,0.0
145,3823197.098095504,377737.1478350157,851355557.5080554,21595922.004620586,0.6183313341939949,4031.9168016985486,8.732948156466163,0.1373848422120779,9.660743218316094,0.5333531437466603,0.0
146,12077125.798185524,2060805.7036640458,846600810.4483268,46479685.98652688,0.6344192986711251,3632.7564347617767,2.9178524176003098,0.14128994688323376,9.469357220865605,0.16583714903315958,0.0
147,7346271.486988934,2006348.2142305751,382421421.7722963,23764781.626167588,0.7361465498951043,3535.157061587173,9.967241670486915,0.17844246425003388,13.298991758246322,0.09015615185539064,0.0
148,83454425.04172948,8215838.740755002,10392050079.514824,409248739.9973742,0.6182884562650257,3823.3998762269534,4.140287073746731,0.11525291762524645,8.297797251362985,0.09395997076116107,0.0
149,4696184.1830201065,1547489.3668672782,114184978.72942856,11533102.551379312,0.6203650835337527,3576.7180458296107,4.475750521980099,0.1563565082404156,10.57866175727639,0.19683654634707082,0.0
150,16959.640452617678,13740.749522132877,1096075.546647983,36977.1917919252,0.2551626255198566,3574.504571405204,1.5602464150793602,3.439409865586897,58.183715435393694,0.6555787791867564,0.0
151,3792.9143847798637,447.2886407703293,1355203.005212408,23525.846089412815,0.683855933334246,3740.931974606723,0.727346368017056,0.13592893331584258,9.330721088236416,0.37429530385004417,0.0
152,294785.1143231045,48087.76470884246,34459338.123391435,1328877.8412204154,0.6980125836153104,3790.9909982770296,3.2993589112130137,0.11305876897861226,8.211979978449442,0.23563882257552693,0.0
153,12853024.056708694,920297.6895980932,2633011374.62398,75450553.39878826,0.3804432256182842,3768.1988033785083,10.24252705879663,2.8732921438073484,54.696431547686565,0.21254787463452282,0.0
154,24385.085437899932,5056.706475996769,3069502.893884824,100506.29792431775,0.665986803858867,4012.717262068256,1.626783039365696,0.2340414054401861,16.262529893498602,0.18509030320261963,0.0
155,118300256.9153445,19604410.104755517,11191810082.247807,486240633.8359977,0.6972484159076323,3522.1750857590205,35.694566167830956,0.07548659629223761,5.474531306640823,0.26284831079038845,0.0
156,196110788.23125824,76395023.6753472,4615865091.625147,413006722.5442821,0.7680222672721584,3392.2531562977174,216.2120367230568,0.0746909433972645,5.428028610481972,0.3287100791814635,0.0
157,128543662.15259378,9661922.696608912,23011128117.688637,723280478.5571556,0.7136340917654473,3804.9108110756383,349.67890701838314,0.13997712668283252,10.1564966222218,0.17861142730830812,0.0
158,6858050.751794276,586051.787434332,1225456047.4623523,37748104.538992554,0.5774292138757694,3007.1214649356752,40.67102923783482,1.5187956164863854,33.81493300764282,0.11040477799086774,0.0
159,12397252.005877042,1032727.5467900152,1903557488.2978637,65841278.69639792,0.7467710853142135,3773.509838324206,20.001589720616533,0.04805170976985087,3.288551408444083,0.15758576386958836,0.0
160,8785463.772117442,1476623.6170344315,608800454.1894662,33803486.84891496,0.7389806192537386,3252.4287767266833,84.69695021929822,0.7295970046810675,14.833848137474202,0.13320940601804931,0.0
161,14975407.493343119,803229.9810038353,5817081246.779299,108246697.90485314,0.5026238024390822,4119.901213656951,27.547846829269588,1.5408217718614563,35.06992341278844,0.4096810117244506,0.0
162,3993339.964839189,502923.0890815387,488473544.24597585,18349739.518200163,0.538742090071284,3716.950387197393,14.145985735090873,1.5257182433611145,34.182146796957305,0.21787125631819274,0.0
163,190407634.05529493,17878444.45340278,33546484304.971203,1037839538.3395827,0.600987368683476,4010.2956589074356,4.860894671587574,0.11924057523083746,8.101232494854425,0.23896820506866115,0.0
164,3117093565.2039537,636560355.7595813,76384359847.0882,9011300337.897104,0.6752117029387616,1392.5416374482104,99.1529319080177,0.1999820314769126,13.277671989752246,0.1317938320963092,0.0
165,1078238.0760416512,241144.23266920898,38183683.162597254,3269273.6521511925,0.6895301101574749,3396.5424615072943,4.955666486006961,0.08982400150264284,6.479382899549741,0.21377944149464123,0.0
166,12419892.116918052,991833.5442404477,2137746279.532882,68437130.12952092,0.6896423420329054,3621.5271719411985,15.651207006110944,0.7771641063693029,18.183707134047367,0.18491905908391543,0.0
167,5184826.304194929,1477569.6949993928,184679724.16187876,15231420.105018843,0.7114423179397822,3294.389174034448,8.715476150892709,0.08080200017626708,5.253168857185445,0.1251799690804822,0.0
168,809283764.5687472,153167160.1471163,29256236692.439278,2582386891.8520346,0.6774860425180884,2843.9370462697143,21.554484215122237,0.11341495850083963,8.370986468256348,0.10256493794107696,0.0
169,3189145.1931860563,501212.3062745392,150894897.77238715,11107061.054015914,0.7732809280732528,3348.719042777503,9.989797333287468,0.051679913626045605,3.5771707178926206,0.1450510940428309,0.0
170,7341354.422234948,2004395.672702181,376098998.95716524,23723262.87881497,0.5599028929019072,4259.8895103414525,3.1068329691244667,0.09969236557501242,7.174693815639941,0.17064453532433596,0.0
171,798909.4079204185,146519.9112440515,31634986.94057461,2653592.685478561,0.41353229636382804,4228.028665459106,2.173475792649673,1.579874608773967,37.43252298885169,0.09655102832048833,0.0
172,1515358.0697922688,307954.36376563564,215360842.93237895,6409629.77204554,0.7130281681983416,2983.4432009661045,7.027727450798176,0.11287224557760131,8.231260835161693,0.31821085126537396,0.0
173,26952655.58181386,9876218.39010876,897419084.0576166,71591248.63334209,0.7138376113980438,3955.986336208559,6.302640053331527,0.16802877409304856,11.289423984029835,0.1945658593546305,0.0
174,4398379.916618459,492838.14767958206,362481280.1903259,19093534.940494556,0.5894794083224209,3849.602624569813,5.874380290680356,0.8032214432465089,20.02867520500417,0.22182697386238936,0.0
175,6436398.167096533,1087718.039695333,460035458.7861695,24186700.845132533,0.6635029699014513,3965.957668335487,4.333460581116216,0.1119425461392873,7.80489840233694,0.1388615541932934,0.0
176,1836383.8295991153,443816.90241256764,37904771.084154315,4781267.564003417,0.7271632130559164,3594.3865114355044,16.83467886536418,0.1702468679164256,11.872012634050327,0.172188851766542,0.0
177,12744308.215833433,6009022.187576678,243521006.91142386,27738602.588450838,0.7133420894478897,3687.8167101446543,3.792824536055444,0.12971425908040457,9.43178312686852,0.1636412734161354,0.0
178,43975.61194700245,10040.12206031322,6128375.045497145,185107.3298735617,0.7425361573414522,3611.0835645421407,2.768405865849458,0.047914931532521535,3.398355957255407,0.20677063987505337,0.0
179,6045660.239896404,1906588.4897236195,137459602.81006682,14744070.86380587,0.7059248917800761,4142.604549005557,4.17280965848766,0.1001852456819952,7.117012038700797,0.4899065474337794,0.0
180,25347055.866434693,9161973.512148645,822739396.9275982,68395914.28737879,0.7202964654769959,4046.083922446588,3.882569856897333,0.0863577552781873,6.274819420624564,0.18231536999769202,0.0
181,5132.066585704064,927.7016551149834,1356726.7066852145,26944.377304716432,0.6468502826572624,3532.8674140189805,0.48637627132321576,0.006868808982228547,0.48066614586598033,0.33714499500881634,0.0
182,180944649.44196028,11556749.99998236,44641741060.2519,1133810367.9471009,0.7373037119288124,3883.0380107901965,36.55576523051605,0.07126081323863546,5.262694997995732,0.24829805806845237,0.0
183,40004687.64652071,6005163.825091531,4513983198.158827,182250337.93097427,0.6348372293452809,3615.4924980557776,3.1526560914449524,0.20006163271183314,13.931294840088947,0.20349351701277396,0.0
184,1202.5449534173563,73.92330019552745,770747.207507332,9830.226540086549,0.6047857956374594,4010.8659785920513,0.5793868483730916,0.20027084723653346,13.971401720626824,0.2942442664914397,0.0
185,158990270.3190989,47965769.251372665,4232877720.425428,419803159.4872538,0.7081632495880417,3773.697675475044,8.394293658267044,0.08174068998177617,6.072508464290445,0.19693171991884556,0.0
186,11346.623132311115,2917.8850465474006,2716543.6410533963,56547.61852327748,0.7704142560737017,3611.308191571322,1.659740093112596,0.04921651959913982,3.3637115818974737,0.5022331452150891,0.0
187,13984.968025117521,7894.655585275168,1817611.8569198009,46114.71148283929,0.7434160973521117,3465.215979347481,1.951974392474146,0.10079251333868759,7.350483765994538,0.3388344439309821,0.0
188,4773866.521405216,465078.77468259365,608706381.346542,23691970.91580545,0.7025593009801012,3873.436251482023,15.214516018783147,0.15394392855445477,11.288433058710622,0.30320344877603267,0.0
189,14164811.192487681,1176393.0238705561,2238019555.9928555,75819779.23646817,0.6540486404940773,4090.6503172081816,31.365430876441344,0.09056257587598582,6.60196694711698,0.10259276798802253,0.0
190,89852300.71420878,74844263.99458417,1475784573.7641428,157422441.93705386,0.70190495155429,3441.478321836506,14.167979925319834,0.15672575172499953,11.304302457703098,0.1869433999523793,0.0
191,53100187.21470234,8775680.018638548,3591324117.2440577,203922760.8743555,0.09362250602456469,3992.1245099129387,6.803157740796457,5.4614085295789145,90.36257839422106,0.1521046999321471,0.0
192,140431307.55346417,43876210.249454886,8996140262.313862,439309372.599648,0.5000460364976499,3300.2047544610386,58.572718566109664,1.5128815665134103,33.31798704034405,0.050996261043567824,0.0
193,6777.913165737262,889.6978146705918,1828370.1238136538,37030.14173799182,0.6527501407088507,3689.3027021930325,1.4488796924350913,0.05309592182601168,3.903512888237826,0.3152995057760557,0.0
194,62197757.29700102,8657893.9751768,4891101615.138313,254352361.3652668,0.7100205100994674,3665.1379990532823,11.376905176240848,0.15409411598760103,11.117516475464104,0.1399362701290682,0.0
195,18362514.972959522,6050383.00048366,411073585.0852955,47275956.35709285,0.6971774613554395,3613.684730865288,7.877550455108536,0.11334668497987455,8.01800169862755,0.07883954779483067,0.0
196,51199416.354446,39261045.50450215,1086214071.2745578,103055176.43832894,0.7342349836305591,3496.9414625271165,7.339384222166054,0.1853997543425005,13.635776864490515,0.1918801168876308,0.0
197,389855.3956178073,39563.983538663975,62338451.6973814,1993056.3768280824,0.6929752022681219,3921.2695180178885,3.780882839636615,0.12260257462265374,8.643003301791266,0.30883524252312056,0.0
198,4581245.057370644,490720.17338106345,677442345.0712963,22775779.455185555,0.6231775479213146,3972.2678955249044,5.8805905280053015,0.10028061020115944,6.308633612087533,0.14848176051039785,0.0
199,15950509.199999547,1568408.390408148,2073774511.1535995,78704927.09037115,0.7687405482818018,3865.036262301725,136.72844006531196,0.10706471317689426,7.8486812612583545,0.2853382250299665,0.0
200,61580122.0452144,5852962.113288155,11820978673.918589,338384662.8313885,0.5882776883667429,3904.12754553266,1.6174114315247166,0.04919660980860181,3.296071070749643,0.1429349724390928,0.0
201,18623.920059712113,5153.754869370145,2418532.867451818,68076.71594709426,0.6761971535807755,3567.5028650235136,3.2139263556520192,0.08713195626276056,6.30712345100375,0.3443215980023105,0.0
202,8123415.397704494,3485442.984473764,426006343.06505394,25367495.37098799,0.6860113969745704,3654.905349300273,3.734047130788032,0.20616300814631003,13.856566766325074,0.10296101854223749,0.0
203,1040275.3912808902,75281.41336042501,309842884.4628644,6668246.977023626,0.4830633615674749,4008.670377017723,1.400920952146854,1.5665206299637087,36.10666163994502,0.30023827880791276,0.0
204,5411824.086244483,720215.3307969683,422766188.9864191,22452371.642896995,0.6651300964059608,3644.9382751642333,3.7702446055533274,0.17784038354618711,12.459709957544968,0.2323456694374461,0.0
205,38280.020950640195,5297.19687649854,4538727.227413932,162380.57565696302,0.6300600168581034,4244.944660758845,1.649599322771936,0.17453450147830019,12.57018071213309,0.16411393814733685,0.0
206,12666908.75541543,4794269.584854672,482226953.93172854,37164934.91463558,0.7149351321627709,3250.8495026928617,9.486063590191803,0.1296229390890395,9.285284928276488,0.08795320080140234,0.0
207,17308835.771729518,1499246.2476836275,4295628307.336349,105090432.86829336,0.0952357658783576,3401.714288551078,79.36926059736055,5.525627229311761,95.22118759771854,0.28871057421865787,0.0
208,2405925.8094548015,437171.2841729602,129877076.58343974,8417367.023782825,0.6121766414454213,3631.0567472317243,4.909348431964316,0.08940268044115367,6.641553318018152,0.1418716184206743,0.0
209,4030443.909371075,1303445.8319229402,388113844.1105314,14418875.325228538,0.7454051092645131,3510.884082472123,22.586233684933738,0.15580946734734802,11.391646074174632,0.3130337709771509,0.0
210,40408051.00037421,9658955.255582912,2038154393.44612,136876768.107245,0.6615555049826833,3357.9729841877597,8.650361612689686,0.09832717791519104,6.951049344198914,0.11247543393793394,0.0
211,4389913.021205911,527700.8426162761,413026858.20105535,18772436.34738665,0.5392105134494907,3457.2311013072413,14.736059647390961,1.4785488294859686,30.866604207171974,0.22831713258457925,0.0
212,89833.96849596102,28681.423069760564,8663533.521745851,327428.20882645954,0.6908606190238893,3486.262820030407,2.127012376388711,0.7296269329501113,14.612358949477322,0.2717361844450911,0.0
213,3269.6461963793604,362.2774405948565,1396434.1366926746,21526.631543201016,0.7228198345914494,3868.2960782144833,0.4812121541662406,0.08339267696765944,5.704155962192758,0.20172546506719174,0.0
214,41299756.71545306,5955220.002869872,2718005865.1296635,162031737.1396009,0.7172644387119199,3634.0910245666837,9.06060017567138,0.1412639426208334,10.26088514404712,0.10440611254596974,0.0
215,1943074.5736012973,224300.76500541245,150707441.08611134,8204538.428874761,0.3700159701536946,4067.7118590464443,2.701118479924752,3.5193408673896007,64.0258888350632,0.1589523867524464,0.0
216,5261.507127720382,1915.0225552379852,1105958.9251564834,22884.2525920625,0.2344037746364956,4069.682823618259,1.2525777913008926,4.172065957218,73.13550333400893,0.5019700218931201,0.0
217,4254126.42767063,1175231.3319872573,269393919.34682477,15128776.520790303,0.6847157757609236,3657.836290318821,4.0653854871851465,0.09504604075531305,6.494461053597851,0.16718649260616184,0.0
218,57910176.662211776,12016493.402652822,6276330970.596588,241883331.72045755,0.6401784157342798,3564.3996554431687,2.445610643839269,0.1135777871730399,7.496977108904336,0.14402326567233711,0.0
219,21213678.554077998,2132229.36861698,3906246498.8555856,113237729.19883427,0.7424806682632662,3416.4225349632957,163.511881139221,0.11163221157110223,8.377738891035534,0.30236536909284656,0.0
220,12957856.595338888,849779.6132644794,3122794486.5993037,80468716.70707564,0.607207741820919,3885.1941838029206,2.3290441291230413,0.7674935421681978,17.104388024388463,0.315962444191244,0.0
221,2612799.2415717533,450788.6793224245,125625677.67553823,8869301.805692589,0.7112087364743759,4069.978513317864,6.355124809421604,0.16052307575574504,11.745925956579468,0.25899895137678797,0.0
222,4954233.443865354,629595.876774777,354329940.5574352,20110226.052550815,0.6231203537573258,3962.735330159243,41.121238635984724,1.5043177516434982,32.4940076325076,0.1298926214997812,0.0
223,4238732.335142112,1498945.9180289689,38915382.121855035,8519898.683842879,0.6872542452771243,4051.671435346644,5.670373237821091,0.7875297075060521,19.18862251878869,0.3365565455050457,0.0
224,29083.499267227802,16774.447777514906,3703936.9924447075,99972.2083166623,0.7627825146813146,3731.2329138276536,2.8318989849980465,0.07624440738538274,5.386926075264152,0.3534873815548427,0.0
225,17293128.012095712,1569512.31185539,3056890793.8208504,93048847.05980754,0.7567690444456381,3152.96429719933,72.65751864615507,0.07229977242108951,5.3821248724541135,0.2697047650022275,0.0
226,38840850.13050511,6323971.2441384345,1528869621.3208833,130671280.00449407,0.6528338569617378,3837.3736167447696,6.921393183323679,0.1127934606467024,7.905206570794599,0.17150354923790123,0.0
227,3362655.421147575,448925.9374751036,205337169.4681317,12973954.273170909,0.7550556412815743,3675.1024791932778,3.414692116792298,0.06411589259156711,4.319144352075732,0.13212527645750452,0.0
228,3600148.4361001393,702193.6938459746,207847734.88297376,12485953.701798476,0.6790465009662572,3908.5735372671547,5.152763690024163,0.09735158310032643,7.07046247987507,0.25008297906492516,0.0
229,365726426.2070744,107885714.92760614,5275734141.755195,855644967.9905349,0.6131492721757159,2396.8834722000283,5.107441287439112,0.127448369850089,8.813282083684395,0.06316194049234654,0.0
230,19500848.181156658,2313975.2126037055,2454862680.4315953,90876020.85212792,0.7489613637760424,3170.059417240933,137.28798752261784,0.14368527033638046,10.440565413615525,0.2641421752409476,0.0
231,123126.47613480916,55669.17229151629,8743043.546625745,382349.5537899118,0.7365260467972891,3934.6414782169404,1.2345918800282545,0.13338087382231495,9.78653745354039,0.3208332743319339,0.0
232,8087455.697085073,2304935.480140774,134279501.56622547,19852897.561948203,0.7284301793279137,3750.7276896035996,5.42709078085612,0.17018450887946698,11.582185749855572,0.38272961756834106,0.0
233,152765773.60793614,26992378.530282177,7722104274.306356,531036775.37438,0.689064064051698,3479.61068164671,8.56113522897215,0.09843432620251011,7.065969156788883,0.138509458850489,0.0
234,3117.287682573752,444.8101252923574,1255723.6285744836,20184.86653488263,0.6327841128518257,3546.408341829181,1.2542013096464906,0.13102179017924948,9.339328146889725,0.44662467008514256,0.0
235,3943.33032122186,746.974224364468,1321214.703035295,23054.43545805269,0.6379379209282627,3713.019659423268,0.6789756440380126,0.052075496656321184,3.6008676339896026,0.2173441884635507,0.0
236,6446686.74943083,619623.6442885323,721249789.727509,30907815.164911706,0.766916956153987,3678.3560717422024,6.38337850718029,0.08728963112396163,5.957624836241649,0.08601875390429982,0.0
237,9174.699698167995,1473.019143564075,2390880.051771956,48937.014924931886,0.6680331804283474,3658.494633480108,2.650205902437248,0.11552401075358762,8.324992689308328,0.11176919832264591,0.0
238,26544169.873940945,3784097.8535184525,3836683735.8298645,129195463.10857788,0.6608087336822512,3605.4307362798677,4.372352835463319,0.12936920067504917,8.907208471175775,0.10447096833247461,0.0
239,14737781.129944008,1647712.728172054,2383614340.7531047,76666666.97799543,0.7541868452783207,2727.1781178665096,356.8021753738247,0.1748541570763563,12.714324560276289,0.13495081824158078,0.0
240,13391.74640873042,1456.2307822503142,3261441.605033214,74951.79926329039,0.6957637102364949,3616.1405014012516,1.1511008893644308,0.06749307256445096,4.902798529793998,0.149941538203045,0.0
241,12034.151536255402,1155.0096829296342,3131794.2027783236,69138.01665784568,0.6240296225044958,3749.898880384141,1.1383999563612612,0.7254003477138526,14.621432682016936,0.19111345917123157,0.0
242,6262128.583098772,650667.826314597,712449766.324213,29744448.620339878,0.7390072565450143,2520.5084438665335,47.907620728047746,0.12279524319577559,9.269031949004198,0.24150543052028486,0.0
243,30473.064005452452,4861.522406700279,4211077.573525121,135238.487445772,0.6027598514111041,4458.726313682859,0.9428621558158098,0.18068306404001264,11.73781263032254,0.07539562104400419,0.0
244,3072495.255892988,2822440.8567284737,32698379.35666702,4378859.424048665,0.7394038341650702,3772.373705834181,5.97720967413058,0.0709950227818946,4.921409189129873,0.23825241137956357,0.0
245,71287.94342103536,16236.572433234393,6490732.372205636,263791.97006092174,0.7201784953918275,4115.196507145893,2.3859461416793764,0.08586283356882998,6.320251795956679,0.3457323395815515,0.0
246,8350263.599379839,1348837.7731153436,821150159.2382387,35275569.93707873,0.08708922060942334,4033.576989675161,3.642082430996973,5.417569218870448,87.63211752103162,0.20839330629426694,0.0
247,19819442.701070715,2895362.1167063755,2005134391.0206037,85325589.5063061,0.681224547759941,4141.584582500313,4.711845934682791,0.10859047594610578,7.322612003542618,0.11787602631635695,0.0
248,9069.251084099524,888.7768308196682,2910814.694187132,57070.75578849522,0.5991195343273005,3835.2170842558435,1.0610799810581812,0.11604936028755244,8.046746852696323,0.18764109795391665,0.0
249,71763140.49618721,9242084.65689837,6949002032.543381,314474197.45611274,0.7357099878130018,3330.423003834655,151.69483079404435,0.14701215039094073,10.797707697682892,0.04387998384672039,0.0
250,42258855.775441006,7708808.957122673,3669110521.8214064,159876661.1053192,0.7615662727016972,2908.2224035640625,154.01278793855718,0.09562745685528906,6.91490066026967,0.19827568545871066,0.0
251,9893.227591163703,1042.9387201150591,2793141.4057796323,58181.8279870364,0.6268936658177698,3609.9328719345776,0.8909371781804828,0.11561637153400257,7.864857145178798,0.4233959055137811,0.0
252,6429.186626028918,2453.1649754936693,1294793.537934308,27371.062927377825,0.7108706451242122,3597.847612114603,0.6823877451035674,0.05898240873962886,3.9867287511605,0.24234840020946094,0.0
253,3104.4812996636897,376.28470412913305,914794.6060963096,17764.902616804346,0.4273310408762277,3827.495675228646,1.0383280630349567,1.5140018665948551,33.270694818616434,0.3164287904678366,0.0
254,21572739.45038969,3015513.3281382574,3914795487.4629607,108511845.24318047,0.7065468469569386,3456.434656082284,103.71500734711198,0.7328824098836271,15.12519503148909,0.28225611707563936,0.0
255,10392.988856643391,3772.845556960664,1919489.2882700867,42999.61297866312,0.7209470490213848,3836.250765530331,1.6239581257067204,0.12672346793101202,9.292791229377746,0.05330094993164578,0.0
256,15628530.600144953,4349474.622006929,453133745.3195535,45190300.14827767,0.6924598378233758,3340.5547060806657,8.996703990540116,0.0802411373687213,5.489305741910423,0.08352567135851056,0.0
257,3261594.820676309,516415.20296293806,344931691.08727396,13832416.575980123,0.08478049431616971,4123.962465587024,3.24239680015741,5.42208093773946,87.86994970800204,0.22350014454248887,0.0
258,40295948.99706422,4646828.003991274,4455537383.332048,185580559.61733237,0.8144476966266296,3302.6478300328235,125.93044693612431,0.18505879205368111,13.514326622038237,0.3811692902819305,0.0
259,81098524.70437245,8219806.07313549,7974238363.662033,373491900.63758206,0.7564259847586008,3704.615716266667,27.391238181984697,0.08042067761062466,5.56236635661701,0.17265981329749666,0.0
260,140925454.41681477,19666481.252723806,13106683366.379744,602675467.2123791,0.5442374735462245,3951.990292211846,5.379018330735872,0.13759594692292704,9.954278657669708,0.12791209545278084,0.0
261,24233666.413497273,3372736.835906358,7436296447.417491,145415620.2267307,0.39398944874137376,3681.7509805262475,41.427411558114734,3.467004863880071,60.351707029792216,0.23620736280335078,0.0
262,23784988.36342028,3733521.3697992526,1106074348.0258186,84357988.08682226,0.6643386520551938,3581.0473790687806,4.0588530349230725,0.09785296090843473,6.830986399121025,0.04801280736017193,0.0
263,3972.9133887816,1000.9774424206796,929678.7808049547,18927.41234774192,0.6298793818206925,3321.029906104904,0.41577676858370033,0.022567233934680787,1.5948902828643028,0.21990314099528924,0.0
264,3400763.777926564,252974.03323232103,752083939.0763208,20414341.668669876,0.25036133197017235,3755.4213693696984,9.301062481928879,4.072675446432938,66.503437651147,0.22795110623057685,0.0
265,428547.0917299224,133860.7737414699,49475920.06180056,1772620.4535502172,0.7360495143045587,3816.209147334467,4.703005833603371,0.14937930774862185,10.344748889284336,0.1469583079670249,0.0
266,330667.57571163273,108887.76679365216,7534396.78783269,799912.7400033543,0.08605447643556297,4086.470656074508,2.0719681148367117,5.460010114341047,90.09350263764081,0.09868336373987263,0.0
267,10495.332131120074,2183.843284636279,2321252.1680862266,52259.48131105597,0.6478265595479291,3404.528560386802,1.0366652866615764,0.05059458394877545,3.505585494816131,0.10942304894666555,0.0
268,4794.843647273567,1495.6992499907162,1442166.4779405787,25400.07412133657,0.7360574267507337,3621.3856995913384,0.9637155340781435,0.049966746332400815,3.672411586570502,0.14141463567192422,0.0
269,2721489.3569448683,434543.5838826811,174292621.1439564,10054397.709431894,0.6450707635268879,4322.653435939716,2.8091703839864577,0.09203992936548504,6.445502930324766,0.2876122281358811,0.0
270,42872774.27305407,13465412.423922956,890442275.4164978,107784139.84024894,0.6528712016155269,3888.4779569316643,6.2712724068288015,0.1500061133233511,10.703364208299025,0.34615728337732843,0.0
271,9504239.300895352,1433484.2358419863,559662880.7447357,35393642.46454771,0.6809676715006165,3393.5548390148388,8.913528837880085,0.14309684100042946,9.84401233987727,0.16483848796006184,0.0
272,65302.16725163539,17663.610629148858,2141309.1363647375,175562.2635040877,0.45631586249922895,3287.9865395709667,1.8257441163525716,2.273743899349989,49.63591755546716,0.5006624675776296,0.0
273,3535656.0036514504,753759.6437310932,310219569.0015558,13667767.36164109,0.7816959992461436,3704.695634982225,7.8391701247289145,0.1525187511453053,10.797516378423929,0.19293385822304707,0.0
274,518112.4149460305,215693.9125554828,7995374.732593092,1077120.0180411474,0.7778330161836599,2984.00342455129,8.828053265633196,0.8079847001876752,20.3346047695381,0.5485235486200807,0.0
275,7548275.597257622,1415138.0278956702,625896830.8682855,28738163.02267909,0.6968231823238855,3748.5564750086814,3.811557676521726,0.1385997763057188,10.018323348979582,0.3057615526690861,0.0
276,6017066.94387953,1752670.8131288383,169194743.59039414,16333516.856980145,0.6758950177947403,3710.767768760599,6.9248885507316835,0.15440320874800398,10.846908349973207,0.09335847923262922,0.0
277,7586.313944578831,813.1965333350837,2442335.269722988,46060.39386390686,0.6919305594877999,3833.7874784759033,0.9133365366793951,0.044701700055122015,3.053020959701334,0.1228399689801701,0.0
278,52896146.26786114,10032786.523529546,5065338548.705276,216786860.96088058,0.6482539061478779,3537.040327867475,3.8237730130705447,0.07031400568301951,5.175966369614841,0.15202884600969974,0.0
279,22354756.95513477,4954513.485061096,876664855.8823941,71343748.44985852,0.6785094540943982,3750.6862279251027,4.367418203658166,0.10318607390970351,7.100534458673723,0.03510483894473952,0.0
280,42338704.49244812,5580715.73839042,4129678831.576651,186524229.80682123,0.46841306044264447,4125.779488822532,29.98905987957618,1.5695257761252928,37.30514481582474,0.19215355272175005,0.0
281,260033753.2072897,91152083.46904798,3459553891.5592484,549245716.9730134,0.7265896683032249,3250.3327714673364,19.690888361943024,0.10159384161428849,7.346795304999975,0.08120676821268463,0.0
282,6779491.522820118,3511528.1125087207,98859382.9574714,13159350.76985266,0.7151693833990448,3936.8456432745993,9.551473301742996,0.08858101557399536,5.550599680320067,0.38663403638259825,0.0
283,69461.53437080907,11291.760113829103,7188403.748475658,281623.27165852644,0.7553808573963651,3722.1397912645843,1.9766573756956727,0.05787571616656404,4.296260567734433,0.06851352390547537,0.0
284,12115459.649629172,800645.9216645899,2789927419.525971,74133551.95734496,0.23538571626881738,3846.8013172023516,1.9255780883735307,3.507227108167821,63.10869287295007,0.2635144940526815,0.0
285,92487.39139523865,80292.0647723678,3613381.4114031396,178123.9316736409,0.662856746873684,4204.95236976442,1.7431399593506227,0.11102691343882354,7.189171227770113,0.2382282522192478,0.0
286,3627798.9298624857,329829.5122270999,470377446.02115756,18264224.57829861,0.43913019890233346,3795.586505378764,17.278586217115183,0.10320310946078175,7.487780460544789,0.330266211578085,0.0
287,33173495.40937656,3579727.081225502,4530176821.852289,159509702.78492075,0.723671475273869,4144.28737625421,10.40429982842803,0.09415307288878641,6.9966876148548,0.23018615377065213,0.0
288,25580.50433980952,4202.829221412621,3735604.333825309,117054.45303454853,0.7595805666513551,3952.456494663269,1.5473803771985581,0.2062922104147428,14.261473042978755,0.17859100235485662,0.0
289,1851.666370807286,351.1895147189839,797199.2927598564,11787.244516742872,0.6553983380416443,3475.1629380838003,0.7198177206056474,0.1398627146446227,9.825416728532513,0.15773921033889593,0.0
290,41890214.94312562,4479262.968707626,6218574487.29257,211666396.79353324,0.7032624175863104,3538.6360866104187,18.13506113184801,0.17611350985852292,11.991841259002587,0.22407315713070994,0.0
291,156025367.4580196,47337280.36311465,3761785914.062851,374542472.3159821,0.7013243020785735,3266.1944852674637,59.698564648258184,0.16169307340912925,12.171699669959526,0.27067662907514967,0.0
292,14265.693332412862,2215.157086938262,3573820.019538407,77389.33912642037,0.6727945127804518,3478.7963631602142,2.201659996297691,0.14479775479558707,10.05904522939367,0.40406757705430707,0.0
293,10514868.463222606,876442.7350003805,1534055849.0100517,55130876.38085477,0.4149094027645366,3744.186628439389,8.470351471097679,2.8548250584692583,54.28589061906628,0.05426070526402464,0.0
294,31521.539120480895,7202.716995880675,5855453.54854642,148185.92649260763,0.7327577489703428,3887.069072266345,3.006927415008919,0.20219225102451296,13.407189297656165,0.20759316937446975,0.0
295,29771619.330110677,6287927.7015123125,762803480.2154038,85741412.97752279,0.7206576371396551,3641.9381834360142,5.873347360186639,0.1023890209216308,7.179040604858675,0.07950451696204956,0.0
296,1444217816.633022,344566050.30156195,78122236659.40465,4626436279.972149,0.6609004303194465,2296.2334191271702,9.591364580459295,0.05693111965306104,4.041588593404723,0.12184733575747193,0.0
297,14077998.404636022,3783701.668579781,454148361.6506516,41505610.35948357,0.7282661362891207,3442.5153275699076,5.689172766742128,0.11673919704435773,8.517943801536587,0.0421673900235223,0.0
298,38763224.32997687,6040855.599800387,3328681269.097587,159719109.7981414,0.5986958047290724,3684.6044526035553,2.5126844397583072,0.08752929896521681,6.156033109865983,0.09618228472395578,0.0
299,41049.56621146775,5173.968403309317,6134990.256886778,201047.2556539555,0.09630547731057959,4346.773777716845,1.8777515400654963,5.476073471005845,91.1096891207043,0.6259840818761414,0.0
300,10364450.638453413,820917.2656626205,1929850013.226377,58424304.89872873,0.6520407019564367,3705.9369005688814,5.839865872156628,0.03567455451584767,2.4343201689753657,0.25254878766392386,0.0
301,22149904.82184235,2270775.3316112435,3122898901.4314375,111287329.99402305,0.6902530871571996,3488.122551112671,63.426989724401004,0.7647977365031174,17.417601886511804,0.16673835578510707,0.0
302,8714516.373180505,1372287.4251343817,903027321.575606,37405371.32772022,0.7250807849473797,3397.520027991863,53.1170424157039,0.09768499228760952,7.208647340123051,0.17724791444090462,0.0
303,2198920.295616161,381848.734691471,145182168.3558465,8031890.619123678,0.6511621680058918,4158.706515530509,2.347911221874325,0.1055438761877392,7.597986274118566,0.0464253023276681,0.0
304,11370.556570392157,2927.469469569793,2689543.9659290896,56768.85105244098,0.7171869291517496,3603.897042150335,1.7404539278141735,0.06709221507562732,4.291053067746317,0.20477074551192523,0.0
305,18521201.660147183,1255696.2147704267,4123016940.8095655,111907085.4394521,0.5224515445886814,3952.710637944014,32.81042766899529,1.5332448095970383,35.28205863091169,0.13002829228655596,0.0
306,4357.008273033202,2373.5051474293114,1002419.1065426382,18082.73053067846,0.6426895271200734,4029.451952855693,0.4905258747215048,0.7636959611719863,16.760336010940502,0.19964208032856967,0.0
307,8740806.222309474,2094958.1288269074,156293861.67964008,22811940.45425695,0.22852316745374218,3558.4437615115353,2.3298550073074864,3.5240810416793296,64.194778083486,0.14212162900119946,0.0
308,6918219.787010001,749055.4837734185,886278521.72885,33757514.46415364,0.7616411720139246,3341.3334020914353,64.17030708851634,0.1658570689950037,12.31271878851385,0.05538219119114882,0.0
309,19127.753819858634,4881.374803048685,2572802.445861697,74903.70490788724,0.6614263741307009,3668.2582735230676,1.3314550544856296,0.06805714087343447,4.927684252907225,0.20810752395305906,0.0
310,6378720.404191988,1194619.644464062,318687732.16895413,22184863.631391127,0.6705856944314548,3737.1689294149787,5.640591491295967,0.10084558729476774,7.0647221419563335,0.13583162975453617,0.0
311,8639.093404306157,825.8583968895011,2481825.093091194,50662.428995484996,0.6938171601848618,3610.1452089917284,1.103211386930438,0.1595636861348786,11.252602696234685,0.33768529620249316,0.0
312,427243.31639411906,106685.03056382966,9121479.439366307,1090954.9324228102,0.49512864834319503,3320.378667047683,12.26447904709176,2.2708068689243137,50.02307381049686,0.12081203304662318,0.0
313,6968541.115125554,600722.0073391189,1283187373.1795535,38594720.33097216,0.6653504295295807,3763.4840454161986,5.795523030792122,0.1547434091600972,10.04474265601515,0.21331021074355477,0.0
314,3058689.9478029413,392803.0176719585,275770334.57184917,13134700.344758835,0.6812694884019972,3728.0891755040566,7.45897900378007,0.05892211144912105,4.325953351562023,0.4178427575602594,0.0
315,20669334.619119186,2179198.345807992,2384679957.9964767,98138359.50735751,0.6606410844035073,3995.842090583841,61.70651219097639,0.15288855620347644,10.907964707462572,0.01719489505674828,0.0
316,6381456.504644992,1194929.367478092,314192485.3945298,22194855.054186396,0.7186839611558299,3600.6560665030747,8.175768037896617,0.08780947405466666,6.442596373121525,0.10328148055139869,0.0
317,6261.516005322689,2792.242132480561,878214.7237028757,22218.28311026369,0.6591937724707915,3500.3912443180748,1.3621220276381143,0.20188645411424408,14.615208932781446,0.4372059683850796,0.0
318,4033024.307460851,484828.5063012343,337263224.190088,17222672.850443352,0.766007956701989,3660.0748972749034,7.454518687884765,0.10298743059343289,7.508643837604721,0.26008207371483294,0.0
319,130596.38555256018,11106.617688376891,26173642.633174468,728027.8811192958,0.669094140879685,3862.6953360344173,2.790790498488333,0.09135594908838085,6.382243150281646,0.0583039621537787,0.0
320,5880.030826649209,503.94473283972036,1890703.8956272863,36359.47829258636,0.5965365946555415,4099.638368502692,0.6831344817724703,0.6746919771602482,10.905597190019927,0.08646442435339474,0.0
321,1755726.1690073162,355134.61426622636,315011354.4256969,7741350.403775725,0.6726493059888601,3854.137524573167,9.940901953601244,0.7393537834090858,15.616932099049484,0.42537212632685256,0.0
322,154654466.86854568,21094222.64438122,14092188009.097034,647654093.030876,0.6365575777372505,3596.206541119189,14.949382683784583,0.12960617744122988,9.428067384876224,0.2089284309795061,0.0
323,15800800.904143482,2228693.5338630765,2464065344.318904,76348018.1175573,0.7913652113462268,3073.1800904990682,71.97087578592983,0.18124069182434815,13.049612299823654,0.19777422509073464,0.0
324,28437574.24778678,5271015.108894668,1612755891.1698792,103802823.29051358,0.6348965349697945,3794.511596930234,8.4896140748905,0.7078544940483376,13.37139887123551,0.10396023219143276,0.0
325,28443.212889919232,7804.175197377235,3280846.578539578,108839.290720614,0.7158099274561213,3634.011282507175,3.199710995712889,0.08171442475515019,5.9825558502544425,0.26502419705916885,0.0
326,973794.7364515748,281920.3733740614,64474657.12678015,3308331.984105073,0.7065438076609487,3895.7862474173007,2.129633634603949,0.12775972014046938,8.626774539368103,0.24305683835532582,0.0
327,36390.41445506839,27254.43067672155,1890634.4969711169,76719.3889509656,0.6470056688849175,3554.434062531791,1.4227183211523167,0.08391091536515508,6.104194359196095,0.3112157608142709,0.0
328,29622551.83884845,5644888.35171794,2268347727.6674023,111666893.20717755,0.6628889163290627,3693.3126779223026,4.351133007480377,0.10736331814310782,7.193255984062373,0.13356633941590573,0.0
329,4893549.465093538,624488.0971166987,342897952.46032685,19784814.144564074,0.6008269466501962,2869.953550895247,20.72452985220709,1.558972815132141,36.43913476177365,0.18672433993316814,0.0
330,42059447.3769214,7640923.152819553,1951108074.320599,143027985.795749,0.7666620091504496,2810.6399998669067,63.65883858109278,0.12047353966189664,8.815354686791512,0.13199507875868616,0.0
331,411532.76082564984,33433.80311515932,109669385.86307342,2537516.7363738683,0.49850764138249504,3632.565977862086,3.745005293241764,2.0754774566764658,36.27009212953095,0.32031146828997314,0.0
332,79686379.13042939,13594378.433709284,3963188587.1737924,275467902.3206587,0.6677650120002768,3519.5128936258234,8.828511011097088,0.1285503441697699,9.320097033725732,0.05318478855494686,0.0
333,19674757.341414534,1295720.7941823183,4651832697.660078,121373199.04055946,0.12579541659330812,3368.2762201561227,14.411845397533044,4.163782034765311,72.64724261619108,0.24518868447134107,0.0
334,22315240.5810661,5588735.608645543,357234259.3710536,56210748.88256391,0.15254443361573128,3574.973049866857,4.273458505818782,4.200877611691479,75.17980239133666,0.40612903899224256,0.0
335,35656690.2279285,6118228.782042706,3298903701.2421722,145769138.51965043,0.6588226141508505,3094.945984840859,85.22440101705665,0.7677276616173463,17.094093390416667,0.15725837144448038,0.0
336,123329186.16771123,42072937.77622824,2799789277.994198,303865071.2377838,0.7007933915129163,4028.616611814778,7.555768807904258,0.07947071810840622,5.710741757045762,0.30830162765277186,0.0
337,1087492.3327812452,75126.11877441521,236130572.14375395,6483009.490520657,0.499353112561324,3715.2919786173125,6.763614685920144,1.526242702565567,34.57627152107558,0.22958502081862883,0.0
338,859476.2779826258,66811.42127113286,156506832.9705606,4771411.210127398,0.5121061014692643,3578.6459490689726,8.053876500206801,1.5401160381766483,35.30474760305625,0.2213280858172248,0.0
339,349518.6271063715,54096.68629238791,35617495.02841161,1465219.1007719063,0.7902348498899172,3679.0311137643284,5.051232938876408,0.10244645600858915,7.568418600605421,0.2756180683515992,0.0
340,97076374.7835694,15593835.695632767,4783433077.194926,349145277.8900167,0.6483988234714507,3934.0460365944436,7.767407403068021,0.7272634208052537,14.516355518891041,0.09668666160554078,0.0
341,593366620.1455805,96393939.69802487,43204724260.73963,2271599760.8640194,0.716704844597662,2946.815458562305,26.449280687238556,0.09112074149269586,6.665774403955955,0.1749847835421053,0.0
342,22795108.237451892,1745501.2588780932,5693289839.360764,138677613.64221364,0.5276115833930898,3205.711874514024,96.82830656011605,1.4840746373205083,31.430803790874524,0.13533350220642565,0.0
343,4703108.80870362,1293549.4373124854,174501612.43837816,14232777.18031025,0.10193117309020776,3904.4370478371397,4.274968355090261,5.504049827942984,93.26988114144223,0.12817861219417534,0.0
344,47118745.40726852,10643292.563505204,2164186168.4577003,152716147.13739982,0.7393364171329138,3277.424560499705,88.3719577909483,0.12105760100939608,8.92527193269223,0.05661333661819083,0.0
345,52864883.55250119,5332060.126122622,6923780614.871017,257762193.0068767,0.7305609772526596,3316.374304458247,190.4928829577835,0.12496427016751097,8.877554010454029,0.0828925029316971,0.0
346,13319295.207054302,1981554.401045107,1384532987.7279222,58533758.77887448,0.6354887693975785,3734.355121108718,3.2277138359001865,0.11623775764486322,8.58996637071113,0.13433211319422558,0.0
347,13514.211292922428,1486.7746687780489,4163835.959912315,81959.5043141753,0.7506345801967537,3574.867861007449,1.1033280211571195,0.07208841244801087,4.913647062217626,0.190280983160604,0.0
348,25360990.356562905,2962580.387020087,5056193951.060129,131916210.96485388,0.7230503095508203,3465.114137176123,24.678942501725086,0.1684719726646529,12.516171146852734,0.36753911642421727,0.0
349,41392321.79182209,9626404.540801289,2168635638.1647186,138649408.65202117,0.656904267600326,3565.4700721103673,10.457161267672983,0.13177229677305774,8.770324519801923,0.17268284918482552,0.0
350,4593148.600169567,1027186.0735580341,133772860.05753963,13431324.712292429,0.7307559120282894,3493.361331618775,5.948348178212276,0.16567666294873443,11.692131691693115,0.07824288891267389,0.0
351,82346179.04587236,5641127.109898437,20204349826.656555,508181255.63535357,0.5880031829927479,3935.1175303382815,4.161574536518672,0.21928195772879625,15.217887350778359,0.15206210241318166,0.0
352,22711018.31675012,3703790.56571382,2419514944.6687384,97656165.13124204,0.6688367527030469,3567.7102860724535,7.090203745087428,0.17540948395573103,11.778087473706012,0.11295670631747796,0.0
353,19299.695895051573,1712.6354166520166,5558500.147547377,118704.50890050721,0.6572436957565577,4040.172359617188,1.4522086908320098,0.1444162156637036,10.001421367121107,0.27407760799384806,0.0
354,262025713.462887,49184996.54203751,15181328612.496058,928936196.4212494,0.6932907574897376,3501.8897071380416,11.968112031984132,0.2133267421436285,15.330864945882876,0.09449741566711015,0.0
355,8528.02636433297,1020.519759792777,2582452.2561700414,50220.7018050496,0.6658243624982795,4096.824989492635,1.8190783552125012,0.13959550400627824,9.631594192256946,0.387796692620713,0.0
356,8888175.905164737,3645388.27514247,67035354.46136757,16470454.56627453,0.7216047605513589,3617.197938250167,21.047437627978308,0.14922459522041692,9.88026699003329,0.21421888357719673,0.0
357,120195701.41833885,19852752.234274246,9020778217.3911,478532348.46550786,0.7855417813721612,3171.8610656499313,30.849428520466006,0.16806729246736482,12.579777660347284,0.14314378925703347,0.0
358,17666426.467743736,5006682.130886065,293012655.07377887,42534058.07237361,0.7812727225045342,3892.109729991881,3.4906709597779564,0.07235417281354461,5.1835426644480425,0.07629278622825734,0.0
359,18404857.688407145,4291929.24296056,557641836.172863,52807307.20042149,0.788568001714739,3442.3485320430354,68.00412901421754,0.08705257182059763,6.519496777622076,0.1001900164796282,0.0
360,33164352.0441248,16655581.335655708,1466778604.2036715,93519504.03139353,0.6608978500866333,3967.566371275553,3.394730959445725,0.08108531019569165,5.607804662471382,0.15408927185088567,0.0
361,32979082.983775713,10632558.880734045,1587287435.9874673,98543340.56118587,0.6440475055668065,3649.370204682233,8.594451740814202,0.17214596868006743,11.775757056663158,0.20095643330945734,0.0
362,448689629.5232541,222372725.2601563,2608274184.3886056,748200828.027005,0.700651421822999,1505.2524567955702,7.011434345208361,0.08387499506294764,6.063348787689233,0.05189362081342042,0.0
363,4312.135568928801,838.619214785911,1474320.1731575904,25128.68918834988,0.640718720634013,3874.76216706209,1.0033943846183249,0.7282645705365455,14.470914595583219,0.24974452715371198,0.0
364,13074.435686151632,3701.026116934039,1253878.2291818399,42953.1034069584,0.6057043759037986,3833.9670257846174,1.0399350476195717,0.21995630749978004,15.05087014688342,0.468805525749683,0.0
365,2010240.4609835292,660482.7248132087,65224165.823084176,5586343.183464684,0.6993507776451839,3947.1733100551796,3.907523440033482,0.07878169544210926,5.4657187482636065,0.060626859804627564,0.0
366,788623.0629552577,95891.38138423345,80891161.37480064,3487240.9413500773,0.6489579629342282,4059.6769595410124,2.4088440325226053,0.18937940106622592,12.995269572622172,0.25046448938180393,0.0
367,7060.908965111684,2198.6003387524934,1111056.454997874,29037.67668492641,0.08265755940574095,3803.525609036153,1.633867961236986,5.483655270644496,91.87124036582244,0.1712581418162843,0.0
368,3273.243064456308,963.4115948836406,764732.6308411169,15162.581099361512,0.08530353080117715,3711.025073433768,1.4275221839663221,5.478253098689824,91.60213784084401,0.5118853423570112,0.0
369,15499.034661699412,2518.1880521100124,3211901.502890638,75985.95490013009,0.7137464815404538,3902.7729792668815,1.2303333159710157,0.07404743651151771,5.29246423450697,0.3316688520249745,0.0
370,15152.912881220542,4731.931699320502,1849819.2407472893,53247.96183487556,0.6452393408898344,3586.4252781505093,1.3089145609539825,0.08535172109742976,6.017683480017624,0.3500180277642494,0.0
371,151295342.9802715,15082332.015606334,16380784134.026361,717369388.5467691,0.5271497583652898,4068.2685002575163,5.5192122173966505,0.7942209468194901,19.314788864587662,0.10956107585508172,0.0
372,11378231.887718055,972846.1246506816,1907691444.1205382,61579519.00060991,0.7641583146934259,2978.101582503495,65.84455602050679,0.12795415925603865,9.373578709513358,0.19028496401009026,0.0
373,6371755273.91327,986604936.0658051,272313716834.37866,22235941273.666607,0.6986341400430268,1060.363993271734,415.6649419643288,0.7880820676371353,18.522441867002026,0.049606262771129776,0.0
374,37580.58658376994,5520.271080347387,4971038.231573544,167243.81012616755,0.6720785631596428,3999.174405775634,2.011674546675146,0.12528751672039729,8.89789536693792,0.13481353608949734,0.0
375,97194954.22620977,36366423.90228313,5993603955.583181,258738930.05687565,0.7328901818275588,3066.367844638262,141.48248800531428,0.028288480868400346,1.9995156829118983,0.3374455730428648,0.0
376,3133.0259239621655,749.8338614556873,906334.0188155534,16138.891144362244,0.6160238158255231,4188.483450159309,0.6971107013499421,0.1854904269345421,12.765772155492867,0.11276148866420221,0.0
377,1830570933.4090285,1175968208.188904,7502717381.491434,2618334838.332286,0.6349316281930091,260.0589410458924,9.88703249674862,0.7552925556227069,16.448897338790864,0.09559728794800162,0.0
378,5817708.809482252,591433.1103184762,796623368.5453271,28992513.084623795,0.5357320972045814,3187.6027119173395,11.956714327616213,1.5173987752178952,33.68211801503856,0.1926762486427755,0.0
379,1172020.3060034271,99326.32298107615,198349904.4226969,6365899.2419340545,0.6307595897236565,3294.2249100097306,10.675054970510338,0.13579452310952939,9.656910221845221,0.24403161905704973,0.0
380,31831198.327285804,10492382.406900126,605338608.6067243,75544415.9141987,0.7104223885416834,3657.7944596370753,4.638267477163987,0.09738456475187025,6.904276726368432,0.09746144624790337,0.0
381,16963694.761770356,4712966.84888807,696817329.6765982,45211813.860015705,0.3837745482606693,3758.0004790946373,12.619223961492763,1.5366983388804665,35.05067353456442,0.3312512890261827,0.0
382,5170.279959729787,820.1578236225374,1605597.6583761617,29311.19378006698,0.6948986212948345,3742.188395474269,0.9954356413980576,0.12893092341444348,8.940197856014958,0.31209430021894935,0.0
383,14268.376277841933,5949.738395349374,1904174.1638916265,51422.36583204148,0.7199783219207699,3546.1768756741276,1.224560372110554,0.081040282532825,6.025538165388241,0.315286150910938,0.0
384,9569618.371449828,1272591.6853976427,722132397.7918183,38869571.836834066,0.7425245283868883,3547.1989549097507,6.478328025151293,0.07441427914401447,5.444061222125444,0.05799649512026225,0.0
385,383098340.6310958,44973047.60075344,57459002125.00084,1901005798.7978885,0.661874353072654,3752.179269101771,21.46566593533068,0.25348324178281934,17.50066529474703,0.2041913504191911,0.0
386,68375793.17704698,8334464.881952303,11101868550.098917,344449649.49199826,0.6228532188119481,3774.5545677957093,4.304106268801219,0.09975310682703382,7.037558880267568,0.21482677275007928,0.0
387,9240877.214096706,2403246.5207932256,385340823.7401201,27439486.898696683,0.72316299750525,3634.530726623707,13.680480485997256,0.723110271135557,14.46338414111214,0.1680120018317571,0.0
388,21653.846774105674,4031.665423141513,2891785.2062576693,88981.76406501819,0.747835851759645,4242.905994793389,2.1240943352631634,0.13060275317208694,9.335848848196566,0.22679352233381295,0.0
389,10935.363859383328,4424.213943094306,2086676.0042725503,45821.03037928122,0.6947404709630705,3427.8034650647637,0.9498517336149416,0.04390615550002366,3.0636278577828664,0.15196127552551472,0.0
390,5303.453438824845,1028.8580282279704,1663884.5600981587,30115.279169745307,0.6768820037957771,3677.753896132286,0.9137704974789149,0.10927388424359288,7.34958607397446,0.20912560000427488,0.0
391,25920.06941748411,6822.100975891679,2654998.0320288697,92789.83912696048,0.6731715280577697,3868.5911072581,1.56392955932234,0.16907804290357165,12.17401982080816,0.0786530132857102,0.0
392,95373142.70410916,11035620.898326423,11012301513.180439,441916705.2968647,0.7168137042099175,3648.1533610764222,44.004890165209126,0.16133551782959482,11.428761634938564,0.1180540456456507,0.0
393,34350346.83963953,6778069.847211124,1311455807.9910574,111135696.1105463,0.6611350888598205,3656.5268418824626,6.13501930773736,0.07383620691161238,5.263693963959184,0.08675712012361643,0.0
394,76948467.78945242,11457414.217080645,4540388373.162597,291283164.8958181,0.7295327319772504,3701.2960186943174,8.379246996861847,0.05886095441319652,4.233537429646401,0.11628415166330718,0.0
395,11319571.97474963,1455165.628000113,1858572128.5625787,55780021.19954757,0.7753145717156518,3263.676248238214,55.402978081650964,0.113927304811655,8.271387204586972,0.2781593753215473,0.0
396,5761.485124125444,1308.704700520057,1666444.7153248459,31517.59423978522,0.6733597422431963,3465.6683448554277,1.5457052806702054,0.0731811961985108,5.170880107821938,0.316234649831423,0.0
397,3170380.2899650494,429263.6410369485,203105309.59301856,12431436.800578188,0.5510851929780405,3523.057347459198,10.784103133462265,1.497044210435888,32.41019945833308,0.13434466924284189,0.0
398,13068.35476682408,3422.586054979524,1650901.273700924,50535.887779969235,0.2881368755552643,3662.8693774474427,2.5549816110843557,4.166662853649131,73.08620243425352,0.4582732611252198,0.0
399,905757.114875692,289902.69646616065,13220191.245200912,2051699.457131321,0.7207548824911096,3712.6302955819347,4.747424615904785,0.09292432939470582,6.7166928336349425,0.14997721448978313,0.0
400,12056917.940999454,1460547.8546080808,1516206061.8041248,57001269.81448124,0.6455304924903255,3860.4277624040733,2.6405392044196048,0.14411060754091212,9.183703254832023,0.19335330498429293,0.0
401,8252752.729466466,691663.2660241253,1457666224.6378179,45466816.62416353,0.5453862812144914,3025.4488690418166,20.052757621899726,1.4696456518424224,30.042577016913413,0.12562986483377098,0.0
402,73623225.29613003,8732069.250084762,6788091243.762499,323579861.19730103,0.732297383606827,3077.5087702845585,154.11735375509554,0.13659661910920712,9.85114744964648,0.23041167273286836,0.0
403,3432661.2351566823,660528.4941947067,287433356.58610666,13294396.3761537,0.6369578708472503,3492.579351622656,5.540016014553311,0.17214367065906186,12.110622140667497,0.31631233410733517,0.0
404,22555004.52644243,2976965.4860610985,3001075284.102746,104705549.56755981,0.6208318551312865,3673.9992670018732,21.915619376300263,0.06644693375543671,5.030269195712881,0.233034600719594,0.0
405,9048.645492450316,2868.430901080473,1688440.8837822087,38718.37435286628,0.6463467504646031,3481.602008057978,1.3653415147203751,0.7607887374608131,16.975574811223233,0.17811145759763725,0.0
406,20815335.84598797,3336128.789753874,1226611691.9464102,74744234.89301468,0.5491252083297063,3562.047673325891,6.4803019407123115,1.4281184361610773,27.10044575908818,0.05702236628737168,0.0
407,333745775.1704195,98426123.64210966,16014683284.6442,989009304.6931429,0.6236423939955618,3225.2117174136865,4.150683100501744,0.12692262219735734,8.947005383886914,0.09853792417973356,0.0
408,1008199.981634063,333832.8709478371,48107074.50853688,2914640.0121265315,0.6809280521547745,3582.7568124500863,4.721785189394552,0.1173475806598244,8.216839853409784,0.20267155584415122,0.0
409,87461016.72419773,6854313.159962786,16330557139.362345,493271900.5250613,0.6562606186920416,4184.683501913221,9.065462009413206,0.14669973468955505,10.031624255750444,0.19424887326691073,0.0
410,82840549.21028961,37683117.22056674,2379599314.973652,192367863.02650672,0.6727068411915346,3582.173306882477,8.263490329119136,0.0819116853134835,5.795805475753499,0.25864971458047376,0.0
411,1086049.0681103957,170260.51932113784,78446267.66528466,4231453.5525258435,0.7234951628060824,4163.16733926427,2.756535490174323,0.11070058354569774,7.335088004610208,0.2636359548104074,0.0
412,1481255.1404312924,460490.0737933655,47661636.402598,4196312.337427126,0.6277713749307562,3758.8016007280025,2.0051221266017993,0.0729832361441483,5.243362143098837,0.0812809344227909,0.0
413,2825622.2778790505,537027.0016473002,269039041.3653889,11594242.035217047,0.3529887617960007,3953.799631134253,2.6380106149719675,2.2982021545440303,50.81837809783697,0.22658383929205042,0.0
414,7818500.343794696,1426958.759594593,537114426.0333904,29642335.627062727,0.5127559892326773,3142.6558178336254,60.244479868961015,1.4535470532875692,29.33084282168203,0.08358398110923025,0.0
415,63199.19764547754,5717.015089564242,14107918.317019101,356745.6394965973,0.5906179782585149,4230.173519382721,1.3862303839249788,0.06612940933863305,4.843616971918962,0.07792976639366933,0.0
416,10531079.334463188,1036408.6242380937,1543791657.919057,54382113.83940246,0.7858568282547607,2925.978339031286,43.846083957064515,0.7088708661047268,13.205596699502962,0.017485017510994134,0.0
417,30687.690860005772,9412.465320820673,5637692.0603268165,143827.63405206712,0.6840687742698044,3716.9170777014115,2.9910019691610543,0.14176123509130586,9.406876476202978,0.3312136803935803,0.0
418,7267275.38803695,1122110.1453401144,476473609.56634295,28145873.03630953,0.684861994407062,3420.2401057087623,5.785093311705488,0.09892607225076926,7.221512618709811,0.10441617543290505,0.0
419,6485047.39542073,946446.5995716859,338820263.2626499,23871884.516417973,0.7465627935215111,2818.892293713768,21.4237663140264,0.8081862078638042,20.431828236657473,0.10555435702078242,0.0
420,96953076.57089671,12056697.003980538,6575392814.090324,393307064.33630717,0.60049099320903,3665.964637798523,9.237242128818076,0.7979004078282792,19.44396503187449,0.08429001683977347,0.0
421,17047093.370876867,1354745.0109675548,2903287981.0334034,93851172.69759223,0.7478038375305437,3963.202811745844,19.41169948884684,0.030622042009372307,2.107321724363783,0.08237046263915233,0.0
422,4521.385450555085,1510.9861199143056,1337098.7307413365,23371.23482690766,0.6993567723173234,3768.42747079072,0.6120740534506847,0.07932185223576553,5.478111246820665,0.4429148622531473,0.0
423,1933014.870988914,308743.34399809025,324333420.5891908,9382277.811529811,0.6029162694384137,3910.7662133661033,13.139625099158804,0.8000057970032289,19.6452950926958,0.2624308786153499,0.0
424,8007702497.408867,3020887184.285133,67197945040.2087,15564761634.082586,0.8043341467744487,942.6265913156146,109.93867653293812,0.12700015388618874,9.274454690105143,0.022729635276331175,0.0
425,58670558.9513942,19258581.242361113,4055118079.2143984,194850764.38124284,0.6868542832547325,3573.015289481315,5.091167979395245,0.11234555440355347,7.791089334395551,0.17680321264998847,0.0
426,37361570.34379425,7987820.3916863175,1258342873.0606024,114749381.95193048,0.699570050187351,3442.778777466421,5.099741086078924,0.07549772269829438,5.629908860932389,0.08306141919663756,0.0
427,49840046.7618354,6452209.426502137,6614123625.638439,238343414.9481876,0.5045580079273888,3035.402694453128,107.60277386945863,1.5174672536611202,33.68942156513596,0.1091698795934637,0.0
428,6688.060112111445,1286.0153766802896,1432026.196038083,31793.164598942698,0.6224031329683661,3712.530925249819,1.035999453301057,0.15224279428762816,10.449336687329883,0.28042524739285973,0.0
429,17151.89055990146,4144.25491397202,2614040.278721778,72504.87410354942,0.617313447260012,3504.66938951622,1.3704818920844668,0.09951308549965958,6.904751885201034,0.0730902486040328,0.0
430,3484940.4636475123,754815.0260125895,135613134.80240506,10846701.439126652,0.5743271962699785,3896.636038163593,4.208797847657159,0.1882024779441404,13.419643767497462,0.26914478800265906,0.0
431,8187.57133318349,4108.819431768763,1018155.0295326856,26412.292078807193,0.0940308588484032,3704.3993635565826,1.2730147811632744,5.47782862117255,91.57963737783166,0.413754712151429,0.0
432,8472.57527222062,1436.550631576179,1295039.0782436978,38002.185086328784,0.2564002295039891,3990.9864947044616,1.6909593567080186,4.077417005985839,66.33837621682099,0.3962442990591088,0.0
433,10282.356570893633,2937.3808089273853,2496145.87550771,51513.52406599388,0.7221553959020255,3415.2882656036136,1.547901824774756,0.12389698265196447,8.274826674328978,0.2203873677368585,0.0
434,11851452.029213382,2587995.9932706994,501887367.59435046,36799086.1070521,0.6102620039619315,4117.9341195759225,3.693766899084461,0.6963417137661666,12.262454897887313,0.18286724738442453,0.0
435,6725503.61412224,1878248.1737816297,115144351.12188964,16672397.668205261,0.723838089178347,3771.901642768994,4.24672874925038,0.13103786871544026,9.530577643998116,0.21490745897970373,0.0
436,20715964.187370155,2457256.093216839,3342863107.6433344,105521884.33863083,0.7787562318178534,3102.5315476476335,449.3715357628189,0.13736217610644577,9.935761041943726,0.12010755830029195,0.0
437,19826.759262790023,3167.230240671377,5271489.441450277,111355.98278848077,0.7523516234158372,3803.177531287867,1.285304651516047,0.08202782456112426,5.935993558556814,0.3860577768054674,0.0
438,562951.2119954904,177633.24235163542,17552553.921243705,1555621.9681263203,0.6951782328561587,3534.288843364456,3.7848513727173207,0.13293999918019458,9.719886792860331,0.13268419934412298,0.0
439,8659026.616433045,3277265.736484733,353052048.60690576,24838809.687448226,0.6997211063267107,3608.8023691648114,9.690805132296699,0.08780098684025006,6.357087037524495,0.14312428307167274,0.0
440,8437509.779399393,723023.3402219506,1386199106.9957345,45473085.67931859,0.5568368183678224,3085.842959900542,35.471949695273665,1.5459578589688712,35.59744287649696,0.4014526200136859,0.0
441,4903539.840885655,388566.02392931783,929046050.9920944,27776995.369908113,0.6922628929495945,3094.1208266950125,25.547930822710573,0.26841669121060996,19.33065950973336,0.48089033145182497,0.0
442,1095990.1074400549,109885.98073929451,219226325.56487256,6039979.057849017,0.7556893592899263,3839.3806144942346,9.535942116905508,0.31309988156620727,21.038815981172938,0.32850013767693387,0.0
443,10286.615876654178,1963.3483858293541,1976773.2652736946,47959.333675001064,0.6861697607205122,3559.233014547387,1.6839391478373924,0.08946170876417021,6.388068093040002,0.20787454574332664,0.0
444,1813321.3474172812,227237.17693922893,393967521.0072877,9807818.181669842,0.7099561424393377,3460.3745902730107,19.451861012610113,0.18474857869820357,13.614833531832355,0.3623040166934437,0.0
445,10081.372124069228,1342.7215377848593,2481829.7884460967,54281.56940307388,0.6658629975092182,3612.8810038626766,2.121787997697065,0.10608904127685319,7.736011629043072,0.1515507126608695,0.0
446,6188465.333151577,758443.9530942326,501091589.82482207,26257884.510700103,0.6566639617140675,3286.44512891681,11.785525242823415,0.7923078408299074,19.309574450750336,0.2640219394945388,0.0
447,3496.2885968728237,435.4433361261648,1285452.0357074733,22163.451186399587,0.3331962399698568,3543.517404096824,1.0719922799882187,2.22158755458492,46.538692285215596,0.3811279393399306,0.0
448,6290436.731445908,665168.8124518422,811573565.9151036,30430360.618021954,0.6713609774479024,4309.778851981317,3.8529557648461696,0.16992312636850232,11.867291560913937,0.144502117710887,0.0
449,22908.615753671027,9167.070163055598,2382204.5224289587,70836.63792503024,0.6641067608205778,3377.259452429981,1.6956986417600173,0.033764466311531474,2.5310658680333136,0.13421247996375216,0.0
450,44902887.031910434,5640639.194678391,3129340020.1562567,181931065.91360337,0.7330786506036768,3566.166776820675,195.61420399162554,0.10675730489997264,7.906543653980582,0.21461629104935426,0.0
451,33452146.511914533,7181146.471023662,1919640816.0243034,117438377.97500797,0.6932905142451539,3455.056753502549,10.625842681082299,0.05193102765904793,3.7964124562105384,0.15125802866203913,0.0
452,17162123.715156287,1560821.4066719937,4570917960.635026,102780415.75125425,0.6881695921142033,3792.282221444585,34.71284403026404,0.18666316192126658,12.409320474871327,0.40501432095871404,0.0
453,6248.275877139208,691.5209269100138,1884070.037806116,36729.60881690848,0.7154890962139281,3784.821487976854,1.4143930363986763,0.15536155941715055,10.352592477491125,0.5876072569843652,0.0
454,33476.01985821356,14929.226504294444,3118443.998234411,106803.20440703079,0.5916987174117712,3603.068353653206,1.5205714943348447,0.04951544529812235,3.558259372915461,0.10053147500447175,0.0
455,10679.088649471316,1165.4724663007203,2663118.431321948,59632.61831515537,0.6659014755381479,3417.8077740133203,0.96042744990496,0.13000302944843325,8.813255653650543,0.22066692103782115,0.0
456,2599054.1345898053,446314.71558784146,106005225.4633501,8713834.04850993,0.748739125653637,2658.780466847066,25.15505211160997,0.8237619399941234,21.710957691111297,0.2096665540455101,0.0
457,33814.819346796256,25391.25194787792,2890345.9452205263,88989.86958249964,0.6823536474219704,3708.8701397119066,2.589796088140666,0.14436606811783426,9.540056102841715,0.1870008170425772,0.0
458,15396293.052997816,2934388.20867302,844142264.170694,53177898.60535019,0.5059913925172153,2679.20616465119,61.887672964595744,1.6635938133739425,43.84294202073802,0.13401557907466022,0.0
459,2062.904874185796,293.5592048679353,632983.7825290012,11669.73090432886,0.08785687618208915,4130.238148954047,1.0739383099135649,5.429743364479689,88.63845846169464,0.3690955764625338,0.0
460,171483.6669346335,61338.25923864906,15295820.51490106,568633.4866039661,0.6415156527323798,3557.50403393699,3.464363259096727,0.7943708524873404,19.09162812953035,0.27726078349868183,0.0
461,6395889.883521066,653962.2386685895,746138200.9421751,30821118.686595447,0.7486977424994933,3645.4230123152647,23.236588837932352,0.041528138042872344,2.98253358063036,0.18408328759590467,0.0
462,7994951.88263573,737309.9163940677,1685475422.0477486,44874635.82258012,0.8085380444462805,2894.8156096427456,34.59750151023102,0.16267318008766835,11.943073251618241,0.27676988990590884,0.0
463,213169.35403428847,47929.342208345,9831431.776475532,660672.6237446814,0.6402560580536426,4170.543092862698,1.6156250051492385,0.14564661223201147,9.665798849851742,0.14913469472230922,0.0
464,14364591.974024275,2714259.4180414695,2428375258.550163,66171761.90618893,0.7636872329375789,3325.4906746322686,330.31959779361125,0.1558254346401565,11.101244486275256,0.4126654582011255,0.0
465,519689.51378692675,91550.89811975835,64565495.606818974,2360309.8647737238,0.6816532678005058,3763.1679156258665,6.014949589554473,0.3048645636404251,20.314220955154525,0.21311000397807106,0.0
466,9245597.89545195,1675127.0659049894,369574699.91266716,30160398.782064714,0.5986585501205394,4206.590454943749,2.6582218146560357,0.11665517034204091,8.489709650434929,0.05390650596691419,0.0
467,26539814.34591379,3681089.499188366,1404615788.2847621,99115773.83216612,0.7439517845572696,3416.9518623365725,9.98509451678051,0.03627200161107895,2.512372171252848,0.06567924442545596,0.0
468,596493750.1170799,66484829.42819524,100472509018.57552,3025891718.8691216,0.5437117209749147,3711.648913582463,6.028650926369263,0.12519233572744196,8.933814700522992,0.1764081044216403,0.0
469,11093751.71304446,1979779.811064088,485259256.6360307,37630509.45748142,0.6970520399782117,3948.1130380921904,5.730185714936032,0.7320952807870357,15.060570940228269,0.08213511553898531,0.0
470,24793.428771508035,7368.38681590537,3374222.30795129,101252.6285288664,0.650678713749113,4295.122368076384,1.291341193826604,0.2103391897718831,13.805332966463066,0.06725178986015186,0.0
471,4414.006439441742,398.52034048858343,1669521.8734478783,28652.33499858189,0.6637531889962615,3999.300645427774,1.4095953325102257,0.12755456115854596,8.975740707524295,0.525105919134365,0.0
472,11532864.4240196,1900319.8524037409,490275760.6975478,39379153.346867554,0.6712298127371452,3756.9372844381655,5.307141216943054,0.1707368736425164,12.332013817789782,0.1324896022804509,0.0
473,19944276.989436157,4900882.0729500875,370522627.4746899,51745499.590510085,0.7839043417515125,3528.613987221388,39.47155882676072,0.1275198882063476,9.274773062430047,0.1715451996077163,0.0
474,3724163.429169786,444080.49166233296,706614800.614623,18749195.680302907,0.6438976207809597,3770.1241799174,5.0571004971036775,0.0802181567128133,5.816051483770086,0.39617472525779496,0.0
475,991000.5378862882,162860.35126939922,88623450.42052735,4038818.098833068,0.5795300932087317,3866.155425741852,1.8759777266357167,0.15934563243967617,9.997427460608742,0.09215529642108403,0.0
476,52506989.39010082,4808736.4485752005,9909050741.108501,290438132.30245626,0.6694720685613462,3601.196920990168,9.684777223443076,0.16363754762881708,11.225493735613812,0.23090988311866803,0.0
477,6544343.216709648,937273.05570618,536393948.95148087,27021292.249296635,0.6566168472351345,3723.206933458214,4.423065973143132,0.13471128552536787,9.086643840023317,0.1261829041167374,0.0
478,441150.87409992644,33804.05988095338,127877647.18628779,2783901.574350996,0.5306840524082252,3427.5226188534325,2.6534156360939254,1.4813537803150196,30.9902463946137,0.37349667233979356,0.0
479,302093.62208396324,24393.364798246657,56688353.507398665,1685187.179689323,0.6058772448197857,4042.016624165525,1.1033722972227638,0.06734876633566537,4.688989921174169,0.1911543341360454,0.0
480,4294796.964605962,778487.4090035968,187835707.11079115,14279316.291665444,0.6640708191666642,3764.495447575301,11.160327969215537,0.806769135310198,19.642504591469113,0.09378224132220263,0.0
481,7016.4011649355525,865.0126581046019,1834793.3794132737,39007.740690832594,0.6906174556604678,3720.5099275653088,0.7207548841722238,0.05030845482600101,3.6389348506061636,0.2647803808533526,0.0
482,18351200.415719014,3568062.175188431,772708214.6941279,59559051.0406549,0.7137207390835415,3738.4399036777477,7.139169043290363,0.09447265592417527,6.879097687889846,0.12045510724835927,0.0
483,10290.822936004191,1486.7323997504623,2608223.2161114616,55487.488122432456,0.6882581673621264,3978.912436393567,1.6698285469971825,0.12119331357144762,8.02029706316774,0.19666421093362074,0.0
484,3943303.936355366,1104048.6726194625,403694017.0453906,15013265.311167229,0.6557907261589885,3597.295001835282,18.017372632163102,0.15749700748091272,11.386978411225238,0.23073486343730742,0.0
485,6226268.000631195,1141823.0120985745,230611661.92913237,20075659.28704564,0.732285312424336,3415.3250989994503,5.441662585447596,0.12224862087684567,9.025026052504193,0.10175559860363811,0.0
486,118333626.97886813,8660899.721509662,28482853328.078728,718077882.4940382,0.617498524017867,3864.0769546578827,34.064960778104975,0.13616297792586654,8.86036345624637,0.16536308614514522,0.0
487,2577671.8632310415,482297.04681196,158148111.76691326,9077155.11394819,0.7082512534107582,3487.625504013762,8.095301660259384,0.12306262856537797,8.532684451354408,0.19986443184325198,0.0
488,1969811.603593478,854210.3935323091,24322480.168993175,3760062.8679068834,0.7686264921020172,3554.4557179352596,9.65313936440898,0.227201187270777,15.599451232657339,0.03169646279937849,0.0
489,1422.184572441279,129.82316633748283,682471.7703213429,10182.309478556976,0.6123872626675594,3460.6453418536776,0.21885780268730334,0.04536792078736314,3.360390345081008,0.11611862823533961,0.0
490,8082841.340151827,932702.55036285,755543586.3579764,35916302.91176511,0.6766569973340403,4069.402996178672,21.593179571495234,0.1592673253015339,10.735700602902385,0.3242346310756318,0.0
491,27362498.256474305,5199006.635063877,1718697200.6085477,101253802.22296873,0.7062914388674246,3712.1655836316936,7.109160689832238,0.133503609329873,9.430452435785535,0.38706309476831646,0.0
492,10476255.971059384,1104297.3862935225,1187914166.385279,49508427.506876595,0.6702284171169632,3883.3663224541824,6.706098142447422,0.07716315377139375,5.472612424111604,0.17322301083094904,0.0
493,6677450.918874664,696923.9318424806,906230588.8397834,33093844.445961736,0.726214938814028,3172.557526859871,37.73395396880197,0.11419289221680762,7.777949079787019,0.26200644599941786,0.0
494,21891488.98218427,1767564.0608466547,6111741093.315638,137610887.19046283,0.34373162037803195,3058.9427827290383,117.67831536550959,3.452776306298877,59.635503092074615,0.12784472498771637,0.0
495,8189.815623870463,1021.6868339811095,1861017.8059095896,42449.68407268037,0.6817498707207736,4087.7146982019763,0.8613848116197762,0.06893011495899852,4.807643142282636,0.17692571737407958,0.0
496,5260159.375871002,912933.0945503656,579399435.5166752,23763817.474467862,0.7289171164982744,3272.960071017047,42.49229793913272,0.15293616863210485,10.848520946662997,0.266158227134087,0.0
497,9035441883.64096,2220648581.9112287,203034120958.7275,24259628911.225502,0.7198958807332757,396.2550541484511,14.781729888399552,0.1027206215818853,7.36359694911206,0.09823077314719214,0.0
498,13541750.192425614,1540565.843341582,1191154236.084805,59092420.24944762,0.7281752957362243,3555.449550677232,13.053412703918934,0.06105330621365503,4.4297359492398725,0.1072374972001949,0.0
499,17565375.876407087,3568317.7629106035,798695683.8931078,57070135.98370276,0.7573719328069524,3281.84822442279,65.23197929370751,0.07599996794603259,5.599566083312128,0.12371300765514359,0.0
0,13455823.745256523,981612.6033392415,2959910318.817716,80050633.83236958,0.70327822548075,3495.5649758905643,33.60505425399545,0.05300770220510289,3.7666421182209504,0.24625329845918942,0.0
1,9899336.739813024,805272.1804548735,1559552419.5881095,53133767.918188706,0.7225419440519997,3869.2400081573537,4.536189058862041,0.02613980398985296,1.8308962548620542,0.17239200376175337,0.0
2,2059.0853941192795,340.91434089403384,854376.8535530625,12997.0842116082,0.45513622703235096,3537.0368024141153,1.1626310688876553,1.5104674365340167,32.9284065537783,0.24097690445421946,0.0
3,2579.6111050230074,374.49718033493974,1081300.2977732953,16582.123508602028,0.7054515065615947,3572.61811600124,0.8304067017614767,0.12841051510829518,9.146912021190404,0.23412785908786857,0.0
4,12874277.06279165,4753318.138540194,482091717.0297133,31239992.76521852,0.6564680308500404,3553.472055886736,12.959338201038706,0.19172441126374853,13.658654511539194,0.41347978559421034,0.0
5,8391098.90079715,1723152.2547018155,566847701.8190033,30986061.040296227,0.6623371601931911,3511.96525733046,4.224218284118788,0.13363771115574002,9.476051256821787,0.3375614202551762,0.0
6,199512.30990371085,133250.81347799866,3503122.277575453,323190.31769685703,0.6441874636580815,3605.3490123987212,2.0158538203295255,0.062227791599204885,4.435353333982543,0.2642427832508546,0.0
7,18836272.97262491,4484236.508810993,722772462.8525391,55188083.540851474,0.6813779842515624,3827.738877348417,5.654777095716104,0.10524200550046325,7.751445178313764,0.24179372901412505,0.0
8,70496309.9236812,7695836.738678401,5974888963.587645,308766108.73935926,0.7512089675610236,3881.630681037681,34.88400588432685,0.16041672164659734,11.150319810654661,0.09641947630338457,0.0
9,14206017.194940543,1087525.1331031048,3113897771.571917,84039601.84299909,0.7275210331167962,3295.3596620701537,110.403463827318,0.22961968749974745,17.006168304701255,0.39971648524765635,0.0
10,18818272.350880753,3061087.3248898303,3259375560.5814013,89913541.22411,0.6562053410563344,3727.830168720864,16.34309316326343,0.724541053936345,14.631289125871325,0.2669151955038822,0.0
11,19434.435906485898,10179.584737263276,2766241.5473808856,70894.71676837941,0.7364018910149965,4172.9325083350095,0.8846017243587526,0.07955842196600153,5.385489856103201,0.1370574235609577,0.0
12,1601684120.509325,465191704.53901625,57750791562.97733,4532626347.051928,0.5869281660228591,890.6586383773622,9.152202013263516,0.09251399102678688,6.746688567399806,0.13691967970682434,0.0
13,3934370.5242923335,871413.0348727556,209347691.2530544,13091081.574610936,0.7615412724737792,3667.331617538751,4.68289201181534,0.14171179618213384,9.626747117680106,0.3098505322777896,0.0
14,1668372.2478517317,108330.02883523559,448293842.4190316,10617683.899659736,0.4566837307136809,3981.9796130342093,1.608275732755485,1.5260664062728306,33.55801236095455,0.291232590497568,0.0
15,7777227.595917508,1447388.5567923118,650057513.4531801,30999591.274344813,0.7172440216700282,3639.0338668000527,5.3755103690470065,0.11186004711723099,7.987715547824251,0.2807221854307279,0.0
16,7062989.444382799,1537115.476811828,262226115.5629261,21951213.14469725,0.8191072039985737,3358.0906428828157,20.69611162036513,0.12783975892726263,9.126325152507167,0.1629775124577579,0.0
17,1057.3808997735982,180.20681167103072,363824.5480046707,6461.0162070777105,0.05165818514830306,3390.898719377665,0.6110596360717012,4.794419095474014,80.09815184490516,0.4420097914096295,0.0
18,7608.763637174654,1285.7438623149762,2204200.4577685096,42739.92435627447,0.6418892694083131,3581.4427105121567,1.1384654941496177,0.06193249826304381,4.415842882355089,0.3668062923937727,0.0
19,734663.1764009676,100695.17718677742,91889692.1545463,3389191.5651812614,0.6306667600041462,3900.869343725286,4.066326051348532,0.12510395112636746,8.933818705846225,0.1942220986309709,0.0
20,28820618.69506502,2103455.3122928934,7537235342.815184,177554991.09497947,0.7143834890381903,3886.4558383307995,79.75498675234752,0.09237024754585992,6.878242006675295,0.3486888325921055,0.0
21,99332266.56075326,13783660.318972116,11434274719.686468,437728049.8962237,0.6139466728920975,3965.5915909547857,4.784324694225973,0.2261697257091429,14.723787548030671,0.09171727989123024,0.0
22,16759641.346363312,3038832.731558287,616904703.3976766,54623775.996852115,0.7389027567492275,3587.2031185757533,5.806286299658594,0.11953071596136108,8.672934048524777,0.06711469468963957,0.0
23,10715.731208427756,2048.7652056495563,2027774.616336342,50074.68576293802,0.6861654929884967,3414.079487428686,1.5049483158860524,0.08759296871057672,6.100469446882019,0.25383633750530293,0.0
24,58153.467674158266,17079.583566054927,2439791.0894884435,157689.29179679128,0.7385958384879912,3262.0188735301817,2.2912691047585625,0.0900244336316108,6.459668503876034,0.5490028211460922,0.0
25,3240.1586731100383,943.2853182601417,1005879.4444564726,16986.906876164285,0.6862292230765397,3509.024446389496,0.6270800458242556,0.046182397009723,3.399861401077709,0.2597380514870955,0.0
26,2930.6620688503526,387.8693214065355,1225215.4908053745,19391.28777961834,0.666986349920182,3614.574253425346,0.7591494398440833,0.11360070326963508,8.115929219162101,0.6395650877458874,0.0
27,47738863.074778244,8106156.988741191,3264301726.1405334,181222172.75573716,0.69336689936962,3706.4632708444988,9.629007368862155,0.16337823544171037,11.587927545507803,0.18645506952764976,0.0
28,18629.022910823776,3769.4722739997014,1597446.0923884688,72697.51494841257,0.2765933008136501,4028.7283107573994,0.979173504438861,4.009677588120086,61.77652071159105,0.38184840272429993,0.0
29,48210415.47126588,8658807.574162345,3573770712.618136,187583899.10601875,0.5961077990200188,3474.4967108825813,5.582767804421188,0.08850151935210784,5.7914941026694295,0.19758896146387503,0.0
30,5906289.97496579,841920.3622292628,602591319.0631927,24918653.124985594,0.7897556023132889,3129.7846127105363,219.26146646747006,0.8170607781457064,21.130213830753025,0.16440874372871686,0.0
31,10125299.165181912,781035.8707069674,1753968313.0792465,56246733.36070801,0.6336294747731718,3893.8450776759437,13.100537452457887,0.14051122189671883,9.784457803652753,0.13168972713264676,0.0
32,11807.04403771448,6112.0070664613,1393906.0963102437,37313.97961633749,0.6108612962426634,3668.301581186474,0.5464358302024706,0.03854435026321053,2.6658419627089116,0.06204414773544873,0.0
33,4655.7889473914865,368.0030523993523,1604029.8596087587,29810.47438940304,0.47926799455178715,4096.3927139216885,1.306085521051976,1.5408098878863132,35.389412525832725,0.16717097966747313,0.0
34,821279.2968036865,67305.4191314196,133311169.63878462,4413348.993710691,0.5045477051387964,3837.023738493387,13.294766958167008,1.5324008771761624,34.84237494327604,0.08455610839067243,0.0
35,3405713.792646242,3352712.76914825,16601908.347120395,3902409.601565109,0.6164927529210782,3773.2211274682263,1.9700727907834858,0.7679068573470695,16.931647736234076,0.32875140400034963,0.0
36,5062521.473226658,1510519.315873994,267301020.75808492,17032850.21959679,0.611958487372461,3606.070898357613,4.520195381977652,0.14687220033409326,10.367997326519308,0.20269132029212136,0.0
37,47072074.13601627,12152690.712295704,882437632.6210483,119026378.85309128,0.7712209446440808,3343.7280171624943,95.95862339442039,0.104726326208577,7.667959834052948,0.07239339417790037,0.0
38,23554167.82018759,6947983.527647716,295384680.9724723,53517112.027638935,0.7666673070099256,3809.8358222708803,43.336623902894736,0.1824465411647898,13.40359691701217,0.21190122020471397,0.0
39,5339140.249810862,644745.307032812,611716460.5559013,24247246.500292346,0.09264568098314452,4218.548973921522,4.363318161973424,5.410802448019367,87.18625625124147,0.20894663487565762,0.0
40,33944.860416393145,10399.014987370098,2255953.06871631,98954.3622377277,0.7385362982246468,3457.0597825221143,2.091404809098888,0.14589495837865032,9.647256219725577,0.3949548558322134,0.0
41,4071320.056375444,853702.6430925056,170233068.25686926,13033182.164601773,0.6172419877120932,3610.2037399267965,4.177156698682343,0.1078969571058992,7.483261170801354,0.2359895753247354,0.0
42,46536917.55632968,6180020.283521342,3231705207.8344364,183425327.8054022,0.7374578098442809,3786.844245644381,140.74781616454206,0.11722519181865003,8.716183838937129,0.18145267213100733,0.0
43,11702449.451807285,1007683.078406166,1840278715.3114324,62359645.74884601,0.7138820630105233,3440.2827524567665,30.170842887648398,0.7679725031876241,17.608486834442925,0.17065258064211633,0.0
44,30640.812050312205,6705.914630999725,3516979.332458994,118555.71723963975,0.6488976268175419,3670.086779181399,1.4533677421313975,0.09304220331146151,6.610509287833439,0.17843837173774976,0.0
45,97655.63885982588,21438.146263063783,6644231.233589916,325240.42200635234,0.744159015843444,3323.8483180734484,2.245748536019771,0.04217114886697217,3.1607247806532626,0.16786137716164348,0.0
46,3598088.5712573575,540253.0653676644,303541336.17741835,15003224.577469181,0.46513330744110126,3470.555541116285,35.693213935392336,2.1267036139035467,39.75024217071676,0.14157598800125815,0.0
47,231201.9529060262,46833.3492500179,17874393.0183829,863274.3125255214,0.6849006180402791,3559.247973843071,4.02101717380315,0.03964573858809421,2.621222489192978,0.40954562826099034,0.0
48,23062508.679516397,19390533.75454905,503258222.74048454,43502465.246898904,0.5348532453874176,3901.1743092443035,11.13870031295538,0.13604676244516395,9.696262113615044,0.1559839986860906,0.0
49,11888398.642603148,2360274.902143684,834249585.3411269,44725411.78721723,0.6704061993539849,3334.8509272415236,12.47216890202654,0.08244218287437022,5.748183646285578,0.2734244103807724,0.0
50,14181123.940299118,2263039.8127171877,1109629039.5210207,55651054.670058824,0.6963406297513999,3729.389560244494,5.91967811722093,0.14167817081136702,10.219731555120205,0.18785240400621295,0.0
51,14426250.560110882,1062685.5281147056,3175076149.0446763,85749592.46956329,0.6895929314429398,3059.5789905613256,14.763291782931207,0.777218550166116,18.090158716374738,0.2582113193826304,0.0
52,26706907.954126738,3581815.652572821,2543029727.7377353,113986580.43863383,0.6025714846906185,3165.13282621106,47.00091018715612,0.8013301608590322,20.042226440580116,0.26052679509062526,0.0
53,2129.0435266210225,208.80770977033777,1105982.8031064624,15409.531353734612,0.6955440929684445,3851.006883806096,0.41612365447834443,0.04842959163698568,3.464018198812292,0.37040889562253676,0.0
54,8089.72985890758,1266.7731268221335,1773051.3812551708,41195.4470169038,0.6500828243807893,4077.0849353789695,0.8126810696821549,0.1337775883036258,8.703176117803432,0.3530060796435785,0.0
55,7746174.147936881,1217803.6840810908,693139297.392257,32335658.260526486,0.636104311993091,3743.5153557949216,2.4818667352877526,0.11974527976771876,8.674579264743832,0.0984148384940174,0.0
56,42244556.306261644,4618405.771567522,4822946532.709265,199587141.02559775,0.40308034193693504,4404.985880818682,5.546535143362534,1.4982361617993907,32.03666561439836,0.1452826697669321,0.0
57,1405806.533034326,244451.57028021067,107540079.145293,5475854.58871462,0.7291750773322953,3795.8132113050697,11.02065608908091,0.12925797788757237,9.526297427307027,0.078829470000763,0.0
58,10384.779054754326,4883.437310364946,890443.8542303157,26601.54952009417,0.6892528496170863,3435.066848724772,1.2706293922053815,0.1855057741446501,13.208811503814612,0.1935669700433034,0.0
59,41622269.605792806,4800596.598850943,4037727839.3942947,183815547.94001538,0.7723183181131296,2991.4211525797923,237.7686735720181,0.21061905900076025,15.29118706674178,0.20615513833283325,0.0
60,108941764.25424889,20653491.762542598,3460528131.483617,340088868.7818829,0.6283068855661,3637.908016895458,4.46091890898275,0.10047149375189024,7.3938221355541645,0.13159009682367165,0.0
61,57415012.4208897,6504025.110528481,4510203376.666428,245326373.22476465,0.23234659415816133,3785.5989967760834,18.967821676496268,4.243215019839715,77.31708259373308,0.09180251105482967,0.0
62,12172058.757524652,2491063.533602346,576306160.4328687,39106395.13959268,0.8022117905422238,3374.6472244962943,67.72228547971527,0.054013001640087134,4.105078170935196,0.1252199238342679,0.0
63,336529.5785813878,265049.1948745028,12772113.684181506,738916.0492899887,0.6996401365985447,4105.142981819814,2.0923825247830066,0.14966643307067445,10.07401209451039,0.09254102489853719,0.0
64,141281888.3221803,10397200.320567364,26474832828.691826,806840680.3638058,0.7184243168054076,3812.066666076422,34.17614400179699,0.04219611329495097,3.0588600697675306,0.08639840299873587,0.0
65,113891.23302932293,32709.741744912626,6427390.882667294,331388.55424634216,0.635151358847571,3954.403369121177,1.9481298289269617,0.13775770091274717,9.241838343387522,0.2987429855492269,0.0
66,63024138.85743885,9917614.613994239,6936643707.451605,273402390.02187765,0.7045491176214803,4098.050203243636,4.9728551655917475,0.09397652652278099,6.8725971615000505,0.20937038083286297,0.0
67,176206707.8044954,27996099.772114027,19301937274.484276,747142805.2586316,0.8029309898560049,2999.5481402854307,732.5544898179827,0.05775406131198624,4.24592057472982,0.14515480761835173,0.0
68,10334122.31554078,1837089.4715114054,376315569.49409753,33597717.84846217,0.5910456165461215,3832.5637535940705,7.758997776447579,0.7643531666852599,17.339887730420067,0.244329427191222,0.0
69,594348.0238435358,526453.4817283594,7914835.304428274,886079.6544126978,0.681544181906021,3360.693990772593,12.412511246266748,0.11815776654303614,8.680098082646468,0.05324573311098819,0.0
70,11783023.095947372,2559695.3515882236,714477066.5619366,42319535.44258857,0.6895131083913573,3411.9441507710126,5.5215820688284385,0.03862960684493037,2.9733481198589944,0.12331053390596221,0.0
71,20014253.67233459,1455812.321803536,5374737360.899573,124866623.80892198,0.33474352233787724,3554.883858555266,25.889535193876064,4.0584375613261825,65.31236721708515,0.3939429593750332,0.0
72,15428.333480548765,11296.863423619769,1236601.0358032654,39228.018122496105,0.268181169702861,3565.304369220884,2.3229414890826607,4.164177338396555,72.50608834006235,0.4271204138208186,0.0
73,152613292.12967795,24991953.499005537,11283858007.828896,581384682.5215766,0.6551562441308136,4184.885915833329,8.915203680664515,0.17513004617541358,12.849035502195608,0.1890231337757739,0.0
74,93868489.6477702,32228705.282002233,3624116899.708097,257505728.9280362,0.645967384032641,3545.8395964549245,11.780698119467951,0.11877879931548385,7.789072854269056,0.16594555129600388,0.0
75,95911.70155717012,23835.238656422698,3823816.9921892555,273684.79546069,0.775928458624225,3393.7461385738616,1.9693904408095628,0.11443148286311802,8.43203923918735,0.07508796317380713,0.0
76,12786316.654353727,2111788.9453006173,780555003.898675,47521904.68751682,0.6711081029855761,3675.1358918331007,6.421204021517693,0.15322120068186001,10.276952558542092,0.12122059682840092,0.0
77,20352751.158987835,2990399.64067652,1142499468.83585,75841482.7873637,0.7138240521574246,3047.1643946583995,14.919696586360327,0.1382938926294801,9.772846808784935,0.12952075174510277,0.0
78,526883.2120501038,98425.01357236254,34929125.57217511,1983247.627290627,0.22873022842721133,4028.787624593243,1.7460436130399777,3.499275347391557,62.30171702397824,0.1784954972386178,0.0
79,5189.311074762199,829.5102125301659,1684929.5673945833,30038.133517925755,0.6769909944460644,3880.820922589261,0.5371441261979913,0.05868555853612243,4.402027662001814,0.3652588476217431,0.0
80,71506298.74590668,9746483.95698915,6017004208.224701,298184918.81461644,0.692711113627589,3641.0003337742387,7.984625117888254,0.0885819175276052,6.554161431200756,0.17094114269503322,0.0
81,14094.704509013958,2317.778365893216,3804727.081501135,78940.00427512988,0.674503707996662,3311.2656042758613,1.8356083195981499,0.12505596063813415,8.391626282238182,0.04555635836786152,0.0
82,9511353.874146707,793154.2070391704,1647284989.9016507,52102958.14586441,0.7043462684165516,3204.459040776337,55.19006862866005,0.09366433878863116,6.786889788851889,0.2180492096933951,0.0
83,935661.3240791846,226477.3755674238,90219142.45650515,3767372.0828207494,0.6950482453890785,3954.297476451352,2.9662246795102853,0.17393135405622484,11.737659640273304,0.4735080925150026,0.0
84,111108.09350625325,24341.046691247626,7872707.832639364,379487.67093737266,0.7586305634251861,3700.6630254024058,5.952567732689706,0.05201479681100922,3.9317832486189572,0.024331667893686338,0.0
85,17458839.851851445,2869549.0304189613,1242832981.4433713,67423012.88145304,0.6626745274014345,3427.083193627754,6.532486528950282,0.10312884936936503,7.332031006388877,0.2898097703917731,0.0
86,40926.282311847324,10192.287827577768,3919344.0487853168,141738.84197390234,0.7389388971020109,3807.5568571974673,2.6846280107816414,0.0841422330860695,6.077251985165512,0.16484530574570055,0.0
87,6550678.368267922,1307482.9469170216,207975711.63573316,20291246.714008585,0.4509116350319055,3689.47832052461,4.047480255365995,1.5646259486116154,35.719971724256155,0.12232712877163507,0.0
88,4616.540691368589,1259.2500208194274,823710.4910215441,19742.89422876217,0.39623934952226947,3653.4904921852462,0.8856416648918053,2.783754517197856,48.769526950907235,0.10602496327824355,0.0
89,124191343.07331435,10313623.686702818,18399989388.657787,655293418.9198855,0.698074477961242,3986.0693928707733,44.92805640464598,0.12454598926828978,9.105692575754011,0.1120803380761852,0.0
90,14311442.930888902,5844260.11117846,93699590.61655329,26066326.97117712,0.6682600781840903,3487.8856514169984,3.7672230335058363,0.10891765607416418,7.906070002273813,0.24304176182706907,0.0
91,69592880.87821683,7958640.802171489,5796004219.657054,301585535.0294524,0.7329557034899347,3309.276087188541,10.641034217660986,0.1599525550716688,11.148941086744259,0.12886598067559535,0.0
92,34952837.23387702,6592031.259021534,1388709669.7181346,112134254.39416754,0.6602810498472821,2969.122561158409,52.189343481649985,0.7312248349830407,14.79766002287808,0.1721183564082359,0.0
93,38906636.42570701,17283515.16565307,277898735.4873608,67950254.95231505,0.48072956265184363,3353.0348229098113,8.645294629849209,1.4653365652338306,30.03956772645885,0.39917857922320105,0.0
94,7843.211034336314,845.7714223523981,2522412.746451999,47153.04892408414,0.7406385986812953,3885.775245946137,1.6088689391976543,0.05516934294683962,3.8792367165483896,0.27204111668966613,0.0
95,43182818.50187767,4844472.699148879,4956527812.089711,202942766.17280897,0.6837475445112169,3151.9097854043175,92.31478309909319,0.11286455128533915,8.337467373166467,0.22537131907361607,0.0
96,18380698.927622296,5036858.920476476,1550153523.4756157,70201206.480558,0.682486379197919,4004.7118521443326,3.972058818655719,0.13110610756934954,9.238252246700128,0.18343862271684241,0.0
97,8500841.841602465,2470840.894298364,139479593.71203512,20583719.53135282,0.7426221295803997,3854.4507512595624,11.745046355522256,0.1357113545852214,9.722454935647566,0.24415407103837808,0.0
98,104592624.47551177,36910978.077721566,2898386008.000529,264660720.4823501,0.6672513010140799,3720.3105898726867,4.971042874268215,0.08241085808890256,5.7121506850953505,0.13123229531530498,0.0
99,8850.105461564015,2697.907732446577,1910319.3517441675,41126.57569211048,0.7037009459794628,3590.083758860457,1.9013382269297587,0.7751876789390219,17.902963899158024,0.10645568495389163,0.0
100,32061.76332439522,22246.6718599652,2801767.694993791,91912.00109213617,0.6870040400043077,3845.8937831402477,1.684517682338132,0.13120361177756648,9.112861767856021,0.5839857820433944,0.0
101,89848.08146019898,85392.1367390141,1928554.3408574208,126052.25884933607,0.7256775849845001,4040.5039349057715,1.447438908140212,0.06531133229689781,4.409018444569949,0.18114189997344396,0.0
102,30986535.39044427,4967319.578219188,1543264404.2320466,111014165.72768947,0.7248044987475092,3935.4813892389193,5.647961624871753,0.13211150128711902,9.629919601833517,0.044010607309980104,0.0
103,7070126.476724669,1045287.0376178134,577012703.6220143,28833245.535822887,0.595244664177755,1622.6240970772542,173.37849086446477,1.5300558601523355,34.72820521392714,0.11447712565632442,0.0
104,5843471.1721302075,674530.0698596047,452164075.5679251,24823896.353098553,0.7388987001254687,3652.719690668725,11.556024755494095,0.0481760034241689,3.533498414287321,0.05739680368196782,0.0
105,6482020.033985777,2189761.1046688776,118213117.83819692,15419478.275512403,0.7078635336713056,3606.881147071114,6.574683417646747,0.07283334079038414,5.186505194977755,0.4149122371768982,0.0
106,13488.902910883593,2668.0726280866315,2721305.815623424,66110.28208939043,0.66401023519434,3661.9844611177846,1.2916588296014806,0.13760530439754587,9.890084455911923,0.2542309937974401,0.0
107,326463.21952613123,44866.60375539105,23563691.783277556,1328087.835348063,0.1927885756123507,3678.671643074733,2.3641658095973064,4.202271831525196,75.54780048933591,0.0035313283235057264,0.0
108,19591600.127543606,2108788.0871824427,2063504159.7945905,90297670.39672092,0.781958898141904,3859.9651370085608,7.353607719547063,0.07451816791868815,5.305528601431386,0.12356262312885943,0.0
109,160269224.58475325,55362494.1499177,6506916367.493105,437425054.88904065,0.7015921535888162,3373.6139917904597,5.088931558571775,0.10871252913647789,7.672496323966131,0.1364207723788529,0.0
110,36011.71905003278,5375.33237409734,6479522.320124971,174043.1225856931,0.7092089090361032,3814.545730395107,3.1033550358599022,0.09994915225057008,6.849799595159991,0.4241946400414001,0.0
111,30097.75891678512,9851.756201119117,1660402.671001303,81645.50752729447,0.742311087862256,3510.562760137508,1.2480555191529012,0.07425077203217798,5.441800105249207,0.36167153419223924,0.0
112,9818217.087101897,718564.5670000185,2326424744.344188,59561850.59014888,0.7420740233774283,3385.985226295318,27.711723266448253,0.08343291680016832,5.80139417995913,0.2850485516526035,0.0
113,69288055.60827936,9735604.83034049,5702944556.248876,287687471.6232791,0.6200330815902069,3730.63515990387,24.902309266706222,0.14113742098860566,10.257915599254776,0.28793909578314736,0.0
114,2222.391902839026,265.5594943946725,853212.2741574105,14007.964094817255,0.5882808609682509,3934.0566106648453,0.5433705751888094,0.18508968353504693,11.489417336242727,0.35037224763823116,0.0
115,248837.61974058734,54372.01787975807,16174154.301804144,829428.869862034,0.7406238360513827,3862.1006722251122,5.725968397325883,0.07409504342206982,5.209887279206576,0.2459049278440474,0.0
116,25583664.33627079,4873101.343220683,3160149690.8686733,112787577.73031779,0.7410583327672026,4065.57262069894,4.333152784707285,0.1361437725897458,9.67009195952955,0.08764087211171778,0.0
117,16443686.496539649,1681392.0504644983,2849142511.5172424,88279186.97687563,0.7799801448168071,3137.234244493608,381.5957410106991,0.08930697267355373,6.703296805317295,0.10279841674276606,0.0
118,8376749.768864187,1260844.1656957376,612371849.9802622,32532659.042544086,0.6748492470655949,3635.9394690705894,6.855406018945487,0.1630846094481866,11.45039070933829,0.16844213210697875,0.0
119,13322996.363865275,2399709.2630037526,731472646.647535,45597942.20422176,0.7746522257979037,3404.6430632167603,21.715409668557005,0.09146185010486799,6.692419806564075,0.22524543301259883,0.0
120,18682670.688363552,1898342.2976717153,3554485942.523224,101079519.67622809,0.7384049928332322,3338.2309162201736,156.18905728191922,0.11009224764829754,8.191663958680461,0.24663184761812967,0.0
121,1551087.4130289205,141486.16722855344,280576797.49669486,8389497.84488773,0.6760921048032168,3432.190006372067,21.544274558324737,0.11019512557916471,7.400743752000077,0.26121473592910277,0.0
122,11523.748333562635,922.9995208655866,3323181.452265531,71122.37586430556,0.6136840041796685,3948.1483180985383,0.7502328458621726,0.05863441783318857,4.029544247317199,0.22826180546923722,0.0
123,85373275.6176207,17380453.150472097,2151648308.936163,247654315.3129126,0.48063109835910367,3733.803158071996,11.722953499366803,1.4698799570118666,30.174797478169456,0.18477525980632833,0.0
124,30625730.260457724,9829605.426797112,1662769882.8298655,92036305.01727653,0.7252558303170156,4005.636637375394,6.800812745375574,0.11261278844290565,7.713302411993749,0.3561610683468308,0.0
125,11033057.84450159,888901.4446730288,2057457237.7105737,61896754.904580474,0.6639517217927449,3036.563758868934,16.716488744676713,0.7889304378730144,18.981386357951664,0.08311681445198243,0.0
126,76732.96903691857,53029.63260374814,4928969.074743674,196750.417739205,0.6430487951258942,3358.4888223450807,4.328878941164838,0.02423824423731613,1.6714120013526368,0.36262726297583725,0.0
127,1512789.77318609,307880.1265246443,213169252.96857315,6380130.788252476,0.7509042037353645,3145.516352364526,6.172970327174615,0.13060679224455632,9.535021740292304,0.3205520450947795,0.0
128,9943.90333922815,2127.4961012228405,2085303.9216859783,47799.90359474394,0.6772258202651669,3621.543782552252,0.6234219136120254,0.05658630028726304,3.96544676132489,0.4390192188150932,0.0
129,4325617.816301846,478873.7477701896,459202287.00575036,19699187.33496728,0.5526644138954808,3410.4137498210025,13.804704245091392,2.1778728018513744,43.305096720250454,0.10919161190550225,0.0
130,5388.709984347468,1487.823909857258,1216680.982786476,25798.658801634025,0.2927279936922166,3628.9539778924077,1.5198842837928397,4.095867487412771,67.7586479661137,0.5472396692110963,0.0
131,10325.123660887763,2016.3170785789239,2524049.855410084,53378.310331456094,0.7090470599344904,3932.8056147420043,1.8740708362437832,0.12992112606208242,8.849013416906157,0.45223828404243216,0.0
132,9444.783281770124,868.9473363203203,2819709.586629222,57181.5026381424,0.6481097929933208,3709.577295660121,1.3428175588098674,0.08568911461868937,6.034904996058032,0.026271785103487783,0.0
133,2893355.5522698886,194098.8869523947,706967792.326716,17950123.027997557,0.31639942381870756,3926.9661710285754,7.9917360174585665,3.488440459989532,61.622944160588034,0.24826489342119204,0.0
134,4304581.593340382,650120.549729527,289349613.5911019,16726175.850304544,0.6988413844540395,3708.699967147573,4.218262618203833,0.04349020691910246,3.088197958815736,0.35637951248076916,0.0
135,26582491.262804125,5264784.908014791,870704617.3945984,80972528.59335609,0.7320565500543368,3330.735402500371,768.3397232854984,0.8007461277789114,19.72795037507658,0.291173866343874,0.0
136,87362562.57612179,46457188.53484674,1258023499.6879742,165430939.40879014,0.7160464513789015,3539.8507460512737,13.777119082386186,0.13150307359230995,9.307660949360312,0.1454273192249452,0.0
137,4769582.139354652,641673.7430004706,277167603.3514318,18252209.27987997,0.7495783540955231,3489.1644623110124,12.161214311993913,0.05552705524198158,3.94011632757917,0.14495586418901873,0.0
138,7617664.58022736,669573.1679489713,1214018514.0131176,40599891.928687766,0.5423029330465317,3246.068883557023,25.257686528569828,1.475040308695044,30.654025450846564,0.17750885126155252,0.0
139,9422931.679395575,645821.7412013586,2925237320.4196506,61850027.52959581,0.6771508580875057,3837.1699433412186,18.081200304575827,0.11374775916991497,8.135977683136545,0.23174188864034279,0.0
140,7495715.940783207,1185556.8984080313,359095887.96079004,26653790.61012759,0.7227316911573831,3612.2857350934637,6.101421443022999,0.12297687093905534,8.846939390433416,0.07869076434853423,0.0
141,29809987.950893987,4099135.691222106,5128966355.470647,148762701.32015356,0.7923764011086176,2771.8045209636693,488.07503921536704,0.08532860714830273,6.214838545948408,0.29940375377961376,0.0
142,2220436.388641195,230589.33677799386,297133197.9784854,10964044.907725956,0.7061521170037482,3659.6040525713615,4.934086306910922,0.03994038639583133,3.0019724462586326,0.1393640584929108,0.0
143,70226887.07155353,9742698.249119733,5802660356.483186,291109785.13756263,0.08342649101117941,4117.133411234652,5.0812648075007365,5.428313362311553,88.3472772331547,0.17201721680457221,0.0
144,82099.24322417287,45697.88935100328,1654397.6308282078,143293.7636175074,0.7126107280378241,3405.9699142353875,2.0602558738159695,0.16034156433332356,11.515917134678844,0.18759389644124635,0.0
145,7572065.831573461,1184849.724684686,435497555.52878475,27823077.71524162,0.6613734867121027,4173.7272427909775,5.196309143769097,0.13869993417268764,9.825537075659682,0.050971980053085654,0.0
146,5766813.307143916,933242.0561188201,302155542.13886446,20556862.31091871,0.745234465690929,3634.7600957647746,9.247956148087548,0.12794035289506392,9.12196744275457,0.33735588820328466,0.0
147,5622.778745799127,1568.6921850288486,1360975.7481692524,26990.107433874335,0.6425348451378312,3330.8115756564293,0.6906112887294212,0.0413650922574881,2.6715697393701077,0.4779021960937883,0.0
148,10656943.997916717,2055988.2562162871,577474187.0725677,37796121.716963224,0.6961882068166421,4013.8396227959565,3.4026004048021172,0.13781151400577424,10.203989087459101,0.17563039839148856,0.0
149,668589801.4111108,167334656.8891209,34053754451.41913,2012791887.7099853,0.7338246245956336,1191.7043704917608,307.4254708479893,0.12279734695619612,8.879044567340298,0.17724541917051914,0.0
150,71090028.44989686,21092006.915621996,1518189213.469727,180496150.79895443,0.690515028670354,3428.77705926567,7.292429845531038,0.10353766437216763,7.5436079633751465,0.23217643622218342,0.0
151,8511061.308606094,1680233.4931504943,955494211.2874634,33456518.414660025,0.4127151395226579,3310.405654065596,25.2735663957984,2.1312894145826924,39.92167794961544,0.24521431838862695,0.0
152,17868042.336151343,5343661.128802067,435872602.5022845,48101174.53202931,0.6972289393202076,3373.75798267129,5.255182723397143,0.22311576117197482,15.140346647126691,0.031103053273408565,0.0
153,7238.231533410159,2802.7206200018263,1402072.0561966388,29343.34060737518,0.6385105601152024,3477.0051459147835,0.9057609865325745,0.031916134810834954,2.4164276867306342,0.23868744424075106,0.0
154,27358011.846108418,5202210.662225293,1675457073.840232,100962684.28619039,0.7577930577464599,3593.2300050504164,13.335981155539043,0.13722835662412153,9.6209726983794,0.01936788540929484,0.0
155,8502.44836826126,1165.5615191611441,1991035.088323424,46521.91365187611,0.6237824750212808,4208.072292377949,0.7004640529495713,0.17872382319423802,11.677088345290251,0.2430518250319499,0.0
156,35857.983661168044,5083.955664379269,5598910.933230624,169823.6861086769,0.6854469879824137,4162.476487921036,0.9168802248272727,0.2087271527305817,13.879921625695951,0.25736065322877405,0.0
157,44349681.68114583,9953538.617644075,3330311735.19337,150248588.00587362,0.7501857244645957,3273.1356288570314,171.07518125529447,0.14913819942216336,10.94693362031301,0.23474547721622854,0.0
158,2264088.8773948187,349876.1043576392,236327142.15148315,9763200.439247545,0.6428904086753015,3454.4931705861723,2.348907420775039,0.058751506021712085,4.261130055257008,0.2680378073640167,0.0
159,1515412.3331274032,382679.80193685327,172750817.74645865,6369742.571252008,0.5604363170251289,3361.0598464136287,33.08497878705982,1.6372463792883836,42.1204900099425,0.12136412557772801,0.0
160,775874.6277655344,453094.7150670509,32377571.70812586,1897435.2694120277,0.7452479764167788,3879.5730888782878,3.4974925438898685,0.12090742758930366,8.234807923202816,0.23904102773807065,0.0
161,4343959.259272398,792560.7687788107,189086731.08923218,14391952.614388237,0.7109846473796725,3521.6301908655123,12.616248504353626,0.06692974251145083,4.709171063116267,0.18926841190911298,0.0
162,11669177.490489487,1777174.8978137162,902029387.6244062,47054134.27650288,0.673327994025976,3725.4382726373956,8.416520839881185,0.12541328845417493,8.4775152823721,0.16666031816032775,0.0
163,2586991.2335098106,439181.5595566185,104632890.14361279,8678893.74762743,0.7266925252455115,3277.063660710206,8.570806383568131,0.8560488866494577,22.563544412915974,0.07720301765424448,0.0
164,35469988.6718427,5537002.988499981,3492442055.810992,152923528.63402927,0.6492129783303662,3824.0239696395543,5.739894420925047,0.1271263950418083,9.018133172778471,0.19086211525127675,0.0
165,12718083.92196781,1408146.3391394508,2309950035.4925632,68760769.98083436,0.8177418231428714,2998.1693782558577,167.52063638649085,0.15791198738366513,11.259956282552828,0.37446233108474997,0.0
166,87848871.8656905,16809267.16837103,7116498165.206923,348350551.1433489,0.7207370820463979,3680.479451260285,17.097177717665073,0.2766293386352059,19.08053610527668,0.20182426029079556,0.0
167,13063.119905144253,1710.490948648658,3624320.00129188,74949.23933391724,0.6810013517183207,3554.154908713878,1.4642350124952166,0.12524160655922945,8.790710188662628,0.3318604132511334,0.0
168,24034676.46455699,2280095.5072493646,2713643330.691531,115777791.48309259,0.7357798220897467,3737.6553064978807,6.448064365274051,0.06618516057010204,4.47165030456529,0.1281031289825256,0.0
169,183900521.6718908,20062389.340413235,19776137528.121986,847887619.9488811,0.6887023043681828,3953.9210803382966,95.88204555779785,0.15625874209532506,10.602573820422627,0.16608283477478095,0.0
170,62260.416947561236,46610.76012039908,1890854.3753030375,123760.3524269202,0.6015273656229374,4070.266682619137,1.1107826867928345,0.8668382492061099,24.086892067175278,0.4000267265134954,0.0
171,18491362.07901427,2674968.0746943573,2638436518.8588896,89389670.75605801,0.682950953553342,3803.630166781718,33.67059474749691,0.09718222628129913,7.214507289186512,0.1942027314840832,0.0
172,40864.654489013745,29760.25369425203,3021787.6523907646,105394.02685028082,0.6677269678924397,3518.7841636858475,4.8535993584279895,0.14874475598331305,10.486323581285784,0.0827057001706318,0.0
173,7007941.331443073,1149399.1674313606,778597424.5115719,31237274.23672729,0.6523665507523739,3722.4985720208747,2.828436321765942,0.10776432887125606,7.33559717890706,0.20243219167837373,0.0
174,4042.134617812583,796.7578105775198,1302827.8560891657,22838.76726531973,0.6313360295316504,3248.395101002262,0.4451440549708896,0.07711925490766491,5.4366854456786395,0.29542050600320197,0.0
175,312453333.275924,38261759.15407324,35904386078.44252,1432191050.0167353,0.6530062071105442,3802.4640514340063,6.555393642537807,0.05183807268295455,3.7003622376889824,0.2308512637146055,0.0
176,1187.925830317271,78.08149677553307,530521.967535025,8413.73443742037,0.12887273724613144,3539.278466437352,0.6284352945966696,2.7977328099607384,49.905572111797724,0.3398957111893054,0.0
177,8531253.973511133,1548720.8166361914,644442542.6006362,32308745.82300223,0.677045998526585,3734.928024635033,3.2553749965028063,0.09553807712383042,6.913893213263597,0.22956606695042633,0.0
178,28954457.590091914,10808991.46640592,1857149653.0599804,98515074.06708841,0.6975394216234363,3524.0743812975365,7.18906712070439,0.11033725477133424,7.5712251363607965,0.22216668776666335,0.0
179,14427836.030602027,1063005.329119597,3174122028.6657324,85753415.63922773,0.686103971265107,3234.7883022032684,19.175406661444576,0.8169238023112413,20.8598403900617,0.26357089674422757,0.0
180,7500651.017037381,558998.0536605411,1518666045.4878323,43525710.41024908,0.3697263740937296,3378.850590197454,9.134474623686087,3.493980252282165,62.27258251121236,0.35865174046345333,0.0
181,3146031.719120391,457272.71336713544,389415958.1836788,13906783.092304042,0.6852944315125413,3239.7496781407017,26.949892049790513,0.11708320392603895,8.672168643404849,0.2498614228262142,0.0
182,32162509.584733017,6871838.807866132,2610421197.010726,122825062.99955633,0.7159664935938255,3458.782137177663,6.197111075440457,0.09052356070147782,6.460012400730966,0.38259645709206813,0.0
183,200827.49085371723,20356.615294956377,21351861.232653245,929238.4099715936,0.40431153337279985,3536.4409118728254,2.6340175467162172,0.20725608252944888,13.853966128421172,0.34402306041359637,0.0
184,7609455.109454838,870099.1242563266,1008375304.8685678,36490918.506741166,0.6106631445056648,3819.2385939010437,4.8370014811529645,0.18384417303856598,12.924146533914222,0.31578742011846805,0.0
185,14333782.414727587,1616001.8431041292,2451635952.0331755,73065210.80925775,0.6921800963781878,3289.407850707299,70.46616771095691,0.09698091107205445,6.506777007471058,0.2852796344584218,0.0
186,550252766.1676662,150630719.46443373,11374473632.755629,1412238651.2166305,0.7449622069727029,2178.8929831817777,57.82138274705406,0.1436302059566014,9.970462453129638,0.08281581622992092,0.0
187,30657202.141423054,2852987.788783296,8232720342.805487,185914231.00473994,0.7189275091955956,3267.6552820251627,55.10809214270822,0.05333210930738881,3.6586598657208427,0.3834246811967911,0.0
188,4238815.252573102,504861.3988068739,474287586.23139095,19699624.00298695,0.5772952490462069,2878.3056793650057,21.921551920103308,1.472118299267811,30.485693091676836,0.2936948844292208,0.0
189,20960.832597055385,3839.8793544093546,3929227.917193102,101602.192061713,0.6325436109069767,3465.207822216299,2.04826568452598,0.16616561459779744,11.30795437891818,0.28045291633612685,0.0
190,34692.768330769715,6091.473074392577,5679056.350722531,167425.6961310392,0.5726774106625975,3981.430506325635,0.7675910055380752,0.7559854937333181,15.71517596664961,0.3011816778785008,0.0
191,6997.834634325969,2853.411192921201,1327549.7553672395,28316.21180276362,0.6551257192192306,3673.7998623106478,0.6018757281087337,0.051964689826175726,3.530894214059586,0.3518593647257961,0.0
192,29863274.65636589,5428252.826078274,2510145875.283003,121453920.9062685,0.7565498283941102,3713.4093695924976,4.55014917328161,0.13617834409670088,9.917418545112762,0.06689842666808557,0.0
193,9139411.375101734,2083753.081164951,239641055.19900313,25242155.27223993,0.7295465165438998,3953.7967962925995,2.8803376102571123,0.1373563282506951,9.53007883491816,0.30249938266580456,0.0
194,20650293.378150348,2562334.6589057324,2266518228.6757874,94913630.95662552,0.2940527516255959,3995.1367416775647,4.892466934487068,4.067405701860638,65.86021875708983,0.17193194738816672,0.0
195,22696.59245587857,3444.4763926076034,4358441.332106799,114091.65429950328,0.700181149986779,4221.067635645656,1.2775152706664292,0.132944704265598,8.898316274167927,0.5162556650860712,0.0
196,275614946.7641148,21431431.496083856,55342129566.447044,1590622650.7184658,0.3603040125726884,4257.349270167271,5.637877164776489,1.5386045758343758,34.711568766275114,0.21929478666774138,0.0
197,27758162.422080733,3747785.4041279317,2665495741.9620905,116497309.38439742,0.8045992702221646,3960.6453155422923,147.59015064173263,0.10462540257982109,7.669466084121801,0.3345844570398514,0.0
198,4943.534114327315,1248.0161288371005,1164826.6122137741,23804.938077600902,0.6661343730288386,3474.655973485713,0.9909773057532071,0.096935020314928,6.851079385489854,0.3801970236171802,0.0
199,15866608.134971833,2515058.368438074,1164364223.6836998,62110817.07333199,0.6117853694517255,4064.992098182621,5.0887423701626116,0.7885933486443177,19.00875603097041,0.1916338292754948,0.0
200,92050069.93429255,12487817.566316169,13937053121.990234,446157796.5547396,0.6505342843814665,3663.5381722015773,16.263653377027016,0.22009251246223743,15.146679949069133,0.14530381439347803,0.0
201,32354.60004854604,6422.965884803968,2793230.4343366874,113127.21789666323,0.6461313259634629,3810.3014368607364,1.6547517652838843,0.04446077168467415,3.188304862642876,0.13618769566015962,0.0
202,4973403.947762323,598984.1369936926,345821564.5136774,20408652.26854669,0.7303724534869251,3681.0668140389544,2.9310635017193873,0.07299198393238723,5.272446697058659,0.09181766688992903,0.0
203,7557.921267219126,2926.3474882858113,1442523.536124606,31801.55135110923,0.6517148363586839,3676.546837532788,0.8923244018528427,0.12054283917084554,8.200796310672134,0.3405819844325601,0.0
204,9948952.462062743,2180406.1987972637,536905395.490629,34265415.08976457,0.6848527337189865,3459.1761921508196,4.444598091650206,0.12226949039643883,8.70575005313351,0.17449839813897508,0.0
205,7633.3356181841955,1072.727227554347,1998817.4929730198,41886.728822384845,0.6696507843937644,3651.5344649688204,1.8435641878419426,0.14186617659995884,10.192754627294399,0.35494819227413155,0.0
206,602324.4808694914,211743.1600282648,17488882.732246626,1498371.1545134543,0.7546324159129624,3684.358534931969,2.6703663995001192,0.06904806800826009,4.817233373649498,0.4886924723302076,0.0
207,1577.3396363304432,400.4247594392757,542091.5996757636,9066.655360902532,0.08617547495992589,3793.337521359349,0.6977373044832813,5.478402527435604,91.507277935631,0.40336606624153903,0.0
208,60817.239984109205,8510.689067911588,6800618.09295775,256988.75610962143,0.635513259179987,4126.209264404081,1.7512898157343888,0.12167200148888657,8.473713447576808,0.12628397105413036,0.0
209,9576647.095952382,1323723.8927854928,1285648732.9978166,44840617.1553068,0.6667520859567204,3582.3328439475563,5.641279004040642,0.0797795668643376,5.631551501633209,0.03278526538894427,0.0
210,7146.645494924365,1229.4468150256293,2211384.2845100984,41909.26286998424,0.6746682459196329,3783.7671353410574,2.142297365981165,0.11808656278506327,8.321176849025226,0.3778035037912089,0.0
211,20339747.324684728,3106037.0897215065,3314001722.303008,94608780.12789997,0.7296440025250222,3287.841599482582,105.26791895915623,0.2179295243339337,15.932765825639251,0.31559682613284756,0.0
212,5054332.880701383,778975.6353871564,420488766.51362026,20000103.372975446,0.6969642709629141,3835.9845666562396,12.985044324890476,0.12155799654906137,8.665334619629434,0.17607978679250516,0.0
213,52034811.45417431,22106030.72163278,722802726.3285927,111010178.0884691,0.5119908064171217,3597.5347387293778,5.819514087826049,1.4633283672268533,29.63967007005896,0.12197189031595032,0.0
214,2751.6817118104577,651.2760211596376,774985.6815852977,14349.158287585753,0.3005126796712418,3532.3898837746365,1.425061166269299,3.5640459725869205,66.8576015598848,0.474603155292673,0.0
215,2915.1882060915273,603.4774092262588,1192472.8579291075,18126.702226984573,0.6494810035813251,3695.847295974622,0.5427737817978127,0.7926235758708197,18.999977310845786,0.5212008061737144,0.0
216,41070247.96410106,4494711.85678789,3750313586.6975403,182942770.38826337,0.6837255298955474,4079.96722322681,47.72789602735869,0.09845727411248158,7.181107467803912,0.09996276783244848,0.0
217,501634.9636002096,41751.33659746277,128871264.70788994,3035457.551623621,0.5543633768602747,3555.67030476336,2.7401003229261756,1.4815620512702439,30.98307655892821,0.3657997533081385,0.0
218,1458480.0000335234,333845.3971051187,33839240.62519248,3975536.8188365623,0.6934521982602713,3353.3380577202342,3.872229140952337,0.13601205385397092,9.151486466359577,0.033898509357551086,0.0
219,1073366.494802545,240621.11168897123,34836643.95192891,3223483.457268362,0.6774726446534032,3751.6903402933963,4.240207260692902,0.7599764237988366,17.158785399893784,0.10610714322895123,0.0
220,5370151.893338851,679751.073302584,751682824.8391492,26275382.982589,0.8142205055877211,2903.7832466348586,98.09242092244226,0.17164351511845216,12.822154835928222,0.33127396741240456,0.0
221,11505420.321079792,2972442.8861894608,181353010.47649205,28478713.097728036,0.5067604982023728,4193.263148723534,3.995007985459494,0.8327500572464313,22.067722090440373,0.07327001743881487,0.0
222,30371330.2890321,4720202.484131446,2651660157.153147,125980322.34340794,0.6930552639379535,3574.928823752072,70.14962999233565,0.7559794509138398,17.04490099317035,0.135099618717524,0.0
223,4868.197369091741,919.2953876823703,1402497.66374823,26813.08880162173,0.4306458011349875,3565.7812422327834,1.5610068051595918,2.179195099224965,43.59625670485978,0.11338625293327959,0.0
224,12801560.707431428,980208.6635466801,2645049007.526441,74519160.9426404,0.7407150139832116,3792.6011088025307,63.788845970445415,0.09631322426968252,6.900297722251972,0.2749186208961101,0.0
225,37304.844718295935,28933.66307889061,2577124.6390156997,91031.77138603863,0.6558528910473577,3687.431091771161,1.9276201026305873,0.13783118425708896,9.46873001058525,0.36396778311933103,0.0
226,239067179.1348992,66717050.244598165,16041352665.122208,778638217.7681556,0.608839106606907,3705.6396674696985,3.1692883162258325,0.1081617431760149,7.258567038742474,0.09091200936739195,0.0
227,16963254.460184425,3269808.79054314,982405159.8642445,58815769.630917944,0.6392166868884558,3809.1611343989707,3.0828417610409233,0.10210554740595885,7.33119255792906,0.1696748854043114,0.0
228,17112.729984839825,9608.071482800795,1818234.5866954192,51702.45076700657,0.6467393019584067,3643.2947187459067,1.667407967822071,0.06896218950982203,4.77742598291385,0.34121290526219344,0.0
229,89298.255183465,19500.69636153841,6215300.021701567,300392.80854106916,0.7003489295452503,3416.3960463122544,1.6312464712709567,0.03758285058820956,2.8684817735240644,0.112307859987165,0.0
230,5752872.905407738,1370077.9340616765,274686763.9809607,17145737.939133096,0.7458805322314002,3678.110221746674,14.691073950713243,0.1597498266858591,11.686689460677725,0.33097356093528035,0.0
231,5199.990171613833,2535.5341854720746,902669.1519654198,18554.898526040175,0.46522031247412554,3603.542425279104,1.2751212910486955,1.5611662400401098,36.36480223622758,0.08422072414679672,0.0
232,2088.276632603648,217.21341526912857,920600.0378549934,14167.422563123104,0.43013257606237926,3948.9036593072533,0.970243263117586,1.6111560472169526,39.26655052117591,0.38548859572044886,0.0
233,382350614.6465861,140636016.43297118,8089004413.912661,897671003.162103,0.6768131643508893,2195.3477656593655,9.882692438855809,0.712078935960306,13.38857653775717,0.1105118419343454,0.0
234,5057619.376362956,1509876.5652701936,265404292.70591864,17012424.84497432,0.6565920104361502,3750.915571999514,2.6004685758808233,0.1347257454050214,9.246122815431871,0.14007362931392228,0.0
235,26787731.14172951,6513729.62140303,999894523.7491544,83611000.79301748,0.6528816144490286,3449.316851803174,6.548109777619867,0.10777702277860826,7.3753164229414185,0.2207937265692103,0.0
236,5126.168082802205,2792.776407111628,837948.4547464412,16333.778347045116,0.6590654910692428,3837.247645075011,0.9629466215883786,0.17015361241015112,12.018732994526065,0.3403367367749302,0.0
237,318592.6762206912,298193.01554856705,4447870.800086742,459750.0858013042,0.7418518528609794,3370.5112721346195,3.4024940108628883,0.30682669334431784,20.92624317778549,0.22595083413821326,0.0
238,9306431.636339922,540684.3201730775,3575270510.4668922,66347587.89892466,0.720446192384826,3659.3509154907147,5.377313043295505,0.17338349461180008,11.589556033304662,0.39988118715584764,0.0
239,20869.514093004233,4370.565767817411,2305039.4916896047,78050.98048965873,0.6626309624396585,3766.774682856947,1.4504747225012578,0.8604516015434033,23.63395404345183,0.49260839003097195,0.0
240,1264.840232245236,170.15127762633958,609276.6321625952,8697.00997156651,0.25525701130115885,3864.241113444406,0.7772998486759898,4.098025176266056,67.99156700642752,0.3012808119905066,0.0
241,18141777.026735704,3227979.3338918686,1290822255.4200597,69861703.8580223,0.6288470258023314,3638.693887883148,4.733371883700555,0.0616971224265753,4.624304607991914,0.15483551027466005,0.0
242,48666483.41278365,8016822.663113287,3551864764.959939,188521123.77636388,0.6533866991348317,4100.239253537882,5.906419570805137,0.08654356189450496,6.328829386218703,0.09774855797070572,0.0
243,665871.8518859812,176959.0186461594,35137118.597928524,2135141.351553237,0.7032987928664776,3148.039344998141,5.630560154093061,0.1115546270513084,7.96621273547679,0.4859252147573242,0.0
244,22425.21591671678,8025.985424960469,1623463.5561774871,67151.68417809073,0.6402907186184165,3664.458905822228,1.403261277658824,0.07312363700943134,5.089317668073255,0.3942546344162993,0.0
245,44060564.346035495,4734648.3299809545,6497112715.862285,220141198.21572417,0.6682438571760692,3435.4044189016095,33.8170466451012,0.14214565464844373,9.923727717068795,0.34352779096933256,0.0
246,4533958.605860114,740535.6978752018,345535189.57775605,17347058.93426191,0.6404586360822362,4116.002201323676,2.5149985050084926,0.210054974516711,14.58633606738744,0.1832831568099584,0.0
247,599203218.1510174,96397488.90700693,53903852735.61876,2372105886.4420214,0.6013792616433078,2728.4309537919694,9.974694510394931,0.11289544505686325,7.598382420248365,0.04820771206701261,0.0
248,58311940.514868975,9572764.673763337,3216119534.8574996,211574861.92119223,0.6782413698267784,3704.800737400818,8.012887090476104,0.1551062698077593,10.90835521739579,0.11631133255570418,0.0
249,84784351.79082209,7878021.265306282,11730080868.034842,430864158.617637,0.762268354750858,3371.9787275192407,188.005656526689,0.11009705727612343,8.123071505100766,0.10422183269758212,0.0
250,4564905.765174545,1026317.5805361643,127856963.96629305,13246800.318441544,0.7227181104195057,3573.0704026207213,4.973436770533016,0.07764787205073569,5.49284495162919,0.06999643179382393,0.0
251,30698065.612822074,10109046.958145346,1440760058.2556853,93438869.872541,0.6708369858600264,3920.191680701283,9.756646684275989,0.1095192293871845,7.409506821601437,0.11680090387579244,0.0
252,21769.263999866787,11484.42045895071,1500103.518113255,54077.93290022844,0.6875345249950654,3511.1910020792266,2.623057285426416,0.09492052701540317,6.978276533121554,0.23781947648269583,0.0
253,154576.14787550765,29710.653586908913,13042360.874992263,578152.390193586,0.7365012592456787,3839.2861905320624,3.8963823347782056,0.08804217458559593,6.3700754621460645,0.14184216019128218,0.0
254,19411.288302708832,2239.903257106973,4430747.79921857,104632.94668811679,0.6311563901341503,3769.5682729946284,1.685483146003817,0.1287079606670895,8.981370752662075,0.35771812215609733,0.0
255,9990025.080359088,915682.3311147665,1426941182.6199872,51403448.20902197,0.5694785354063541,3677.4733045126086,67.13106529947174,1.5659112366423256,37.4656722388262,0.21585537826181983,0.0
256,698873120.2890395,155083328.30813456,18122746649.263187,1996718426.7856426,0.6222677313914567,2096.4523221474137,11.103853147029442,0.13996143658218366,9.71505659824963,0.0356412144497506,0.0
257,16285992.072636146,2412282.494008538,2143367852.275437,76623165.87370902,0.6662967682829468,4297.306798528389,2.0225301164231673,0.1009254264317974,6.66920952294015,0.20955140398797292,0.0
258,7476727.040697979,734333.7276594826,785097569.8076502,35246285.63955179,0.09308350191409638,3715.24308264952,8.526395131741483,5.505443355245598,93.55020096986638,0.03667759172104107,0.0
259,1213824.0704401184,354132.9071512631,61947735.275519,3744341.0260517313,0.7242290540723665,3224.87137540014,5.145402651886533,0.11103111100027033,7.7304561728085925,0.18092506168017702,0.0
260,37279.58923177545,10038.795730311587,4284323.7234297935,144438.3005315299,0.5072661775967252,3982.004575722607,2.5881390589588524,1.5379460193407604,35.21533273070919,0.4037347355020637,0.0
261,1257994918.8242116,601813918.1619484,7298294980.707499,2149932746.806235,0.750830601559362,628.1354809532888,12.511848332945146,0.10150681815832918,7.103682227354834,0.06308109702083271,0.0
262,203156206.08044028,28345834.385774277,17681084163.58616,838104020.5184195,0.6872612670782685,3380.203164668803,12.211288781100746,0.13488038693624177,9.518367643313926,0.16133649233629377,0.0
263,15800683.846944025,1591746.68937274,3181611107.942114,88835355.15550324,0.7420402709586591,3126.8945318375204,91.57993998301502,0.1205618370836559,8.670426751261477,0.3267496657963084,0.0
264,82592.59982699082,29847.782499661513,8040406.49638694,284755.9060214035,0.7136483380733717,3413.5427726248317,3.7216905619802545,0.15286777307008254,10.530644828666071,0.09243135891667673,0.0
265,6084969.802131554,1729457.1649630624,703787006.2737181,25379486.89538607,0.6336436261876986,3844.494313198911,2.2326150769015283,0.13746084775319262,9.28597183220761,0.1294098450341358,0.0
266,11639511.181812335,638221.8864566936,4816435684.933907,85106071.52677852,0.6044521628384023,3722.9883576400184,2.9055708913518874,0.1418871627261403,9.705770955911136,0.42618422712465387,0.0
267,18609967.118335363,2497608.5963852378,1692347013.0875232,78343463.66447087,0.6752673843178306,3881.316399852928,12.630067783229237,0.13808497514971493,9.89764313656671,0.1932178943893424,0.0
268,8611281.607056528,1537097.2405909817,511185335.02249604,31226013.31832539,0.6957164380468391,3596.3158276758604,7.261411085658645,0.2009136660238835,13.935477152102772,0.138446371140431,0.0
269,4233002.611331208,500804.2594258183,463653858.3504653,19658734.867518123,0.14417089492205756,3034.890405230589,6.511474707810749,5.528936715478936,95.40728042861737,0.2678567118078298,0.0
270,10412.766885095989,5859.120474474403,568663.322845575,22645.170332776208,0.12351261435848455,3473.0997024641965,0.8953453039054964,5.493703955922099,92.73099558937056,0.5056994330291447,0.0
271,4305717.146115705,999437.2801560217,167801518.79940847,13528308.05250195,0.6605075156065572,3707.2667921124657,2.682973284468174,0.14467539823806286,10.26109433863829,0.19136222111663787,0.0
272,63456176.46455953,5793300.3105190145,11366552279.823551,345275851.61154926,0.7048796410938079,3718.253843411466,206.1608926136624,0.10945064945540262,8.366005754128036,0.08234915861099351,0.0
273,63035701.362164155,7727733.538807368,4316745542.623888,256545144.91133708,0.6969083802618017,3675.9001463300724,25.495806678107012,0.06945558577279956,5.009799443720479,0.09510342926987556,0.0
274,1521.8481613583,227.25270941122207,675063.3451547062,10157.671397035861,0.4631910046148522,3709.833619446908,0.6596062392042382,1.5097294825968208,33.20541450570813,0.5147333358046373,0.0
275,8353766.463627435,974896.8091872418,673082278.7925869,35666674.96739963,0.5894730488459254,4452.792698914556,2.288352640546293,0.17348027658238224,11.615581295890577,0.22526407372168658,0.0
276,130094567.05381915,57797956.0148399,2940077419.60228,289373461.3762344,0.7092060234244956,3463.662263895453,12.984527651917041,0.12346572386090884,8.74077482483774,0.34349273466178587,0.0
277,40820581.444816075,7016088.396432464,6559679689.862608,195134795.84767485,0.6203761498544875,3437.477381537771,37.2031898950602,0.11828972994894497,8.606250994770518,0.29816282086862905,0.0
278,2249325.7878207034,318246.4260695254,281703094.2236989,10222265.488811705,0.6510191425699496,3636.6182457320074,4.495243365582188,0.14968388056338383,10.777667689737033,0.22197949083542723,0.0
279,8429183460.586763,3831417824.2874694,52299005311.33957,14847293895.960403,0.7394110971306882,426.1771009927036,25.496160437739977,0.10677803001191685,6.836267720930735,0.13900437812829605,0.0
280,13224.406791210658,4538.95750745601,2221014.4956851345,56111.23094421831,0.6338339802241391,3625.1122889614185,1.9314194019025799,0.12927989796569755,8.87094172656552,0.2720987065898009,0.0
281,64534040.64600836,10892750.143205622,5285769040.94777,256051968.18492094,0.7316612800858724,3810.260968515332,4.90308038936875,0.16087068919633696,10.746304892327899,0.15483272232865364,0.0
282,16813829.29474575,3401826.320446226,1134932469.8970559,60779108.01779865,0.37541717032923627,3952.826660074928,3.5120638738327794,1.5948103041595676,38.4663264739044,0.15084527385535454,0.0
283,37726.867118668844,8396.215022326458,4994779.012199184,163451.08191057565,0.6646821178862063,3928.217162946599,1.0608481318188703,0.05707263558541538,4.251095002752931,0.5558385850001455,0.0
284,40029766.18743874,10471785.801599028,1685314267.4374409,122965533.13057253,0.6745738467784596,3583.6223036611345,5.040100940240266,0.13473562457545601,9.395255554314442,0.29885040027172965,0.0
285,10190723677.190945,1561131711.3578796,441302048694.0337,35697003822.78807,0.7019969707573146,1937.065008840747,2125.660844278907,0.7800044702230134,18.262710677664753,0.03277441730146512,0.0
286,2489536.8493760163,459247.09228026855,85366848.9942626,7825985.197337426,0.6807952799314312,3693.695839973937,5.265644251088475,0.13057175709590477,9.71193257788936,0.4118435058114011,0.0
287,49765.63534343763,13599.229794575658,7447211.704875344,202993.530086534,0.7821254484035063,3435.4891429345566,4.235375157443515,0.11639302600205274,8.695084784388543,0.385970019411092,0.0
288,189818206.2419662,34903313.061215706,12104621594.240665,710291024.8425659,0.7163017486265095,3873.5524762709747,10.321582641155915,0.11030899563914894,7.63914543245942,0.10894144824165472,0.0
289,1046347.0409931255,59511.98606269347,398018034.1523303,7464251.802589478,0.4850108452937948,3659.6053695176824,3.935011015191973,1.436176627758702,27.932758249781784,0.39329512717658943,0.0
290,63103860.08759801,10974351.091389287,3797573298.795335,232703780.40115184,0.6615494923520486,3684.691815663104,3.321937822909417,0.0741721451048325,5.428696478020399,0.06671986218304468,0.0
291,22679013.26234463,3008026.778596989,2981248046.8593397,109353631.65302344,0.6837910907664008,4076.9640900753375,7.003797158316357,0.09906408082934126,7.024127647349104,0.120682897095503,0.0
292,8108272.783966904,596212.0283177907,2193326140.026183,51347296.159875624,0.700219699606234,3255.4443652193204,14.279858136559941,0.09880303310695862,7.150520596428635,0.30064732189776106,0.0
293,9052013.68849091,572639.9442947187,3060402304.3485804,61483068.528086506,0.19748780944765382,3502.62610747932,8.98965946754736,4.14334547721043,70.97099834854421,0.3835665411675588,0.0
294,80061626.0132049,25791156.573576037,2524272494.272974,222517142.80360103,0.6705479575988638,3924.929273840462,4.642593700167378,0.08453018699967281,5.785332074935454,0.09896174875225852,0.0
295,7672019.669135258,821959.1031629101,806182380.2211758,35560494.14195468,0.7644461456558106,3167.8316137917154,49.769311268917036,0.12546469672537067,9.22916824055241,0.04007460050177472,0.0
296,36720.451391619594,32005.403886027496,1545015.5443968903,66675.26337639763,0.6862237532126509,3555.2879636779403,2.442254627130999,0.09027825905712179,6.608366299226636,0.2669282105424139,0.0
297,105152257.11568901,35086140.14181098,6840327454.409994,347024238.7118654,0.6786851565587178,3818.448030488775,61.724759180412015,0.1198798212105979,8.709918506504724,0.2592575054713595,0.0
298,382710.72615338064,106779.40142354358,10393921.166886732,1000297.1753015876,0.7015180861291401,3449.7019072175262,2.8566540430088763,0.11165221890110111,7.952301789818252,0.1519924450126394,0.0
299,2685.1847359688286,418.0510005196285,1004751.5778319497,16383.744734450836,0.6489177770218942,3704.8093755720884,0.6797280807667557,0.07940966121223232,5.681984642730674,0.23506459362244336,0.0
300,48947055.43733172,5914180.378508935,4194909191.9783187,210002871.9620342,0.6882976111565566,3829.218177894216,6.977483631608475,0.10453862150185973,7.383980894266919,0.206831308881848,0.0
301,14315094.223308012,4890364.880722709,749567670.103107,46308595.22151007,0.6562504300152514,3962.8207837951163,4.398711320950098,0.14163865896900907,9.867594239853505,0.12064630133044274,0.0
302,21793693.521506675,1660278.6357118245,5776530208.449137,133486699.76267135,0.745434765353598,3634.110862711777,75.37472912599888,0.19958922191415035,14.027783093106951,0.3985463660138822,0.0
303,18266.908731268835,5009.302362020851,2807166.4858665913,75614.00244893495,0.6733421872074514,3732.880081966551,1.1054140552109601,0.09354365541336965,6.508637912500864,0.15462521176249874,0.0
304,2991434.631684019,422461.2907956084,403525052.01006234,13466840.543845039,0.6723241858134286,3620.4203753242296,6.587436574353027,0.1461660851256898,10.523447908435147,0.3473649437459897,0.0
305,122331147.94627652,20749779.823129028,8928832988.849234,460023511.27249587,0.7380111453708642,3104.938731953276,196.39107380354537,0.09633326471405983,6.6893669171491865,0.1913199139974926,0.0
306,4614790.559839206,558460.6925984349,387736763.00971746,19808688.9424095,0.5699711557472878,2269.6679669580735,40.07864430494183,1.5322689786173054,34.90538202015681,0.16170280176917246,0.0
307,16455068.442092652,4117538.5036921017,344585297.41163254,43665853.73902781,0.7062067160429918,3454.9556617759094,6.029939194144622,0.10936011832359141,7.782688115889089,0.11120236212726765,0.0
308,119925.77647426634,24910.861460596996,4530200.6931914855,353758.8378576336,0.5988193158823162,3805.2034809828474,3.8698726716117866,1.517298965723848,33.74256701508221,0.5089297312677113,0.0
309,121437152.95466796,35305482.88574089,4099845022.5566206,350561042.7413855,0.7127979812928521,3611.7758385408474,8.041059241148227,0.11544062194540805,7.5773421506489855,0.09100899130874708,0.0
310,7907134.621419112,965727.7916679045,771729125.8385451,35073726.88834596,0.6436070266616396,3933.420849872206,4.375133164083937,0.0965076320378552,6.794665020914785,0.18557074901990137,0.0
311,8517837.301992754,619143.9652959757,2042965662.4455822,51942997.227360144,0.6554041675083483,3180.148584051177,7.504741301357269,0.1279510844155026,9.254529624077069,0.2654480919655725,0.0
312,103771421.25296552,75960688.55180895,5250467416.8530245,238336299.66833574,0.5201246293313383,3882.7656053518176,60.068530579580845,1.5410557081359486,35.40341640884061,0.296073676167079,0.0
313,7662620.076782493,1479721.6364353832,315783255.10618466,25171164.79409048,0.6588307241086536,3626.2212830097947,4.196374048404214,0.06614236875241124,4.951590050669888,0.1676964645432552,0.0
314,20912724.15385303,1486536.542191841,6281731877.379683,136730343.67357233,0.7442459275377158,3715.3209096063497,16.92477026695304,0.09267544143426595,6.61650018547726,0.3409091144485227,0.0
315,5259685.2636989,802595.1180779942,443288022.0095236,21144546.90980923,0.6090652055913885,3616.2706585374563,2.8130849080156692,0.11181338342053052,7.889411904658135,0.18130664289986131,0.0
316,13403.970704632671,3920.1073789185584,2294654.0989957615,56479.31562035014,0.7342788440983871,3647.6225540461223,1.1066339783022452,0.04766193364561762,3.1478289714932046,0.36653420149245164,0.0
317,1093672.185360044,364974.87967224343,29766017.673824824,2710300.0158149237,0.7522851790339244,3751.881770142426,6.38301921728732,0.0795192836871407,5.700149607130451,0.14371288435269458,0.0
318,16519938.012583017,6494912.693936174,461981487.77046233,42512969.819408976,0.6960229741524088,2944.1610669817464,41.21965917236155,0.04420533516478873,3.316154686820198,0.2422714246575287,0.0
319,11542171.007550295,3442877.296297499,396297151.27839243,32992648.198385667,0.7828744403808933,3510.7152140779112,13.241593855146606,0.12820582342595319,9.14018974702952,0.11290993333258707,0.0
320,16221218.184469154,2664965.1091672913,1119862781.94746,60881876.15514362,0.6856976019046784,3153.520776306685,39.70357222702374,0.1965042073953339,13.815658575875398,0.3565419744476757,0.0
321,9814496.058591405,2602622.0853939103,470984743.74942875,30466030.00851943,0.6578941538518485,3762.1518431781838,20.907182562053123,0.08370498298967304,6.13255102918392,0.21082299568822105,0.0
322,101514217.40889338,34944970.823258854,3372289016.168214,270855659.73740125,0.7127948101450222,3702.4679406890673,6.649291632764099,0.07300531233826266,5.113380140923768,0.06163419259453266,0.0
323,4000963.0025275974,2476008.2017021403,91496098.23007138,9176187.374228477,0.7412231027372891,3136.2997310362043,6.020305959337721,0.12833850769593785,9.417984506381085,0.27875323728328405,0.0
324,23454607.71648466,2108888.461688261,6731255457.422845,145063260.8226996,0.6805251515796589,3600.619897974711,52.180276446677055,0.21135150830783367,14.790615596076677,0.3569607981615987,0.0
325,731026.7803440936,100340.1287675924,87865246.1865407,3349675.704828923,0.6169309607688326,3896.4910921053943,2.070196812911708,0.12093278988831209,7.933146891841739,0.19561776564063282,0.0
326,31107.7245098996,4822.619010127363,6737840.818915522,159261.42471827526,0.6733029915230672,3830.5363763241544,3.499746686040787,0.7681840704543585,17.21412624028731,0.4350675398791336,0.0
327,1089043.9112880663,170341.08417385083,80200402.58009174,4262309.649327838,0.6944487561603986,3855.3656235185244,3.1465291550359886,0.16643586526616785,11.387583220856287,0.10654607607741551,0.0
328,55812532.65328753,8812809.873353342,3078411857.7995057,204151885.75086555,0.7405639197449927,3733.697718246568,11.687404989131249,0.07465734552921317,5.445403135236272,0.04388451502979644,0.0
329,5218.075524249156,1924.8738470469532,1331990.6239158087,25185.02298624618,0.6160591358330432,3718.2656949518478,0.7705197313668157,0.7882355283130076,18.48915215413413,0.2449024683277132,0.0
330,5909363.335433553,581531.5667260861,647216968.9832633,28070076.20376215,0.7756317990506736,3819.169556301642,7.72058972864021,0.03609553295153649,2.4652493077031847,0.11695696967322204,0.0
331,53885313.66994773,7724953.150716071,4472496645.233843,218306924.28333694,0.6368051697615271,3728.364581070184,8.450185861475981,0.1111138300898192,7.88634371318216,0.14367158083448006,0.0
332,285962.819982401,60241.92812239511,19509194.029921673,995133.6132284182,0.6682138920042798,3918.0424505291285,2.549740986401125,0.07346064108995912,5.4363282245447095,0.24190815792922582,0.0
333,9706367.65280509,2233580.8204055945,447858663.8046912,31557839.41438799,0.6888275124886902,3743.9434600010372,4.757463007574817,0.08650865856532919,6.401435142727502,0.1674012535508661,0.0
334,19172882.67053723,3281187.0828908086,1003329026.9053123,68560258.68805552,0.664599001083658,3419.9692141086084,6.657659729646245,0.12753932324140002,8.912546130417923,0.042471218984446044,0.0
335,53808566.0556314,11189470.8906878,2763646870.081468,185575494.15019542,0.7974055107681978,3861.1791018047134,4.000659741985781,0.08871262140756997,6.301064126112284,0.24239817108365577,0.0
336,11469871.55618729,1174270.2270591378,1778687638.413416,59714119.66535102,0.74975330202784,3551.308165283501,6.205929297659137,0.1424894539831091,10.116343607071618,0.2163724414057629,0.0
337,21320.94686095499,4112.289228650191,3059416.669004869,91206.67686632769,0.6998848750267188,3976.0806692940487,2.1535432556532497,0.09602073091083634,6.8616197595013535,0.10248131831400473,0.0
338,160161.37194158422,21365.268649824295,11794855.129963119,631084.7675455192,0.42634096255787757,4419.9358767565955,2.7617167934156837,1.4943316345007815,32.07357138251421,0.3562929435478524,0.0
339,8435.189876435414,850.5037352894822,1533801.3602735319,43111.7710985962,0.25632887343794514,4362.457878457146,1.2752331134041957,4.141995205821138,70.85922879551026,0.28942410082366643,0.0
340,22428793.04001268,4165274.191920159,696149215.1577958,69139995.15115756,0.7232326611878843,3498.3209636519045,15.42341905300795,0.04951906010128706,3.3936498607902665,0.17725618685194774,0.0
341,126078.35972659146,102802.62905221638,3703813.136762905,235334.9515769487,0.676010608985861,3281.3850380395525,2.6603249469377697,0.11184261814412304,8.029553636809531,0.24279354705531206,0.0
342,79745540.071806,10766212.247896358,5865275705.143299,324947120.3368956,0.5141899180971329,3203.4972139102624,111.66538166897789,1.5306193324980109,34.70991412891891,0.09384566868060111,0.0
343,1829930.9050520658,206020.8025273664,224620160.4473514,8685774.09942484,0.7365738655754874,3654.5789819409833,8.162049390517348,0.14144310755578066,10.232236933158253,0.18210821060644589,0.0
344,17800210.466240484,2869717.5984644773,3524730347.7093325,96810751.2086527,0.5569391027565397,3698.6347915524298,132.00766606041526,1.5317560588069223,34.29180108450502,0.24728553340214743,0.0
345,35594736.25563933,6958653.7011128785,4158012434.139866,155427626.55221072,0.7366462831231047,3201.4085484087127,135.83899960543548,0.0988274501633386,7.213245625523546,0.17502355287315177,0.0
346,45660542.71796359,8867303.36747815,3669502166.282664,179102312.91414768,0.6366400613574973,3675.1440185855545,4.152607501922243,0.09942844800257164,7.091132220777986,0.2651094110227181,0.0
347,54014593.523332275,14518391.855835091,2686064704.2609854,175355161.31062242,0.09194302480362318,3951.043687139367,4.50955905236801,5.451519341753179,89.53819798339359,0.19382035877868622,0.0
348,51958.372462789775,5447.540541263535,10659961.233782321,273679.8865538129,0.6352881187242743,3671.023525723186,2.0062696832381426,0.8046112725922271,19.884639246944687,0.35203970829775605,0.0
349,1768444.4630180537,399807.17666082765,78584942.03806913,5622935.145769675,0.6886313488245266,3606.190076103789,4.762715387874705,0.09888041330461661,7.065810660075067,0.17213730617547426,0.0
350,18287311.98403073,6192351.078493273,995021795.9339594,61027576.27298548,0.7147999447772054,3434.5181683523456,14.57753691682516,0.08633428953370492,6.164751856713181,0.12843065264613032,0.0
351,16672281.186510777,4447656.540353881,669929247.7128484,50522887.735816024,0.6544222261881625,4115.812686715173,3.4666723773222468,0.09673584272053581,6.673017504183602,0.2898938934291783,0.0
352,4611.1883513109115,443.47517717951877,1667129.2535204843,29211.60077458951,0.6408444414801283,4281.531882180219,0.5771419982321075,0.12464918544816639,8.4819531808841,0.3338766440881785,0.0
353,12699843.06799321,730111.1877795139,4890138472.340776,90297289.22322543,0.6927409060608559,4295.987303156091,20.32425794971619,0.22017707669865674,15.707773125074553,0.40849155884899746,0.0
354,75821597.31514314,13556383.290275669,2485305945.386342,240243844.4101492,0.7232499376588295,3750.752857028737,11.70216120080308,0.11590555784895899,8.214415468606964,0.06920915283021281,0.0
355,3188173.277625518,337650.1623994709,338012723.9555454,14759792.77898616,0.6134489920120517,4150.933302160058,3.5522068935574915,0.1173290348676792,8.726460974742903,0.16180946196321375,0.0
356,4737.6866658274885,657.3835325185871,1639885.2485412494,29075.857104750972,0.6754581101723618,3691.585009581586,1.2876117157126683,0.10007940370140007,7.168254366484044,0.24420955119884766,0.0
357,6092367.28779763,710120.0408807456,559225298.3796461,26305896.39013484,0.5457136495345425,3340.6288331476817,33.46829807352996,1.5933068079566635,38.292594279893436,0.37829415013368173,0.0
358,6290.449505941428,912.5789334482433,1371745.0626010331,32157.119667855743,0.5865853077222021,3772.2509444386237,0.7262291394557205,0.20229974722082505,13.531637389083585,0.4225825301675778,0.0
359,28953777.475286197,10808859.54376057,1894764361.3759494,98727435.70221432,0.7498802420634774,4021.5327326077577,8.214713373308985,0.22486133781955592,15.248371557409417,0.15350750637436122,0.0
360,8226785.491765181,2925251.462212845,167885679.0681609,19594819.68459406,0.6987402477810883,3704.901519045758,7.296547905231916,0.15529071994418073,11.198990086205018,0.2986588453814708,0.0
361,3585410.1867580796,453085.34243988094,304973263.8507778,15238969.293147767,0.5909581137960861,3578.710430670583,20.760182170959258,1.503829989545768,32.855546059931406,0.21833913355586296,0.0
362,6694.346500296086,1126.557994784793,1665385.0658482804,35281.2836586623,0.6334152193746397,3684.5717574282303,1.100043953117255,0.09939173901228804,7.015603613933644,0.2835257638544359,0.0
363,4637896476.684242,1887004263.2362113,38122588864.70049,8681057521.080446,0.681698963912852,308.4654829931673,19.48525739699628,0.23906962834995707,16.07291053972357,0.042875512595876124,0.0
364,140973868.1155598,19667580.527543373,13212722897.64376,603424530.9300561,0.6183738866352556,3990.504302982051,9.76952440851941,0.8038379352487454,19.933425289316112,0.20299883761716048,0.0
365,10520272.174633559,3273692.6355746463,381556475.201674,31133630.124448963,0.689427348134392,3601.6857365784126,5.547421810472843,0.15102165356664346,10.355989149055283,0.09450556476452623,0.0
366,583398025.8540634,68678091.33407632,112665620611.06067,3106262736.634639,0.6851818695278004,3248.259520179721,23.303940444436492,0.2501198479286056,17.36876603989814,0.05369590793539484,0.0
367,87503199.78662595,13510424.540152889,7981292598.19102,358787067.68575275,0.6393841917111844,3850.550868776588,8.571277164705636,0.1414170500407578,10.047247342997611,0.11290193203977912,0.0
368,5080979.681156123,526476.7364022731,547695960.9136616,23476373.94066863,0.6469486631752703,3714.040532716368,5.3706802121271355,0.07843346644041542,5.641483910359343,0.37065259291800334,0.0
369,2457206.8104211497,508687.02617471444,115573270.84989527,8047301.5278914515,0.7052144395600913,3506.8353280292267,6.121501649440049,0.11717936259121346,8.659320853765106,0.20886883804820922,0.0
370,27533307.19745642,7478148.821379627,1569780703.9101443,93319493.98900446,0.6270667945139593,3666.907207485012,2.9846935994041717,0.12155748376959652,8.3204986649439,0.21326523088902535,0.0
371,31489.115210757318,8402.810331607003,4838753.33198729,134142.9073760119,0.6879093733861761,3776.590605869581,1.7707653470302636,0.07247250925743325,4.8958032416340105,0.023857332263881082,0.0
372,13871.182773224014,1296.294595461567,3537039.215951464,78782.8050572285,0.7014994912111597,3987.7172690074844,1.7936651036643847,0.12723923429221307,9.154158336332845,0.11992043422017577,0.0
373,4040692.370067849,570777.4035817562,235736462.41957083,15309593.380502427,0.6095742596029625,3083.1688589220134,16.163290218174893,1.5115161338799337,33.301154392648044,0.10800239566472568,0.0
374,20004.608902499804,2640.9750437638913,3942597.5780373327,102258.50030522484,0.6841658923254644,4015.1743527162052,1.716794173910174,0.15002096519257976,10.35040926844783,0.22963689692094807,0.0
375,4993.417398157902,1085.0808345205437,1267745.422312584,25005.478003942833,0.5176166677787738,3501.336804755927,2.142514585778741,1.5022864722945422,32.4510499954196,0.24131764352949409,0.0
376,10744715.131835803,1683926.7710780345,821484633.7796562,41487971.416522495,0.6728953913312006,4166.716887218547,7.160694723527518,0.085927737632802,6.26301935975322,0.03591602130414356,0.0
377,5938043.1779359635,1855601.1469792197,103680185.38644598,13905185.921880037,0.7088462431478906,3812.3811066633207,4.898595679897999,0.13306471947380533,9.279109734395977,0.14715110883110605,0.0
378,26083497.703734726,6677607.258728879,498855296.55045766,65733490.87936409,0.7235849263598249,3289.751220091986,20.3479381798149,0.17294706392159825,12.27936089440603,0.2629679877986302,0.0
379,1557.2534638926832,314.96101472065544,587965.1150103147,9502.75978740934,0.2209856461621953,3704.7113458582526,0.8620118445031,4.186694908666973,74.12262280394394,0.4320104280306676,0.0
380,53396362.852294244,6733811.751711635,6328663641.366083,246681620.33620661,0.4561396667444308,3768.555507054871,63.812395678110846,1.6177269248013517,39.54527704932034,0.2095886174378168,0.0
381,4692481.82252716,1000701.3470394826,221172110.7157394,15376388.643291753,0.6738802312421711,3807.919694528379,8.612145794406366,0.24461276247153413,16.905620125824665,0.13990710115768895,0.0
382,37384515.04477599,6147741.630172005,2329586711.72169,140090019.86426762,0.7005287737836887,3683.931953809755,6.78645899174227,0.11476427768071282,8.01109082494391,0.07869595978563741,0.0
383,6550805.049708336,1397510.587456711,169627193.87316042,18903160.25985818,0.6824868873178238,3881.984596264904,4.167976690148609,0.11703414643444984,8.70061643064862,0.08731975519833289,0.0
384,17192493.269518055,2935392.579843831,1464540615.7313666,69032560.91658431,0.6758120672052579,3678.1970334452108,5.611478737569551,0.026416460780321317,2.0255955471268523,0.14912237410008225,0.0
385,8457969.662399583,2090311.2386957952,599336264.1249986,29022944.49887682,0.7136112931391967,3063.1667379881446,61.48892410352907,0.08555453757840255,6.307332121359623,0.25584083108619626,0.0
386,12560.24402292733,1365.5299525982962,2250154.185685185,65239.65413599632,0.40764666644114766,3875.109630212056,1.6002152246689307,2.228790949910636,46.965122701105095,0.303199277622911,0.0
387,3467685.2417517016,473645.7601927385,208817206.3466149,13346427.311627604,0.7376837746978502,2703.199801298729,18.685166731473753,0.17051587812583896,12.380116840011677,0.3598376578457754,0.0
388,12888645.760214109,2525238.5227731126,720745158.4983456,45606201.63675313,0.6755868874110582,3730.18911826108,8.9449551142389,0.08282400493431111,5.9150239165883605,0.22479954487815135,0.0
389,28089662.824514527,3485452.5964726107,3348963815.513792,131532362.92619538,0.7211861526331338,4117.862372471925,9.724620957850801,0.18113789631591476,12.905189710015264,0.17741162977782035,0.0
390,4099.336478931477,1958.6107145394417,646716.9734352224,14305.028558472884,0.28166418553891176,3658.5034543706106,1.2039237104905867,4.109246959122052,68.92036967552791,0.26172499225496443,0.0
391,10160109.261880929,1826157.343869292,847812619.8307284,40522632.64648624,0.6821717563038022,3530.4865941355047,5.532683349301287,0.11998556547664307,8.168173885641735,0.18422293796623787,0.0
392,125201820.49483447,27535637.85951107,8531492661.691261,460090195.09908277,0.6298089438464771,3951.7753166223038,6.647264013505664,0.7716925505904809,17.121216148404663,0.16034941263269847,0.0
393,9327043.638734743,821840.4043308382,1432080432.9962597,49093623.84907556,0.7966656124142746,3072.3837133253783,58.939690219045644,0.061672599842106914,4.70504077821064,0.18917117788541052,0.0
394,40659518.321538635,7190163.137445541,4597965260.126964,172653955.76605028,0.633099359816961,3598.9390749856902,3.808370155570086,0.12311267047707179,8.537337624817427,0.14200790248095607,0.0
395,5531557.224556281,604651.3220632726,709135721.9020762,26664727.562902845,0.7193015541861507,3339.340288778911,8.766336928545382,0.09843472426811033,7.079019113362925,0.16081092418898832,0.0
396,4200143.477313048,578997.2897328966,254860970.21395215,16151951.193163449,0.5477146967820297,3493.5012085228773,9.628000976134748,1.4945728029254313,32.0345686928449,0.11429193827690794,0.0
397,5929.652369687496,5174.398381578735,523301.8313643475,12805.576778817374,0.5093424433952027,4091.2519730581525,1.0042283983326958,1.4318185126654446,27.52843092779339,0.5191876238824757,0.0
398,86577067.5255306,29541706.40853011,2382543334.4035797,232856622.23830098,0.7365629098240937,3151.577360938681,41.418587368228806,0.13421246260732564,8.765117548949707,0.07235527022175263,0.0
399,4488379.053200124,709838.6053846608,232871289.37684005,16269535.558181878,0.6261433520840317,4187.875299911807,3.7743149160542155,0.19812596718637768,13.835537925409758,0.18034437335311646,0.0
400,13755.429549971945,1352.1234097006088,3434793.6669163303,78173.34027789517,0.6530376725564098,3421.8637919447447,0.9864618894344473,0.11044036325285286,7.710652679619505,0.5053635372083181,0.0
401,890535.274861069,245167.41401141457,44832798.23779838,2762002.8334642174,0.7143098335549427,3671.2280571802776,4.68444273900143,0.04761439782956769,3.6017560480213007,0.12554866711123203,0.0
402,23684162.28763502,4079022.392002783,961905998.6784201,79101612.21228483,0.12055551833206579,3677.2813488007196,15.912937902838733,5.508421704805906,93.89864589922516,0.27495923029282143,0.0
403,4046058.038972486,960631.5888942878,133511765.89999065,11620795.436826002,0.6750818956143008,3567.341174060194,8.977200924417263,0.16031681069580567,11.769476962781336,0.24771498256744987,0.0
404,15651266.489671981,1378563.2279963135,2310765546.2558694,81573893.38674383,0.591002574991233,4086.2055434624253,7.147042944703408,0.14169235321291315,9.480517011257122,0.15502159655795203,0.0
405,10041.954366577167,1564.8416000955262,2471260.844884071,53660.824126429696,0.6505466317046343,3464.683355421642,0.9018634796772804,0.0898384748501262,6.188636886344769,0.27892739362460145,0.0
406,5501.939977615915,868.7188680950776,2243431.6412690417,36276.61528122457,0.6476384305280376,3653.7906408015115,1.0780376699374328,0.10952135540100771,7.466904249436574,0.09551285694308989,0.0
407,79319416.0240872,19203408.314774342,7202869392.919174,304324968.7513326,0.6961716554836107,3503.4908939954817,15.993812297491159,0.1694876523442371,11.486181377299403,0.20102964155950798,0.0
408,338065246.8844693,56649812.07682736,26584568584.100426,1356074919.572737,0.7634681426637514,3342.593939372612,129.38451920096117,0.22394354640931038,15.970408003900848,0.034461952689584144,0.0
409,16590383.34647051,2793924.0538085084,1605383279.7711565,69297453.13065511,0.6534504438591231,4201.535577969344,2.716066736388956,0.13472159970670425,8.935301433958555,0.3195275164463285,0.0
410,80074208.39296213,25791568.39665185,2539686424.0140696,222727940.91891462,0.6729726541367453,3320.7498883068733,9.731184514725747,0.1245072822351541,8.674019888243128,0.04921536539162472,0.0
411,155033805.44750234,10915610.046608927,31751146539.349525,912851948.3745279,0.6476129513569072,3905.6921861968717,24.71811650974905,0.03387387310332475,2.5533291304296086,0.18107139060596977,0.0
412,72642225.81229268,23960166.183756597,3923510095.4660583,221081296.64366284,0.7397794268023145,3233.9392079199415,47.35172377198541,0.09274989455305951,6.7984099881147175,0.25677603032059826,0.0
413,7056.387302810093,2321.381150515507,1321112.09901243,30073.67487996867,0.6335883947910546,3173.436934583219,0.6166731070873069,0.027639894856584225,1.755995173757634,0.3414280797112771,0.0
414,23916195.863910615,6618307.660875838,869983686.2384291,70892521.9050661,0.6938706668773695,3633.8259556260064,7.31269482678857,0.09967107123197314,7.131444984377173,0.1113722054247007,0.0
415,6241577.182449766,1196676.7852048653,441918440.38186944,22408820.66770158,0.6541559109684865,3958.621923198203,2.216987355777557,0.09890005777500041,6.994468935493485,0.270459091622651,0.0
416,3640.633344214845,739.754218472294,208960.01202636596,11421.356071279031,0.051208413857481136,2617.0081656165203,0.449746943562845,2.699030118890019,42.79444394916602,0.1994842398868774,0.0
417,20737.95665037331,6315.376232967292,2705018.3188085887,80960.12994006419,0.5954939248692922,4111.140617783929,1.1357497099390141,0.1682968734349907,11.960762800997188,0.209887077865461,0.0
418,10046035.87917731,1396446.1557000703,822393956.7923206,40807633.799231924,0.6633491261588996,3360.62349208867,9.260066354410387,0.15332192606333478,10.947524318325257,0.388052707441917,0.0
419,138646875.41689888,19734580.537824314,9700093294.951345,547263266.5308807,0.7105439193386605,3918.6772687334224,114.15386745304089,0.14329725520555572,9.532865679804303,0.11287921185117714,0.0
420,27634216.469643973,3265541.356423564,4804113018.600331,145810701.76977175,0.7112007269655332,2977.72169611808,140.336264746401,0.09776726625189447,7.186326598138942,0.17424167295743037,0.0
421,197775.80925603543,22445.816531375935,31723588.2828264,981020.5826082727,0.751238662983071,3762.558337558642,7.017731625483688,0.21215272453136694,14.844835618658427,0.1486091909958184,0.0
422,12484259.19229772,1464201.6794266175,1737005620.2664952,62181754.37236408,0.7088952969715246,3608.630275984637,4.609393614655509,0.1086034103967977,7.41337862688578,0.3764889462741309,0.0
423,9354280.689852279,1445056.8749175945,708078723.0246172,36814272.09404909,0.7227243924829343,3731.99671742656,24.15556017816575,0.7861665696361366,19.07572185585655,0.32588569638349646,0.0
424,8152084.08632095,671424.8421723421,1315709434.252768,43947476.21248548,0.7543730646375033,3710.2259743311265,13.93439279293324,0.06873006118611329,4.87220835452752,0.18551322118897853,0.0
425,778717.2754585054,139353.49167474854,49638085.6145163,2887838.7629125426,0.6875012393912466,3924.0871519400553,1.820747766855746,0.11768196292442124,8.248467098184861,0.45369013848117,0.0
426,9894293.859417625,1825684.2444994512,622558516.7199491,36334120.292332575,0.6726389092029631,4084.331133040366,2.653216371549276,0.15588522202421445,10.247756903797763,0.1251368254727888,0.0
427,7478.021063605021,891.6110201202564,2154158.242103752,43137.55262795115,0.6681030779526822,3677.6669817643606,0.7818600695092571,0.14367005724498022,9.355135763352035,0.055878423188163905,0.0
428,23068365.81404856,3042239.834884294,2920624331.3393087,108064706.05741754,0.6658716127100959,3958.8185656148235,3.781237245166215,0.10009362064324323,7.081957954915749,0.22950793964644225,0.0
429,2500436.165664901,362701.8665591766,153007909.1240756,9573995.278399225,0.7068762794288551,3047.207335343267,9.213550975156544,0.13193944198498492,9.001427469414377,0.2513485864193145,0.0
430,4967.972297213903,1239.6522439512034,1307405.219098114,25774.833373184676,0.48350561520618884,3670.350590323526,1.8875048398130432,1.640018291395619,41.36841839139925,0.350199123548115,0.0
431,1594501.825332764,350348.09089816344,65924028.26093117,4758943.0777747,0.43383778903745657,3195.4690567491134,11.276346329705785,2.7011008092174023,42.9790926739057,0.3191018813606047,0.0
432,5376904.425633989,1092925.6009881492,165980379.65528357,15999356.927372765,0.7068141594309205,3707.197990177909,12.688043264571983,0.1258314347385781,8.220007584071682,0.061210781250599804,0.0
433,11282.575355418716,2392.989415862736,1656977.284138789,45536.68680040467,0.6269260990907153,3910.7869539939193,1.5119102630074073,0.8317859867370329,20.988264440977204,0.48854282819325884,0.0
434,42351677.15773329,7223993.356481451,2646957781.470278,160400410.4451611,0.6758776720539925,3533.445873361203,5.803608373865908,0.1456451822049442,10.37347962483706,0.05756877855713685,0.0
435,7304.44578627818,1194.0271459401088,1930362.4641315944,41358.046863509866,0.5659885679593225,4016.8456956012033,0.7295927863763565,0.17731830012666555,11.541301028080396,0.2147007199646534,0.0
436,16104088.383172441,3512424.2253340655,688410441.5451146,50906472.887561336,0.540072448154131,2720.2538863631044,71.15410912193617,1.5095597467618713,33.42018107981882,0.11768550176920586,0.0
437,3273339.4993521804,463208.52420883003,380408469.0610453,14258064.477901781,0.7280195662523559,4094.613287031628,8.722319105176338,0.17356255047108843,11.97300271156643,0.45150093436610705,0.0
438,2704775681.833325,1340750500.0325973,31742248131.66941,4917180109.255486,0.6983084258773554,1214.7834791161702,257.60495674175706,0.11372013978567938,8.187676097193597,0.0776988663938152,0.0
439,12063545900.229044,2475757374.947751,460124467273.2132,37894645568.96614,0.6832287426240244,529.8442348317147,11.542706314290708,0.11575803143733543,7.257862872632295,0.16841725456136702,0.0
440,6528.682880739066,898.9297931773195,1913591.173737193,37147.20515687847,0.6502137882020712,3706.4766153717565,1.3224224941392375,0.16116272507064747,10.917267734068657,0.3301623568735299,0.0
441,6718286.692387158,692212.2474643181,845736762.7144091,32533539.016833812,0.6114950459120584,4012.9217888265043,2.829500892237503,0.10705345105326351,7.541724095193162,0.026123423235013116,0.0
442,6913.700570384177,1600.5911376437448,1715578.844738795,34459.58268763104,0.6503076998874341,3767.2051366809187,1.2760941027927428,0.18556728771432632,12.089724482668684,0.2983241413769788,0.0
443,11853970.523684453,1586997.6792530494,1302639327.3228698,52924812.181430444,0.6172598080446786,4174.910729134637,3.75273944403559,0.305380775576286,19.573065535417356,0.13554802591384976,0.0
444,4791245.720886483,800806.4371208329,277607078.71525097,17774162.87289444,0.39432899547053596,3984.692203064376,2.3273676467998206,1.5359971101891827,34.78909575482261,0.23725990695802598,0.0
445,668899.4535722601,223527.94193440257,8953824.529791368,1417625.4021864475,0.7387799578567839,3357.385902210407,5.114993678269169,0.040249059729577485,2.825612323237766,0.1168525822127512,0.0
446,16506121.936662834,1612395.8128724545,3095552248.335451,90396317.00875263,0.757905643968954,3557.052710895843,123.161129697946,0.08974826625160084,6.7252248997632,0.1727951504352491,0.0
447,97748145.74587116,9602750.958376054,14159382668.149225,500267323.34479773,0.6511829963870397,3566.678741177605,14.454888047495349,0.17972978028856534,13.036436187352587,0.24056562359760725,0.0
448,35529.05045829258,7601.166902523665,5566043.546445997,158964.23396936498,0.6458831761055056,3414.400808052307,3.465395854796886,0.7976900942314684,19.46700182260185,0.12416903021826345,0.0
449,202638.43313202093,133238.7146813805,4860056.689287211,359091.39173344703,0.6706562468843945,3949.5841684354796,2.750653896476763,0.1011723107907236,7.205342034377033,0.19751153991893686,0.0
450,9319790.957405152,527767.8522720097,3502174228.209577,66303235.87301644,0.6842016781682053,4290.717987163557,9.517722582121198,0.14480789708938477,10.764813010185396,0.3891789592954046,0.0
451,17314.593656199922,3544.277622942561,3737524.173498486,84182.30724122204,0.6727437689570686,3574.01652774944,2.4526713482383706,0.16602971194527658,11.369506341605527,0.4480481093045955,0.0
452,3468498.938945821,469881.6559973386,322251597.74554354,14687378.859100044,0.6424021869522998,3825.2666312355022,2.96698630179347,0.18041666234311862,11.91575093885461,0.16640771209495403,0.0
453,40934785.55012034,12264203.173707755,544670028.9487013,92446163.05697878,0.7498587891184696,3501.9993617888704,16.53178522113028,0.09014913913659761,6.532647054625052,0.2119489420398706,0.0
454,20187875.689608667,3851408.4289965676,1298369716.8363452,75462149.29747072,0.6592917212806537,3682.1626409321125,5.876595612974879,0.13447626003313093,9.383933541527984,0.23195422199723412,0.0
455,28325.546187645356,13781.201178141655,4256686.226592964,114019.79126372884,0.6507812360039623,3720.2311451649066,3.4104183735271736,0.16724001389962026,11.32895267037528,0.1573882974557174,0.0
456,99156702.96919611,26519687.395447947,4135177651.1433306,295631154.6771808,0.5633023397969933,3942.3844565961876,8.174788664538507,0.12356561566355691,8.37753888535796,0.21651722506853743,0.0
457,11409329.486100845,4545619.863402935,613889344.7208362,35249801.93957397,0.616013095474706,3731.581822210809,3.5597657049738247,0.135059794657451,9.311404639086366,0.19998532655295587,0.0
458,3157.493973415705,679.6871290422597,993002.6908202937,17742.953093020467,0.6024245778273593,3678.7177112607123,0.5692986938149296,0.05779260899562564,3.842949006883393,0.38398402056514147,0.0
459,14203.409008771221,3832.3611191726654,2326993.133886694,58858.39479802211,0.7441629826304565,3692.098511359567,1.2190065421603307,0.08381273871027464,5.74538524886799,0.4428286523406405,0.0
460,32907216.54257893,6544486.138540698,3708901503.0449114,143106289.03410465,0.5917604203816124,3752.8670753998204,1.3855626453957157,0.07746660584567647,5.380997333142756,0.14907356663326943,0.0
461,9827474.534051675,2353068.330736489,1424951597.8287375,45620877.16397646,0.6988112955311859,3379.9099895974086,80.56990915870938,0.8178827958989942,21.117872207351635,0.2808468520059837,0.0
462,178770.4633236716,77692.66098634803,5902747.225329177,405409.4670863689,0.8081902288208619,3279.118973401702,11.527471483005433,0.04047535718518889,2.9486852732216233,0.33859547992919503,0.0
463,2393233595.3387284,225507283.148914,329975100320.42426,12051268595.063732,0.19260526097162675,1700.619332084719,28.78254531914313,3.5163971279620414,63.9279916069652,0.23142137429755388,0.0
464,13752633.223584464,1071407.3842983586,4326072505.614002,88995128.23074648,0.7200825738005696,3468.064602675643,8.530332178423627,0.8065220656905462,20.029186336699013,0.3627560261079831,0.0
465,13550145.140095819,2352878.290172845,855123767.5288208,49257956.93262807,0.7100657456039482,3367.2434458995713,12.358343241748543,0.15896172981833373,11.343393193496766,0.30510710593248025,0.0
466,127597574.0016317,22999492.436917745,8625577385.615265,487835334.9520917,0.7447129293987926,3632.689258892622,10.762278737481472,0.06939708463613484,5.143679442282104,0.16256371661013383,0.0
467,8196498.023536852,2103523.6373710404,271780268.9818178,24266336.943710066,0.6931120834808652,3488.824602884155,8.438793618003757,0.046408959836407956,3.3944808211495983,0.050100474420875465,0.0
468,32242.125477344358,11993.585916305521,2666807.482469453,96870.44590826679,0.7624648932659038,3595.1808993849336,2.877397606060858,0.1282885639508681,9.30066874845596,0.4040377105904403,0.0
469,23744617.806280743,5416608.529608599,3936101578.986697,111025766.88065429,0.47770273854915113,3376.138727970262,22.659394100185892,1.53389080050078,34.296540479197255,0.42145007821651875,0.0
470,4432268.61477984,791936.7515008411,297510138.6357291,16578149.884018296,0.6348274015924569,4214.618371328472,3.0247344213717144,0.0916045384749821,6.5223157256636695,0.0849193256748441,0.0
471,22614.154049054116,11360.991075324084,3902100.6381744654,90174.66850254755,0.6381769543963346,3434.210085467318,3.2493803865920348,0.1768381810994673,12.01029848796001,0.10625161625583304,0.0
472,399303.27250346594,99910.40207515511,24249749.773576345,1357900.5691424941,0.5929908491265232,4003.3579279853484,2.233791099286857,0.7287229721402186,14.537342100547255,0.20956518569922475,0.0
473,232430920.12055746,107445795.43428302,8109681382.020477,568266053.6479046,0.7018803835062661,2685.8723073777055,56.34521346680268,0.07576527316600856,5.575517685054946,0.27298932029857426,0.0
474,5276945.647147556,845188.201882901,353313358.9370838,20213872.516630083,0.7723264397702491,2780.6539744820393,35.96025732304258,0.1318568583646454,9.557323760825167,0.26194275458227295,0.0
475,5644191.95558512,1870248.5831672973,211237496.812334,16636905.96163455,0.70858473342144,3683.2441146344595,5.774808423391843,0.1679763113537403,11.489239767133453,0.0780815214050354,0.0
476,6598559.951621054,1163531.1267348079,395922587.8365582,23791135.831575416,0.6291486958627092,3655.6811593652938,5.115028190045869,0.10450521182303012,7.324457127796448,0.148400715350386,0.0
477,47401661.67739085,9744727.87911631,3479980129.6119833,178954294.57355022,0.7995363928734631,3036.7579144416604,142.54273048356373,0.17917876094138493,13.099070681065944,0.22064759030417605,0.0
478,1077651327.6248252,256077078.7183907,50287523330.45552,3348733663.099928,0.768214646303511,2384.4841099677587,212.55057265987335,0.03670502614909239,2.7795357665976015,0.026237634081056345,0.0
479,42440669.2703251,9816752.796848875,2931295176.003779,150832804.91543,0.43099452122383947,4314.383758737547,5.376463554822189,1.5148468824010575,33.18943559405154,0.39404018690204257,0.0
480,66273.28970766427,8700.088508023222,10071125.532623004,311884.66639458865,0.7503720609414228,3924.7074378531624,3.4726231318478233,0.06701822364107439,4.702275256402824,0.23806574108348091,0.0
481,11122693.027037408,858523.0931771863,3360404249.1544676,72327996.89450434,0.6897276639932092,3310.0364247278476,25.93214245025673,0.047435251779365736,3.4955239358475496,0.12551822580456218,0.0
482,11028735.392633218,4375829.546593883,608099810.7331009,34360426.61411761,0.684831937463583,3497.179976595493,7.58143458356031,0.04902708710035979,3.582027164072014,0.23336510266799176,0.0
483,12413.188869582238,5144.919869839533,1817474.2445703023,44794.51889363617,0.6617233933999244,3534.13483860628,1.3794568681605077,0.7600121618625463,16.94965036683714,0.0940856934194636,0.0
484,25228576.032995548,3673205.3384235925,1474224525.4353805,94709240.01822343,0.6683288148347033,3277.150676213331,25.767346647380354,0.16005812415906578,11.234030325408032,0.15549220171364675,0.0
485,3822.899276668475,666.0803305093052,1200743.4091690343,21291.21086367022,0.712828759179627,3726.39624491248,0.6634086510763927,0.06781813986164051,4.855162246304317,0.15134929196331684,0.0
486,9558169.608928783,3412200.980006489,133676409.45753756,21086076.99158057,0.7470411076941387,3251.3801323436064,47.3064906954286,0.11742813126859009,8.297902911145428,0.029474347045530026,0.0
487,34024503.21244494,10175217.881844975,490158881.6992421,77347173.24466738,0.7555096203765872,3430.8470400465585,19.323342258259018,0.16127522732198063,11.570669078249928,0.3234298963154263,0.0
488,56555653.660700224,9131158.512552328,5608668431.006147,236637969.4787367,0.7283449029426253,3036.5803127654854,85.79453136835936,0.19073590153714032,13.201839596387012,0.1519901789319598,0.0
489,3867097.777599941,709583.381865102,145720496.08555207,12548993.491550706,0.7462784697700796,3669.677542022221,8.441644910541845,0.10381972605270925,7.678157879620211,0.103748201271497,0.0
490,10508958.780054856,1125518.2152464627,1244299931.0148723,49540688.59969096,0.6085819540805305,3836.430792203493,2.2462783958007084,0.06971193839728729,5.183304769571576,0.23407578723394587,0.0
491,14773122.597393457,1880042.7950133136,1416244943.1746488,63779033.94906564,0.7264617188857302,3509.7285153941903,22.330748851190023,0.2191099738098088,15.724787890386017,0.24157822171901663,0.0
492,11104221.724320468,1665136.884913445,1027639650.4761069,47590266.33075023,0.7014506710080531,2933.743798926832,70.96020823344142,0.12463738180957806,9.359346231868773,0.12370663604430525,0.0
493,249189.98757387573,36220.87521726834,24435996.521033693,1034044.5580753749,0.743692609750916,3951.1313059561417,3.2712399741931515,0.07213488622958168,5.365307861673635,0.5270979970120664,0.0
494,3748141.0626960187,824036.6600143423,335103114.4749046,13166678.120600414,0.6518476092321193,3314.1616278327124,7.292623883876735,0.09990783595755595,6.588779832488548,0.36743956028960234,0.0
495,41339.02819006629,18657.02348985518,3351081.404584543,124576.76227963813,0.6913243644108826,3806.294062078441,1.5343509417469654,0.062124583830795554,4.267168342108232,0.22731870576741459,0.0
496,53296759.224834174,9636618.771438252,2779458763.2730904,189678340.60831833,0.6701463349255781,3712.1987252753634,8.498704567659509,0.10520553753418457,7.52536236926547,0.017039670703257185,0.0
497,322416.8458562229,25914.57129231306,62842856.88397159,1804520.9807763915,0.6740023529936862,4098.792033178917,2.1078390059751033,0.11717252224828148,7.425054811815845,0.06387644200955148,0.0
498,4045081.567603419,536077.9551477754,286031846.4809736,16313920.25268432,0.6785906960272723,3188.514941351681,21.819424567832062,0.10994870864704068,7.99682282100556,0.3192567096210175,0.0
499,123819711.44430783,18031427.19438715,10022489155.372562,512387271.88410014,0.6911812893240612,3813.3339458371493,8.585331228782483,0.15218184615885538,11.04399053810116,0.08628000997878364,0.0
0,44484552.96198882,9381321.1015273,2868741408.6068254,163315533.86562693,0.7595905234439595,3470.7227880159603,15.923366368866406,0.10191808336135325,7.097394311175234,0.08732434266307541,0.0
1,7981.502356696947,871.8332889940081,1853088.440614532,43360.79807467481,0.0971493782186623,3809.58139339851,1.1743276752236873,5.461534286592868,90.51041276618248,0.4322036480251188,0.0
2,105200.47334229872,15351.406300009583,10071101.106675176,427370.1456589809,0.6808588885807184,3626.854128522694,2.126797696029249,0.12546617924420636,8.377015470850065,0.14251718382679687,0.0
3,38869175.828679174,3632310.2617185176,5896385090.565061,202963440.77532506,0.688709283607598,3810.879935171549,6.463563201202987,0.15354872688996252,10.658380034375003,0.1624352069910843,0.0
4,478134644.51584756,230664232.3812186,10643002175.216831,1046852654.8459911,0.70900833609484,1708.7982161066627,14.662505448154388,0.11892852124097927,8.151811285735956,0.13092307104027193,0.0
5,46460.40877181235,11767.547963778094,7541343.052717611,202366.7230792506,0.6613939034337689,3420.352324719399,2.6709838756727167,0.17154760270823868,12.46036157519609,0.31566476291531065,0.0
6,24544633.128276896,5259113.932072266,718772135.4579692,70358004.51673245,0.6868504840762018,3459.3021983908147,16.670772508773126,0.14073758411435566,10.045128296475163,0.27540452210028943,0.0
7,2041595.601638758,189847.69093522098,243475221.45834097,9964915.110935839,0.3607619237412223,3763.5111205385583,2.1162519804871196,3.4339342781751556,58.02689123844241,0.12097216518449182,0.0
8,81646736.45118235,13512294.542539477,4559876287.859804,295354901.3539921,0.6791107344482991,3685.0497510435644,8.36412577642519,0.10378499736589922,7.092731576005822,0.2447464367206247,0.0
9,4347.941977472043,621.8544646529784,1496183.8771610423,26031.48397192558,0.6782990275357028,3626.125798159509,0.7820013394747567,0.0582759049094852,4.164024039944239,0.1479594603747519,0.0
10,3759674.1539554,1337012.8791259131,159162717.1125722,11004564.545904923,0.6543552870666243,3592.157287381293,6.315863969033346,0.19515670788275347,13.208726488693543,0.18276140911482208,0.0
11,10884478.561652353,715855.1747222842,2964946895.0023255,69470956.45835567,0.692173192918472,3103.334492938993,9.704895621764411,0.12978265715114815,9.485067085030803,0.2562584802589911,0.0
12,90510331.94784784,9713357.935832476,12639947492.210003,439343353.04989547,0.4776808407600644,3597.754654395194,191.10440688789774,1.4885095468442626,31.527982025780073,0.24219317226110312,0.0
13,4997248.1997619,985509.2008935604,480297916.4172859,19060673.634178672,0.7136792323166025,4077.5838481700102,9.973623812675324,0.10051639620984032,7.26893224738747,0.39889535624455513,0.0
14,844975.9049469115,66293.42251858988,156036611.09383708,4726637.222762775,0.5482241313898101,3841.7391499387268,14.37203680469314,1.5072674496685707,32.689637803713175,0.3835763604217439,0.0
15,49922965.0393846,5466291.26912917,5204126280.319571,229195517.0388631,0.6797406205945411,4050.477678592866,4.957576350224309,0.10224833813014733,7.194863855719464,0.15561920531936785,0.0
16,10277.218963312434,1568.7593362855453,3203564.7152354075,60822.70237087268,0.7355949198831249,3594.9980785547723,1.7706737339422716,0.07050218551460433,4.956149795874026,0.3383370179437711,0.0
17,6219577.1429102495,1044717.0331151348,449244189.99192685,23712283.135805096,0.7110708802400045,3809.633195748547,3.341760851736188,0.14444533867508075,10.120432979039453,0.12061999862359622,0.0
18,2634.4843845265364,584.6949075476941,973878.3965332936,15621.52291096827,0.7316114131982492,4035.6157454975446,0.7961619863785309,0.1709377525154842,12.478839200289263,0.4122813079241151,0.0
19,39966111.06995136,8457146.448855625,5463448147.18456,183854970.11347914,0.7027719791935156,3326.656028475586,60.057520282101024,0.07838733124856363,5.858516863549218,0.22942406209631083,0.0
20,6968039.315730838,600721.6731381483,1287006533.6397736,38597194.013333336,0.7363062969040443,3769.006871175301,5.461136545889947,0.030181940973141773,2.2938097732249845,0.22158046875017265,0.0
21,949713.6133114488,72536.3856523382,212000819.36185554,5605396.82684225,0.6691866794881961,3845.6931188694125,4.6698470261413885,0.2808199622225113,19.37781266006909,0.1778636209690456,0.0
22,1883.8194407595633,270.0631121669415,772869.5109519468,12102.82865612748,0.44053196169667075,3698.01040054027,1.0798675509563422,1.5932416195512775,38.69002420270773,0.11306453287954461,0.0
23,37990616.117657855,4354966.636425173,3897039747.8678727,172528847.15863785,0.6474438752448176,3655.3833390331224,8.241278162691987,0.1076322563651578,7.321842418945877,0.2732549470619684,0.0
24,5368686.5849108435,548539.3290168972,634201958.7180879,25493327.450651895,0.5108556191643459,3792.739867941723,19.372292029847028,1.5868112138485841,37.99123570697215,0.18505168225961197,0.0
25,403096464.7850841,91149375.57336648,12924757903.23373,1162228617.3302076,0.6401930841695694,3117.228131919156,8.28228037177144,0.16774109009685567,11.83713499297825,0.17199973119274048,0.0
26,2993002.1302192863,372116.4896181463,304035405.8962997,13277624.909893157,0.7004057346845175,3848.025906583979,7.104978728249188,0.08759963761534753,6.4163849675755795,0.2937410016325241,0.0
27,32268934.04171315,6783616.393865891,3455692712.4265113,124757158.42615232,0.7218290932440399,2998.5306359653564,60.546251293938795,0.04071735656271587,2.7581604792628256,0.2006707456197038,0.0
28,703945.7293332712,79217.44841285206,87204678.8164038,3330775.3630530694,0.6835621780228912,4404.982393255622,2.540861594808492,0.16841994308193575,11.36719038609765,0.10634339604889843,0.0
29,41664129.79901047,7995613.756054874,4054257158.365377,158505981.07109064,0.13045380111451466,3623.359822544365,63.68339955418597,5.517050804660213,94.6848184943999,0.2887252897096436,0.0
30,8858.427296171361,2103.307338597878,1887204.8448992926,41544.5852317688,0.6290287509758945,3394.2871826657656,1.55918811252881,0.06191887313760107,4.313186592084479,0.1012383156342347,0.0
31,1050941216.6869301,255560525.8644728,38004334159.71215,3081299980.3731337,0.7778430920028179,1819.3670321155319,11.616646746132075,0.11029189805308634,8.095366951915386,0.12706774930180692,0.0
32,50468.50990495305,14520.447746573487,4077459.542775509,173001.57456720556,0.6545902539098682,4093.9481204372787,0.9415462861672116,0.18524917598352256,12.119095759638096,0.44713837054419886,0.0
33,39201694.952201694,8056706.861898184,4351832880.326725,168458228.39753503,0.6468972241817721,3712.074163981516,5.639074017654073,0.10977181089068191,7.883278317327461,0.12381680700331718,0.0
34,6269608.621639712,1065003.2126944058,247253449.96705008,20844096.220446564,0.6963479747813992,3828.1158345723998,7.214979432748569,0.0990835753058799,7.156033687104831,0.07873912288610266,0.0
35,8585431.84887093,1304124.4381769935,1099237061.3504593,40653057.385014586,0.6361549467720329,3851.815296409638,3.246178485565715,0.13528389413290362,9.411280134920343,0.11956475585859033,0.0
36,17992.51091462975,4496.41292757968,2970967.806367529,78626.33217680886,0.5800840456876193,3489.510718817043,2.1178374693050115,0.0549089545987985,4.0496008726892665,0.14667101519556267,0.0
37,40029679.12274229,10471739.795416867,1687330742.4400964,122973258.67922564,0.6522758585303184,3731.692406187774,4.218155250813649,0.1267132401663809,9.089923580779011,0.08114367560180094,0.0
38,142936743.37028652,33347084.244090624,11609008707.794235,552790758.4925283,0.6787710773643792,4020.232049720036,11.438062615937453,0.07942911336113304,5.967518432530008,0.07046212439743584,0.0
39,4752.006878426169,651.2636462307801,1572130.2781932272,28458.076750602042,0.6673586977978674,3658.960146400201,0.643745577952316,0.0736644939156573,5.406007070033714,0.20205576193596245,0.0
40,13569677.98654125,1408251.0159559674,3197783330.668704,77746765.92022416,0.7480175466237518,3541.31303130412,42.95527756387536,0.07722080053769025,5.6886173617599685,0.40127898767322273,0.0
41,22067559.594385426,1577423.0352874384,7180481427.2147875,145983106.04160005,0.24913404459446697,3166.8308448775497,62.98262037863128,4.1317280173354725,70.68829830181254,0.41089447274351715,0.0
42,10902747.588011105,875753.5372442402,3403249979.010354,71345089.95320638,0.2971393117895779,3581.1053617120933,20.1148225119928,4.163253511376589,72.65067305511427,0.28558504350109254,0.0
43,14483039.284419652,1312903.965604006,2139512828.315295,75292912.9630644,0.8104587626419534,2840.9330909844302,37.87367603943579,0.1626489265151161,11.626624701498038,0.2074862728191483,0.0
44,17472194.020468555,4710903.9835912045,862185418.7533805,56012060.12272543,0.6780217413678274,3326.578881892173,12.106383474758355,0.11737795717986295,8.344582829783134,0.4364974031924145,0.0
45,10534886.668405032,782567.0463455502,2565287145.102572,64140522.15766151,0.5625121048633843,2961.849213914853,15.655334006042253,1.5261638905173593,34.32563484445352,0.2521950043642566,0.0
46,6254634.231476936,1033335.2000509836,389734492.3758682,22707397.951645453,0.6941090789880391,3094.042913997767,9.255752729344366,0.18677364691205814,13.014444584721446,0.21570446729926818,0.0
47,7682114.509054136,2189749.355546168,404414325.81123006,23544673.132525414,0.550058334943917,3384.583908631579,37.47469434503089,1.500694136772108,32.44684151467955,0.21774255269259335,0.0
48,76035019.47207144,28776958.767095484,1375154024.9988456,170159916.21956733,0.7144294083218917,3598.627622774505,7.381056048377764,0.07906901705474426,5.690299968804173,0.037331535744015217,0.0
49,13563280.999578958,1073740.419160473,2598285591.294086,77083681.45096907,0.7151936754347302,3436.7645807733784,16.165977002157565,0.8283265371739716,21.68342554349162,0.16033790531674955,0.0
50,15174840.894362155,2203095.1327720997,2073907292.7240548,73512618.42949137,0.7187676470241522,3048.0815429598606,96.45901822693452,0.14989605698518282,10.329174321484281,0.18221266652551818,0.0
51,10456708.913040604,815161.2916427251,1742895114.1352658,57494215.46464898,0.6166132005022212,3878.481347996901,6.694598092854288,0.7218831687369764,14.20992437088941,0.24357674323135478,0.0
52,12157627.454343472,894115.5847276201,3039894026.682026,74786720.24743186,0.5474133941045438,3147.2371018995946,40.981109547905156,1.519550305814753,34.041613252138674,0.28632220893809446,0.0
53,17644696.119516652,4963789.053592119,1190554086.773278,64206667.84319588,0.6247202475544884,3779.6359539329624,2.335672928101872,0.06590399061028371,4.649968909383776,0.14286230457952948,0.0
54,4445350.288904799,628853.7628190245,253638255.13550496,16799141.7340979,0.8060000844233419,2515.880591948793,31.57704415916955,0.13429203155342845,9.60005442856429,0.14587958243089613,0.0
55,51209826.28888241,5830609.630828439,6081583747.388676,237368368.39014435,0.7444821111522909,3119.150960550776,552.1417616967115,0.12443052904039967,8.960397078795955,0.4301404502905302,0.0
56,21520.844676064815,3587.4033222579515,4249997.963657076,109427.64464055069,0.6433651614673379,3915.814416318024,0.9540185084470045,0.16353394314305064,10.855278854444856,0.30242121782845377,0.0
57,6596198.835693466,1163217.3155920024,397645131.5644033,23797804.87289283,0.6443529940356103,3839.709039905175,3.7162858139955035,0.08615811294724489,6.051061144836661,0.14413265560542596,0.0
58,14681.434745251976,7268.8799844227715,1850613.6599449147,50785.55514977507,0.6746386434436006,3538.465189062833,1.2596531772471793,0.05039774803676815,3.4813241132585517,0.48677178246960673,0.0
59,32276.580736057967,5605.515659921812,4661886.886175484,142605.98935594902,0.7087724521296039,3668.8572826478385,2.580772861765581,0.2190617456629827,15.588965383778344,0.158174228614948,0.0
60,3522.0182588834787,656.0028262539681,1136245.7369832655,19948.708377869643,0.6459202734385572,3446.208994342428,0.8024220773659934,0.7107589372728876,13.313380785934978,0.017491934267362116,0.0
61,29648573.165861078,3292311.138487281,3034190755.734488,134945746.46935356,0.6980386593306335,3884.44292680397,40.826019416455644,0.839258874422524,22.33792278367128,0.2769119410268169,0.0
62,2445399.3102490418,172961.14250854548,690025227.1645128,15571765.822464755,0.7177696554302474,3584.0978528122287,11.825678650348758,0.22211611202528925,15.830635311591573,0.32145372746148426,0.0
63,5131.321960357356,1420.9324619510726,1395908.8022655218,26358.56298269869,0.667253603804462,3527.177063375962,0.9175957230154431,0.060905632785609495,4.515865949159315,0.3357278176560258,0.0
64,11557313.348730307,1324265.8628902927,2128936752.1125462,59554349.759859994,0.8097321522960101,3429.794254300914,20.22664181283379,0.1482158647227699,10.579235780626764,0.3020465418508786,0.0
65,4335329.894590535,790836.2527016925,230718804.9066854,15515450.778151423,0.16565622681484463,3958.0804615911475,2.2980130876991196,3.4730410909815737,60.62453615892399,0.16620429748429913,0.0
66,36087429.41156791,11412535.458872087,373222502.20977247,77806759.04810016,0.6387541509224424,3553.202169321081,5.898906716702848,0.09184190656588172,6.702572181182563,0.1238823706505474,0.0
67,3688445160.201387,985670627.3529885,54492657745.2345,8910135315.076355,0.714911981184437,467.04348031003667,25.219238610549358,0.09824958897580434,7.022716258918099,0.07337870487167691,0.0
68,20492.066398134783,8080.114411792916,2204730.346208914,69086.45180446743,0.7496474906843804,3601.378690957117,1.749795344807446,0.0974980641891258,6.752655912174623,0.21913158921098555,0.0
69,55944.92329598195,17456.957767402357,4697244.598515289,180843.0344930179,0.6663126934753916,3597.3730557239583,1.7873036019512072,0.7786258570127773,17.799544140265432,0.33360406293653133,0.0
70,7719.437623621668,2200.220296948167,1685450.1943738274,34249.106409287066,0.6414561986688779,3729.421311233352,1.0221666559703868,0.7702503408180014,17.08579297483915,0.1876607990909381,0.0
71,189001630.07469,49671395.261823535,8010167596.475412,564737805.5256572,0.6772187816651735,3209.8662970301802,39.95921080854105,0.09209954940836748,6.928053943275185,0.11834668142337507,0.0
72,16109921.542511184,1607049.2142974033,3212136164.198542,87072410.75541908,0.7222013029161174,3694.3435144243113,38.093116280375625,0.21647031346255668,15.328931841446703,0.35888482826718343,0.0
73,2118.7262449310847,269.03259137175974,716631.3588079333,12649.659110512763,0.4013674432227381,4381.5209490956095,0.6996001639756136,1.5533333111457885,35.35749397162741,0.3647184090979987,0.0
74,33381045.351283677,7138311.039403474,1927667477.2408764,117581001.96480966,0.6850919792030302,4171.3181152215675,5.071743305014475,0.09254163873143621,6.778544851561956,0.14628471831037365,0.0
75,9817908.435494501,926432.6699811881,1333559300.8343525,49643521.34923786,0.7371880759024976,3435.6397484415497,44.69543485119143,0.15020703959905646,10.365507389524332,0.15150511615738885,0.0
76,7875.183196888922,2387.805459408804,1924522.738213942,38570.260322554495,0.6536497929662897,3825.5263223228176,1.4323350566186601,0.7324893084699601,14.704279990581293,0.16305559900546204,0.0
77,7110726.410535124,862265.2464116303,684691240.1668495,31700353.876701612,0.7712104865460165,3214.7974355116194,71.19353267057863,0.1485386297740426,10.121845190179343,0.20785756351553691,0.0
78,2546859.4100841377,401472.3373643334,158240013.4315487,9625024.450205814,0.6830207422863838,3954.6844016337313,2.423274808787786,0.13665162788287813,8.872532500170735,0.1468223024222044,0.0
79,517.3221701785507,66.68305877453615,342292.49145862344,4071.9833896001664,0.08770064301486476,4100.390576079913,0.2954681934228384,5.4313613611234945,87.71171491210428,0.35065944404083793,0.0
80,25006.038736498147,5178.187810957937,3280696.2907194872,105448.86878976403,0.7263137624788264,3892.875496640221,1.6833676074634536,0.21321428156697397,14.643177459349943,0.19975213635354272,0.0
81,1159647.05824147,595377.7151881382,50654567.45051682,2946427.315439259,0.6941552387802381,3744.825306154744,8.064123246642614,0.060850027142150064,4.365872297176956,0.12723916604700888,0.0
82,8170246.699298022,952892.0096907106,795269837.9236677,36527251.50422372,0.7622416083527895,3583.041580964917,11.108882113105306,0.09978481365090683,7.065214747984823,0.3105913809776623,0.0
83,27136.327009332854,8422.10505968534,4876122.663850712,121804.14667773736,0.6360672133930829,3878.212289243546,3.7688487788270346,0.760239893271505,16.868854384284685,0.3874587903347913,0.0
84,5205.312111241028,1248.2314641302823,1487595.1578703427,27714.172538573494,0.6479711765948104,3823.827436300535,1.2545162990739944,0.7714405176706549,17.985542869894942,0.21142375120371454,0.0
85,553260429.006785,106332373.30236924,69986396556.01964,2484122072.416798,0.6575838837703272,2891.6927372489354,14.739198357959157,0.0757730487322382,5.478757336910441,0.22403911535679158,0.0
86,992971.6156337972,90217.12490008741,149289100.68479538,5169964.913928423,0.7284120500553636,3926.2339328242074,7.1528807773964775,0.18641905698762304,12.579113982233048,0.17633884006537232,0.0
87,22755862.885847054,5172154.031435268,572594032.237366,62306940.31422949,0.7075104198124058,3414.4746854993646,18.351008074000685,0.13814628405454066,9.978158370217148,0.21549002722038926,0.0
88,2731770.4089859547,464184.38006513834,265732292.94290894,11279460.24329969,0.6371845775681776,4253.906170622631,2.2072327314884554,0.08410389136895188,5.307234011888973,0.11249137250007597,0.0
89,23412863.96457658,2624936.4011236927,3399610181.1131935,115403037.76387385,0.5038560486710306,3360.3703448969763,127.00162438356813,1.48929518580742,31.756329862973438,0.1807879909320219,0.0
90,88241996.80477896,11045778.283932101,10583025711.831995,411331030.42224795,0.7363560894171495,2891.6055488056936,298.2523666236153,0.17028726444924064,12.037245763996001,0.18949800917631301,0.0
91,41387406.41531001,4016702.1009361567,8454853672.938425,229211366.04988194,0.7037167044858527,3708.881327085172,7.136978363129472,0.08426799915640189,5.9360597723075985,0.20730583886992313,0.0
92,1342559.337790607,95926.23600070024,471151649.94883,9079426.735795727,0.5193136902988926,3136.36649840886,7.370502523461314,1.5330927780012193,35.04472269153088,0.44019780365833994,0.0
93,4137.7189836845555,494.4815508669295,1382126.356850535,24691.852164964213,0.6001411226925155,3756.0299736205952,1.5680972196226572,0.12471206286810288,9.360515000415191,0.2934112898165994,0.0
94,13202.69103088064,3151.703161038299,1893437.058890231,52971.30339616169,0.6204293707657886,3657.853725873195,0.8955586383957496,0.0791365390519485,5.571619270715945,0.28370553521179853,0.0
95,6226.053224080204,2721.276566086942,1161102.621455152,24795.353175925287,0.7137000228665158,3532.3748485811634,1.0247972859458878,0.13768304013851312,9.485356719890861,0.34464208479140906,0.0
96,1534.8287029199164,138.1029136050809,694901.7610461642,10448.39730093137,0.29109670910636726,3890.957576503588,1.0010086030457221,4.085642384248866,67.0775626625641,0.5577178509883441,0.0
97,8615615.052048959,998527.7242085354,979243674.7741406,40374894.298470356,0.7475646823398463,3342.360731098135,66.21206846785252,0.17773209075734142,12.642063632490043,0.15624168078225342,0.0
98,14304746.133176606,749547.4494973856,6256488557.878852,107085351.91467316,0.6611695552158396,3783.568187000241,5.178305753291856,0.7962347821937178,19.491802070176334,0.4410060556940138,0.0
99,2112675.6913387575,200061.53473987992,341475394.41836506,11049693.803479232,0.6555930076107985,4316.248860694952,2.5713646704912483,0.1075539341406115,7.503443119533982,0.20268309106836557,0.0
100,753168.7405024016,112274.19188679082,43230425.148557715,2763133.6864331136,0.5277746978189121,2950.468571913878,20.13126272678029,2.2217236060903494,46.35026927067565,0.24004555461320753,0.0
101,13105577.056325177,1543343.816229193,1937259181.014124,66194573.48110984,0.6879607201517672,3637.5260231072166,12.673169616260417,0.13790040166040257,9.394078957590507,0.3662536342130961,0.0
102,80381618.54548906,29130768.01692059,2076427477.0159473,208401448.28480697,0.700487571952608,3735.968928292199,6.2148272589336155,0.10610781882833971,7.542117405632726,0.09248259638507454,0.0
103,3513686.4830935644,707077.3135815167,184021096.56160855,11579703.654598307,0.6949698154863284,3902.6643097947263,7.952902160897456,0.7289349525694078,14.652293406488633,0.259956159779198,0.0
104,20910697.598161206,6856266.294368881,602346729.3319232,57526479.703670725,0.4045776661167677,3546.6360690725915,3.885093275309776,2.160666102910895,42.12723593541382,0.07470659210072321,0.0
105,8241823.479926139,1102954.4024410963,628289163.7824628,33372916.40779225,0.7246682501258194,3553.805732271143,23.687738088363812,0.06829169644585856,5.164878189514866,0.12397643395302917,0.0
106,40382575.6571268,9647448.141407916,2042545390.680387,136855734.53151718,0.6720985328531047,3589.287139020164,5.160160587525186,0.1565157398595156,11.044841232359277,0.09862184282886347,0.0
107,17784853.733062517,2868680.6388696157,1078683487.0160902,66208312.24273783,0.6424655552117065,3950.9058050406625,8.532215528972594,0.7381338283788285,15.703666848157274,0.08502842030793728,0.0
108,3099847.312262208,534328.0459417672,126171312.56120872,10389006.93677124,0.7468079198366191,3454.5701268850885,9.982129404265839,0.8177194816933102,21.264934113481928,0.3512973732801354,0.0
109,22356.707532206397,9894.327015172848,1706602.007520826,60050.04865091748,0.7612407647887484,3232.8162765243133,1.9025563233356426,0.10620416845273564,7.653616086894099,0.3116888717708328,0.0
110,1221032398.1686127,533782312.7871412,15364181202.668524,2336248105.315669,0.7477516393635361,1935.1593442445283,209.5879961589303,0.17284718746894398,12.49641351521764,0.2755526486300407,0.0
111,28622785.12395052,7212451.550570634,889777895.1601181,78253762.8282922,0.7810626441351919,3591.6603400406666,105.50017048447103,0.10047108337237018,7.004399996313052,0.10270827639581082,0.0
112,186760782.005954,71240361.90219092,3238630953.671418,409434340.4152022,0.7127611303606686,3504.365988290122,17.989757550080682,0.07750720058966865,5.680223547510707,0.12726350161807962,0.0
113,2295123.4786948054,524981.9827987596,95665866.46356338,7208311.293091561,0.69922230222096,3578.241380024884,6.8192463716989415,0.07302695578624467,5.201074064557804,0.1602563359313624,0.0
114,90830.05644759214,86854.17890865222,2048416.53950205,127776.8405906151,0.6696435936425382,3577.6691369783985,2.1989637803159687,0.08289153313240982,5.884848074499736,0.22242603565306818,0.0
115,683801425.5251654,424932835.04238397,15295330224.394573,1355118560.1392264,0.6656519892279394,1298.9447810247325,9.504462642647596,0.1291179354706995,8.89140404871551,0.20033912963422218,0.0
116,36531904.433255464,5398454.97581145,2453178315.3902445,145141324.79012388,0.738456759090454,3676.649263325394,11.316010999390706,0.11737706975593012,8.493959779689797,0.10434949974668707,0.0
117,399021775.00820357,75620324.44289514,45459051559.68106,1722895927.0870616,0.6704848097617055,3288.0880742175987,13.630541019461425,0.15325504008781038,10.306509923637389,0.19544861586253243,0.0
118,182306447.8944615,32197155.224861015,6354627847.938883,584391819.9553375,0.7105496082492297,3768.7476018798243,184.22574405941637,0.24502148758733844,16.753614042341457,0.135599225059812,0.0
119,30316885.644378982,10425234.613703694,1087177530.6907933,82024546.45007335,0.685029626869646,3843.125713185234,5.122725412112919,0.17039690073148056,11.716050228325896,0.30563357498650817,0.0
120,30513863.976670016,3685862.3296702593,2652125210.910636,131095431.6634587,0.13633951372026792,3732.4607917615617,20.70846684724553,4.168904236842453,72.93099680858117,0.13706597627559625,0.0
121,11459673.705138765,904626.3007583661,2220052344.616462,65350661.00570428,0.09361151006218775,3200.1548977211924,81.26619952531628,5.520701361602872,94.9363308651857,0.21149708766205047,0.0
122,3493.9265827350246,692.7674580140856,968934.9948490724,18429.45815133546,0.6312773915183645,4350.472104159997,0.7017768841539469,0.10293879967952461,6.960874525947313,0.14566639334921502,0.0
123,28012839.895911716,4438266.746265212,1882511305.3861084,108247587.97872964,0.7455620770179452,2781.8695118633786,128.8587145069861,0.11759384320296178,8.591868110040142,0.2440056579572042,0.0
124,490390.7319745392,53226.499719132764,78140613.54940765,2509378.425444356,0.533772769708375,3436.5859645835108,3.189332377788798,1.4825445643623367,31.235713162284707,0.2636541293818642,0.0
125,1098244.0159231252,114348.45613230365,148799045.25492522,5440850.048380731,0.4074330992505842,3958.6627981395054,2.3775647157470936,1.5749369197038612,37.2542007342372,0.2824087550740723,0.0
126,8918.02859974965,4056.045901150669,991984.1042583056,28807.49158920361,0.2826280260702422,3463.297982089546,3.2180854903597034,4.136654057125073,70.99539995956886,0.476048961676974,0.0
127,55820534.725670755,8634487.969283003,3476998685.2451696,209073740.52510563,0.8217019826627595,2042.6196136046788,281.4941852438925,0.16226095794576728,11.654632097082446,0.08801767392333548,0.0
128,7630.687895011537,1631.531952005838,1750332.2946546772,36834.20116323633,0.6571285176995249,3415.197627825242,0.8317471050495078,0.05108694530582385,3.5906483511518035,0.4210571571884645,0.0
129,8235.1833713622,2470.5480156470867,1315774.803225349,31664.050903067568,0.6185370822291327,3653.1013873345278,1.0507209532555448,0.757455681369809,16.610009943533193,0.0560434791650742,0.0
130,797156509.1590374,147582961.97097838,30683541555.60036,2580575964.6275325,0.6998523863488758,2342.532890413638,10.745625889854814,0.13875459507690255,9.65245323983822,0.1402699228310747,0.0
131,128316646.10083535,35733571.017468885,10488210577.27206,471422487.74827224,0.720920939642733,3770.4709860047533,39.660803492984414,0.1176432454827446,8.687618458705455,0.17243405887913507,0.0
132,26232.00015574033,4588.178365399015,2184324.7437818325,99360.56690340118,0.49206386262086055,4404.954238686822,1.0928705278755897,1.5090468091640017,32.75499885890973,0.34564731490932243,0.0
133,74748.58991617154,20272.5826325998,7811418.569354499,277817.5025358209,0.7275032020803521,3981.6581774166557,1.7709542685511916,0.06083864530076886,4.510641187988955,0.3746833952247063,0.0
134,52992336.36063139,12407804.919763803,2582889270.9968867,167002173.55242458,0.15995171515210665,4032.1498250554296,9.993222415297094,4.8241753121786415,82.01119262728405,0.1606155361254414,0.0
135,31619997.437878378,4606461.905857367,2152470013.6304903,124935772.06879136,0.6032972180064659,3881.900090951167,4.1548819835148825,0.07512363416168873,5.57350970319275,0.06804881106065455,0.0
136,65522010.19317832,14507273.36394856,5730308098.32144,256304856.1844635,0.6563391844738578,3464.1563036213506,6.688726435397703,0.09207980914042686,6.464520185901371,0.1919163986304976,0.0
137,7347.81702694119,1185.475483549079,1732268.6191089912,38291.59427441725,0.6512626517655096,3704.5085414524983,0.9990310260754535,0.09357159963877341,6.480419814878784,0.16820845551995456,0.0
138,6132.161027951696,755.2669706753616,1766609.719283528,34649.70832463432,0.6585459479984885,3753.1155476474833,1.024871595306694,0.13210259586952455,9.163567287128062,0.2348098846679112,0.0
139,144900158.48824412,41580704.99209585,3104684588.483537,363127461.93859875,0.6913449549997825,3902.942658319615,5.535742632971195,0.23868394375730978,15.44556125192905,0.08119382184546266,0.0
140,25336332.457428038,3673892.3110015555,1535268419.1107724,95881995.99479246,0.7008837922079627,3852.138049170149,35.3674870962791,0.14543524548408432,10.481400202891603,0.13595890409451702,0.0
141,6536.078909689233,794.9464939719121,1982570.2570660934,38241.5452306957,0.6927220286188934,3644.964858324298,1.6547805093129695,0.21256529500026788,15.019292196869316,0.1183060757123994,0.0
142,118090853.62303948,9009386.011779182,25496780355.290012,697882561.7644236,0.6662462275269985,3704.8540639036755,8.335518394144449,0.11843667873037518,8.647925042992023,0.07600525490680854,0.0
143,8241974.473282133,718811.435479365,1366900112.1406932,44106345.221476205,0.5579396632259065,3972.1801800344338,40.64829979870926,1.5202540271540226,33.86758760606645,0.30119031589753487,0.0
144,3502.17596686662,721.281289253326,988835.611889964,18117.643474741548,0.6167274331381005,4073.718061443984,0.6824397061639015,0.782900471573321,18.074219252114364,0.15257044384583995,0.0
145,211650.06355900006,24372.288219677594,34189170.63991029,1061619.7415724243,0.299556635629351,3587.2441237717926,5.706986648438474,4.1256270904202905,69.94297610265295,0.3366997375627907,0.0
146,15136339.072610993,1553127.7533055344,3187223641.8226595,83812294.49575952,0.7677854220061592,3386.6596272012603,21.291805382864055,0.0298924138204689,2.236581366421285,0.30924347851069184,0.0
147,2934343.883606725,525606.8978562672,286457072.44479245,11722844.847955985,0.6791878360085376,3569.1689819672374,4.1321617770950905,0.1702641961730169,11.892995382428747,0.18216084390627435,0.0
148,8860534.143892016,3321443.888461594,270267729.9073781,24091568.279509537,0.6554027160977389,3502.731161783093,5.932320427265213,0.061348803206654964,4.438641511397091,0.10256178690716264,0.0
149,49689014.274581864,7293949.927603205,4202395178.380796,200485264.30450478,0.6275051680984876,3527.3310790271403,94.45671197972189,0.10674642539987148,8.075198337723748,0.0551097477725469,0.0
150,9465166.127115076,1057728.6755295196,2044013398.9952385,52939296.93533307,0.7088851032016373,3397.1690178877484,32.893731814048834,0.1342377875014451,9.999512997997844,0.33860490487974243,0.0
151,95124758.13477378,11551398.048898244,14217406710.005894,483007347.7959932,0.6521443010355874,3309.0080806304136,135.00993341305647,0.22170990636745183,16.146541405176684,0.2640479846502107,0.0
152,652606.5541580952,151496.95491052928,22517707.431020413,1868212.7989689508,0.674395401832504,3438.030641685687,12.202735485773301,0.13578904732206426,8.896881053322414,0.15036381191827797,0.0
153,460893.3914991903,53467.30642917814,59417727.10927252,2161091.7600622317,0.686301692247042,4052.6894684859726,1.5382785091153672,0.13712602745628227,9.99557125424887,0.22864456415173195,0.0
154,22098672.09672897,3959306.9318855656,1165977925.1085036,78483045.61189984,0.703247686006432,4113.238513073657,12.892831136104261,0.15049217814097543,10.413082983856247,0.18523274551733585,0.0
155,11114.190949327734,5376.518849426469,1404644.1293039985,37511.33505786223,0.3108936839759419,3504.287130058325,2.811038854673563,3.5186066655979253,64.1434482385864,0.5304766310395508,0.0
156,7914.201230642415,2354.090190251031,1981698.0857658726,38180.92937452057,0.7430835256120474,3688.597751493389,1.1729955802193515,0.09823480493117351,6.535582643444765,0.1758326228057732,0.0
157,14036442.277330283,3502936.8336685584,516650434.7486057,43089048.46882379,0.7972038389010632,3419.155068764708,45.04988167248733,0.7421703418995306,15.86415307534458,0.06788852421163756,0.0
158,34199275.60184226,4671278.199952955,2220932263.0373907,132923980.36481044,0.7506385745883516,3900.204537968918,4.257865462236121,0.06575662983483958,4.8915934800450795,0.21970184702164627,0.0
159,71426.6506539509,42877.14844950814,5599699.865011601,198732.82745594555,0.7601238461789033,3563.8772946661657,3.634879722006576,0.013558680821594926,0.948573029121522,0.5925688451576226,0.0
160,3963619.4362007,745791.5030581106,124400246.6782101,12226101.291464176,0.7000821734498923,3405.626423448848,4.35789591936611,0.13961572810570927,9.85720444739464,0.13668312588704531,0.0
161,6195.223806673366,2580.204204158099,1292844.2235282764,26458.12979816003,0.6926834084311053,3589.8108052736607,1.3500271018009227,0.20539616794305812,13.978358635081221,0.19760296825778306,0.0
162,8602.862947703485,2117.787110911464,1971017.1522613275,41899.62629716456,0.6705973941062753,3624.9768561816927,1.5888274412450651,0.1474188759619417,9.849187725127754,0.12084919051684737,0.0
163,20378.29044772704,3816.4975502658067,2733526.3135054642,91386.32474701894,0.3937731960094443,4291.178424969199,0.5897242383218606,1.5704575612260117,36.138400049915724,0.10102886195380638,0.0
164,44471686.32874088,13316554.741008505,612779317.9343945,100647003.5180517,0.7725594985503608,3349.968139138208,20.365699313393996,0.12318381103292406,9.013000330233192,0.22615454401560844,0.0
165,825394818.6022513,98738028.32882798,68323034377.894264,3504278881.5786943,0.6876655467271199,3060.49176702815,9.022782444352131,0.0556381026918781,3.889935584832422,0.1725202070489347,0.0
166,7811.44027749871,2731.215152248539,1905744.027646883,38369.4778438536,0.6578701388176553,3670.8174385807006,1.038053936271376,0.10059114724615811,6.985791041374014,0.31740394743538125,0.0
167,8494726.99749056,671608.675540857,1621853926.1377046,48358923.04079694,0.7333411198819233,4014.470976850507,11.41766317334038,0.055223753408651266,4.019614084533866,0.20628600230427502,0.0
168,7859381.037945494,831609.0050945254,1106663046.805879,39396986.37826668,0.40378268918551913,3581.205747984419,50.53669384004539,2.1275416333084634,39.80474945422385,0.19669135106313837,0.0
169,6490075.833709119,1062915.7837140644,365600060.7917455,24161232.443811253,0.43093945025761543,3827.0748237472426,4.28113442650327,1.5227683803835501,33.452391377862575,0.45598658199112935,0.0
170,111160449.65527828,20034694.279794406,5833667682.095316,384627365.1290839,0.6930883531903457,4244.8432391961815,6.962131769014342,0.10589512426251746,7.306991134355064,0.12204522505908685,0.0
171,492240938.376753,75245144.04670721,37859221032.28892,1920790910.782083,0.6924267808989584,3817.939316165086,11.821113630903552,0.07919964783211438,5.476438296050136,0.16177042801792416,0.0
172,6901.770256541068,1925.199120356801,1564865.4446827825,32415.807826604356,0.6656023608939516,3557.297205958098,1.073119598292425,0.07776553685458146,5.617200589880115,0.2775261296004465,0.0
173,16933469.464110468,1198807.1491762046,4410223180.61061,106032988.55606067,0.7184890262346173,3436.552108247385,78.91844691740944,0.14080112485728663,10.245948116576262,0.37083469455752205,0.0
174,27883032.635823734,4892468.645714779,2079621765.220667,106370946.81739932,0.686021704556038,3846.998793568985,3.6991566052598075,0.07998552022328269,5.799828802933995,0.06293619685061284,0.0
175,114050914.66044822,26367652.705205344,10269771847.284216,435949361.29280615,0.6789489023046663,3307.729671892932,8.425676525331696,0.09892836798855145,7.0641398645242415,0.20897170134511187,0.0
176,4007.7233185323253,1209.4913544848052,926518.6023083826,18117.876242906663,0.629419310001067,3352.4342873570195,0.8351382379157192,0.09353692075904183,6.378079971602345,0.36132688110629874,0.0
177,6758898.10709821,893029.7852945905,568415039.3687665,28606075.444855757,0.4091973804914774,3745.0011378237327,3.176802321960295,1.568765746872034,37.1256109046604,0.3676586513978222,0.0
178,137175936.52398437,26196489.0490507,10293542991.227432,510893889.55237114,0.6171984825933159,4104.196286844743,5.2861068582446435,0.1505707172323974,10.075346897125455,0.1908805631763337,0.0
179,13532968.148688,8357278.050021304,806741053.6413226,39309649.016261116,0.7036738821838603,3597.2398515126815,4.263944844595356,0.06250127489822307,4.529754229946623,0.06441123609158331,0.0
180,7884287.748878159,1724156.728769206,561018360.5307207,28220263.490826022,0.7363891477552837,3745.421411257247,12.010958290088833,0.2689848978176516,18.82487817802322,0.2777501824843284,0.0
181,5972.616797216843,861.1403208040749,1444563.9643075739,31487.30052880094,0.6462341973535732,3766.9857272921445,0.8711710376321473,0.15016071707518516,10.411543629456796,0.12900197912463787,0.0
182,101710235.52166185,24134237.54125408,7402418343.58032,362132242.7815328,0.7139962347564939,3489.065174477266,9.588716065707604,0.10598591482916486,7.482701926296327,0.15591945630794957,0.0
183,4768886.42512681,490769.3546826087,650580681.0435771,23857969.785250068,0.4458950743494759,3318.670070693281,22.01415353661732,2.095216633218058,37.27904059870023,0.17021677819023326,0.0
184,556244.8979617095,43808.910004254256,139169875.11594978,3359446.599752889,0.5012096983895222,3973.1531881912297,7.08877998601185,1.5990884707832476,38.77427777979542,0.251309068354299,0.0
185,10535362.817978539,781854.7814954472,2573054615.2686396,64178549.946619965,0.5233676965091398,3046.275467715622,11.490453868716783,1.5021386055326889,31.923153705046815,0.2841548184405073,0.0
186,10170384.756386872,870528.830177523,1421062425.5610385,52566596.738066226,0.7113286211929875,3761.9274957807506,7.302949251294821,0.1394924946457044,9.752114116976397,0.15174030181267498,0.0
187,4493.320803473811,1168.2526952896255,1124408.6218588043,21408.35462847897,0.6354411858229433,3526.0314897682965,0.6218361712607443,0.076214736822428,5.433591673230604,0.0973801938515148,0.0
188,2474.7807970608446,223.94184841730845,1282677.5267511257,18156.38223071396,0.8057299413587249,4006.6764141235276,0.556897483274923,0.062248392096466175,4.747907582543237,0.23275355573386702,0.0
189,15340079.229872037,1551411.278270164,2718667062.079507,82012576.56598148,0.7111758756085516,3154.7921896599278,69.90754595890671,0.04271604299811234,3.0205967416419894,0.23847568738622896,0.0
190,9822763.54783358,2423483.610533124,403943075.12696946,30889788.268577874,0.5858714536076548,3863.6385631870494,3.4296653875850955,0.7461255883194481,15.719896406560043,0.1209102284498624,0.0
191,16648982.899833754,5411969.000882699,397423520.152223,40965191.465104535,0.70125865789076,3677.8247778592977,3.840169262952646,0.14242351759612157,9.838935359881889,0.1091149590619785,0.0
192,60250599.88272147,6617185.815951889,5013874469.986264,262798224.7095584,0.19198412577543972,3863.3491762361364,13.624026528998948,4.807400899296183,81.04527006372247,0.09102822468046791,0.0
193,6592928.0321322,2933720.0495117926,334645337.2601422,20433335.918245766,0.6728928651717474,4032.2559590693877,4.4577549468383495,0.1437817696279339,10.281459652243946,0.18807919199752843,0.0
194,49661359.127412565,6642048.593064786,3218874187.095435,196192531.9606078,0.3304709547907874,4069.1824436181287,12.528541248337858,2.287736336258162,50.05976778399411,0.18635981950576727,0.0
195,3151.1060562571547,928.0130381501953,819510.6852522014,15439.421993368082,0.49007922267193493,3335.237837496189,1.3809523044092662,1.5334005804160127,35.02701274613683,0.3383719270016517,0.0
196,38901.56531061443,4661.307316590712,5677294.536168871,180429.13481029382,0.7251083407240768,4064.9360079342987,2.898191795628907,0.05537345576061057,3.893506090122645,0.32022215126212533,0.0
197,2228.591980216035,432.68904236643647,1031755.9952198213,14864.37632789159,0.6724489356603202,3906.3277379532547,0.6396785105518764,0.772757039177396,17.930549806942373,0.20485302157098909,0.0
198,45876174.785759225,11717674.770310782,976464138.1862373,118252096.53311792,0.8441029510433502,3099.715116561346,101.89249940703026,0.11647969684868924,8.573616743832591,0.13089084384849964,0.0
199,544169.0873848961,80439.89030128373,123838608.12762432,2987195.0134598305,0.5289913666574438,3938.6490023242836,7.738136176558993,1.5894917170747735,38.05744535054099,0.3586710363180084,0.0
200,419415.7265605776,58645.14547450854,27273123.09501766,1610406.1521318234,0.7840203538710161,2907.5749161691942,9.831875679104257,0.12101007439302994,8.836439122795793,0.22518584695719004,0.0
201,35945.588021388896,30708.667445378884,1176176.6049622532,59416.72822306148,0.49910513629957415,3592.74781398573,2.0556537159439663,1.5133597652396797,33.01474913750968,0.22038343729520976,0.0
202,25692562.141347125,5234261.780998876,1308349726.8099363,86135469.90929934,0.6484747390860262,3558.53179925165,8.771550528306001,0.16664632113285985,11.025411991376247,0.23718619625270565,0.0
203,8096248.019916798,551548.0668275413,2085893621.5532765,50780446.49744294,0.7587928253655334,3027.726649389948,4.607159258701158,0.0811492037604773,6.001276531970293,0.29998902891248325,0.0
204,727565295.9077048,249606761.76244864,14590922254.482498,1679627348.182445,0.6678212995135114,2630.4670704751175,15.755213183168495,0.22747097105731723,16.263617569937757,0.15422289628019153,0.0
205,120416.08257116182,17872.11716091991,20479307.562102772,607823.0517910384,0.6275632423824696,3999.8562625895843,1.4079636251383738,0.23139377832619995,16.1407691279366,0.22827435238862104,0.0
206,17896473811.439568,4116222560.5610137,367914148740.7678,47979662994.33975,0.5945090670341682,1383.8686302772953,466.92262504263505,1.4052792005920811,25.433800703668158,0.08142555219831406,0.0
207,25347045.745728664,2915957.6889630416,4680493323.246434,137362001.76471657,0.6415653027757612,3670.172454974746,5.5049461302103735,0.16741983264537658,11.150794880645277,0.11979332905078434,0.0
208,11412266.676222246,1165471.577889012,1653844030.2731347,58313763.194502756,0.6651753758917319,3794.2146014114023,4.503634620393896,0.1243905891095654,8.332011670052493,0.2007791430634946,0.0
209,15960312.205179263,860966.8974874526,6213531963.824244,115460566.68170626,0.46227085847043964,3300.7754094734473,25.582138592231054,0.20309117832826526,13.696838206482695,0.373555552923499,0.0
210,2476.869471881488,408.265119847072,882412.634752598,15293.433236077408,0.37787604369392674,4008.7236172011844,0.5814967709784035,2.803849393940473,50.08937481448001,0.15858880621603944,0.0
211,2752385.6872193436,180771.73207051895,661385258.4328243,16965064.364902683,0.508918694175064,3683.187170756355,24.96350786391583,1.4714642549537778,30.449434487612354,0.24465114604782848,0.0
212,2582.072143395828,662.4209188486867,914099.6277899364,14775.552856270393,0.2623782144827792,3840.5057957144263,1.2388171938604977,4.131889440664599,70.36478958424631,0.1403982675730581,0.0
213,70630459.53608899,41139556.27849436,3790897659.760582,202605002.19953996,0.7873706318461264,3660.968077603272,87.0732769064186,0.17634568136826373,12.931353613836695,0.23304487730740162,0.0
214,8196.673287125592,4060.7152498838136,1100362.4241351527,26792.031164838154,0.7705041493917182,3550.9189636412248,1.3163192395905243,0.18865902345725774,13.460525833375453,0.2236444833669854,0.0
215,12481021.080473606,1464226.2280834601,1718154786.6402924,62092364.251447156,0.6950375320409437,3869.889702803728,3.8462437285578215,0.12449306898769841,8.518213688163268,0.06903838850867813,0.0
216,1929942.2650799856,1403196.2543592372,24045645.977586858,3266289.3670156007,0.7614305377424978,3545.277296329142,3.686009373031484,0.04863360365454783,3.655793014451683,0.16895012375300467,0.0
217,6049771.618992745,1557937.665017199,472737684.7220267,22319983.08738762,0.6463594728094832,4043.922371981829,2.7141145907801025,0.17175792737652823,12.043128665452343,0.18042398234553902,0.0
218,58633101.16091013,5534273.939884642,6712067543.495411,284129071.9591156,0.7337169794002047,3834.258382584937,39.087622747468295,0.1286252051137165,9.106050964281227,0.19117954008302632,0.0
219,2573900.181895162,300365.3846523638,216537053.62672538,11060309.794783987,0.620176813519768,4083.297941254757,4.784440673798618,0.798966287878859,19.876764127850358,0.13973673619255988,0.0
220,8265147.011568678,636852.575646405,1995728248.4791718,49737023.02644245,0.5543192140912307,3356.2612984842135,34.66663492379106,1.4857243579270212,31.595461689688612,0.13072685157889424,0.0
221,40182.529216199524,14361.784066553188,4071226.5429643216,140021.32079367907,0.537063093173071,3681.1046961728093,0.9495431572863584,0.11153510224370242,7.40608393983055,0.1991728751245495,0.0
222,3470.9305821761127,365.81227883345696,1246056.381104478,21763.667024041613,0.5777207600305556,3911.722649110224,0.7045329407070501,0.8053195348536206,19.550750729553833,0.2714273704898174,0.0
223,1594817081.5490592,203849783.65219313,127535957269.9762,6681552158.286684,0.6288553518265029,1737.626747976522,9.957803063099973,0.11575006910120562,7.623830954055438,0.10145609441856669,0.0
224,54097946.08882588,5877536.52532188,7473150778.455373,266420544.05666742,0.646161871795252,3970.867521810948,4.816834820980834,0.13926160568370988,9.806326072621093,0.21088077789201135,0.0
225,13925507.285420954,1265176.1357920847,2765910582.1067476,78045095.8869345,0.7584993929372332,3074.008218562846,271.7152917847632,0.09455229978889727,6.938938491948545,0.24388139845093063,0.0
226,874033.4955171719,64007.15449837795,214555998.15112457,5366054.109474981,0.30506145989239936,4187.484942059102,4.425005124321284,3.469538935496059,61.06792164793202,0.17875472362223357,0.0
227,58073705.49766855,17509948.598184593,2691336351.790061,177524486.94244936,0.5506442299945148,3761.7343167352033,3.5075308170544943,0.866746624683487,23.600795612858878,0.24241611869495241,0.0
228,5965.059405406992,2192.9223646786068,1037419.2686535014,23727.000919639424,0.6754763937318503,3701.5470507713367,0.9843144546285788,0.7727813759794266,18.035711627273763,0.3350081968823673,0.0
229,4858.299067304608,732.8377718772954,1651927.3880067081,29337.975006915403,0.6561034701853916,3757.876545856172,1.028809434570624,0.10082684706803721,7.300229145132107,0.4531882877850798,0.0
230,84910399.74719557,17340748.81920474,2068839849.6035297,244987064.38181505,0.6994609477480431,3552.0952328867024,6.6389398887495075,0.113617537130186,8.176177243429951,0.14410568372245822,0.0
231,5802311.502605211,1199973.6258875446,238969016.02900362,18589517.5091895,0.6123689467099658,4182.5545076306435,3.3358931309691675,0.11091892641750851,8.297645123332764,0.03467014126985035,0.0
232,6409736.128238025,649508.0645225609,681800197.562428,30110454.842045613,0.15578175792819018,3187.65276709994,16.596934836090355,5.498805526095561,93.93357934748722,0.4134380863029341,0.0
233,996016.191244556,77827.2491796178,195198847.68265927,5663572.00782164,0.749357305456226,3805.108409012856,8.97226150303335,0.07040165703059831,4.8075791962189,0.20042854500294824,0.0
234,1113063.9490398783,95863.12706187848,191215208.44180277,5981859.827890948,0.7397703227178989,3775.4499152665453,8.179105077001486,0.0675513212385428,5.179425240282062,0.1994418571411513,0.0
235,12883364.881533215,1116945.990095171,2601309764.2748137,73393686.67404461,0.6936717987274034,3092.889855619629,22.25631916256124,0.845096386858813,22.824312874707456,0.14734172804161652,0.0
236,84330408.76261307,9497527.997077337,8382272311.313321,378452638.69626045,0.45123086285051955,3751.154704051181,70.4002650045601,2.8087343800621527,50.983886345891584,0.45319782038793177,0.0
237,9911.612451474004,2420.8288548755872,2061385.1841225699,47527.13142557161,0.6629548354522156,3745.163434420148,1.9141700242895916,0.10424311769340049,7.510955139752636,0.19676520685419768,0.0
238,203437.2397670771,20819.924116018334,22240723.404840056,942302.2774163934,0.5044822995585787,4167.090396957775,6.203142278948719,1.638291860994466,41.96372061490864,0.11043927756573639,0.0
239,3972.3876744293384,877.6830935749767,1118347.7037479104,20605.41188435696,0.643379758877316,3409.9715346043376,0.6334697721889712,0.056001966136539405,4.01002942863097,0.26003252533856647,0.0
240,12025558.102149833,1115147.273031387,1742629437.8934307,61909808.77864573,0.6698513476596546,3399.2857232139245,29.805040963240216,0.8000846937018103,20.01007947187436,0.18317614650775318,0.0
241,18746994.619839773,2966544.2521230546,1938869733.949688,82285525.96007124,0.4398841001645507,4168.5528665757365,30.374779946477332,2.787367403234122,49.345579077582975,0.11266753624696756,0.0
242,190368697.85527804,185779202.10580134,641202143.9811096,208234556.1296246,0.6170599713664876,1529.481052683611,30.951305272590865,0.1512258407997714,10.866234172484956,0.14506122271564734,0.0
243,110816691.81847629,13603158.307374869,14185410798.196583,529659791.8832146,0.635231399079814,3544.7756615317658,5.0986434861476475,0.18983791453969365,12.714559238772903,0.19709554835302245,0.0
244,33947376.23150222,11429705.104212636,1667133710.696155,103879244.60818407,0.659418315680002,3431.9241954100776,7.71400463682426,0.06016953833985674,3.662646202955453,0.2216069157784508,0.0
245,15652915.322563142,1551033.6314715843,2870616796.0941415,85290155.6464422,0.7549364082873739,3118.1400653440933,154.5684569361846,0.12963891740034308,9.225148091679921,0.28245217245741133,0.0
246,67804676.42340907,9663784.463083167,4810370650.095498,264524148.68635517,0.7477429294731631,4175.98355899409,53.19575414727857,0.14429619847347547,9.584958833651013,0.13519834287653662,0.0
247,308127673.7130848,100225180.4236189,6076448033.037771,743555022.4703894,0.6567832024901399,2461.4877662627014,5.40075983572367,0.05755232940337844,4.318324069495171,0.058948102323697724,0.0
248,1119.769984652908,142.3079181220985,492180.3965832096,7472.481809829299,0.21890528016214478,3953.1377586893514,0.7595718963844316,4.091734358522364,67.15367642962534,0.6852196376173907,0.0
249,13754458.97484557,2604211.2529553324,845754982.9852425,49673481.01881353,0.45568708377538536,3602.5881973981855,10.016022554434256,1.5140522664674645,33.61040831072031,0.29203904347152426,0.0
250,7455.875298974488,1965.8175706861234,1154863.9155831053,30123.06673165759,0.6933025402664584,3574.4021506414715,1.459203312115908,0.1379848648769939,10.158944302798869,0.5595779624348688,0.0
251,5266044.45213827,1122274.4868184286,306707578.4282952,17697499.41614621,0.6715049181609916,3824.7211285852536,5.0139458849310445,0.18870072569042734,12.737525369709699,0.23903605160511887,0.0
252,149047.6088864593,29092.770476434944,11590570.367976353,553698.5198463247,0.75208268419339,3745.6585274209974,5.181918683593688,0.07910480708413851,5.56526157807328,0.28978084651745223,0.0
253,8032526.395281596,708580.2153198167,1153171392.3533716,41558293.522019126,0.7121758565750025,3023.0644329734346,21.167437688682202,0.14175390607277888,10.436521682433948,0.310233311316182,0.0
254,7544835.196765436,768230.3650952468,848828027.8108457,36016035.73116426,0.7563933189919305,3631.1941217812787,6.76983518191447,0.04530984154865232,3.1267350053221605,0.12682498671252562,0.0
255,19147.50261473633,4717.833017757165,2289332.660324241,72705.39851555871,0.6436324322253243,3603.2067034110464,1.5469188768078628,0.21694951498747156,14.271441247865898,0.2483159963353801,0.0
256,6234.818737656819,1810.737431034926,1392650.0606627478,29416.32444603483,0.6215445331511611,3534.2811829388734,0.7441219386065882,0.11987341370470102,8.432152213955929,0.5269903298873848,0.0
257,7815.262104397605,4966.352573316112,1203015.6638907124,26464.236172873927,0.6556060795350922,3758.5188476466383,0.6329677797899672,0.14354709254116074,9.750889839603415,0.22977884331748738,0.0
258,21248547.370013494,4574023.304001749,1265341458.9441934,72057161.37915094,0.6151663049930948,3867.755972837965,3.3758239502741434,0.1186240907042655,8.28871583853254,0.07397117214665776,0.0
259,163122457.3255445,15324412.392393539,22013735911.43557,821864722.9305618,0.6045074778734455,3821.8424475475426,8.343468692328836,0.14034203033809245,9.37074083293015,0.17642024258373137,0.0
260,9929040.191290336,2771517.4109721845,724652316.5786078,36203011.55707496,0.6866870814537712,3889.695598217188,3.5207465122516743,0.0649084115667911,4.2945480623848855,0.18318702994930505,0.0
261,3587791.6878989837,438205.93783963955,249916575.1392703,14598296.985151578,0.5255438314266268,3765.463092415049,25.360398151629855,1.4561677725197966,29.42540952551468,0.08871782737563666,0.0
262,46619240.85464432,8547291.222461361,2166845191.697709,160933551.01643422,0.7098375301260577,3642.3414799412667,8.985732338121576,0.8068062565439732,20.242829299498986,0.20108430955636683,0.0
263,251002995.6334683,50826260.91236459,24040268068.36445,1004608045.6882576,0.6759647972493668,3883.210670153706,107.01426369102744,0.11873979466216503,8.786235234372505,0.19070052946255353,0.0
264,89545258.40557788,34037582.26789664,3266448323.915967,251941311.06094813,0.6986463496231939,3436.179880413223,7.711759122902573,0.0882512980415144,6.335321257955225,0.11341731836380856,0.0
265,5453807.201675737,922611.8623490192,282567560.7488987,19456346.587041646,0.5751443544081533,2846.206525541391,51.59765163419816,1.4970235975472874,32.15198605574454,0.14796442213373864,0.0
266,6067822.958902886,893592.9759778123,563497268.3216617,25345247.31644775,0.7079750818718857,3974.913355982982,1.7284000904852863,0.07641470969838693,5.588144739117427,0.19873100540797833,0.0
267,6657659.389332977,929890.5890001433,443828181.86218643,26062371.49208412,0.6129312751340665,3730.2816170780725,2.811203118130767,0.07531761844886783,5.360313190223621,0.28110125979517747,0.0
268,1232.9291207204362,125.3491727294683,560376.746020206,8448.88009910099,0.07782568161040168,3849.971954319961,0.6764985304943721,4.779365929024746,78.90887961387799,0.37920244857419905,0.0
269,3101229.755624778,2824892.261216068,36292608.38433455,4522822.3409685325,0.767289354740417,3720.1030580244787,5.709991937727351,0.05027424775941336,3.4368955427118095,0.24486370394137696,0.0
270,23843722.196115874,6212192.385596772,382119700.92345405,59052190.553449854,0.7992345543917916,3534.781739547886,43.724698462959026,0.10692696415094236,7.7937434042978335,0.022636715394838924,0.0
271,2855283.033619744,453802.38151990867,139640727.97199947,10123499.376115091,0.7953146339093276,3731.234055976892,25.829561532056847,0.13978481678057486,9.962742927467833,0.17762251217946173,0.0
272,10745.248327905138,2541.59549009254,2172071.680581651,50222.71512006359,0.6567830535425798,3517.8966412665895,1.5238526109117867,0.030010908952048342,2.115778496548765,0.36158071436798833,0.0
273,2287.0468006639767,178.42257222934305,997233.7181352044,15905.904526808681,0.5137663149410386,3720.123566191868,0.9792142660321417,1.4474718659420163,28.46262337183785,0.48046369441096226,0.0
274,50001651.85842655,10408977.440145524,1364249368.409473,146863088.4551691,0.7078936099396207,3276.816980129535,13.811897876956337,0.1082086880633411,7.744174489880041,0.04278318794554354,0.0
275,2391.4113726821543,566.1150238602659,873132.4590183332,13794.447337738127,0.5200272089705635,3665.0175147956434,1.099619866680288,2.133333483246207,40.321321367981156,0.4604922153464728,0.0
276,42872918.860336125,6267651.825918038,2246846651.281233,159556385.978177,0.6636044704224024,3634.8552577410364,5.93550339084522,0.05928045330396303,4.468183870623532,0.09127953890689361,0.0
277,7313.322862073697,610.0245016675416,2504602.0856508603,46797.56670670655,0.6081573174935366,3985.098834985275,1.141742988609611,0.0944449550266139,6.439466038034725,0.45712958265472947,0.0
278,676804.8440975558,238418.61048639994,8695390.79400128,1390557.8838254618,0.7310714139617301,3522.068773484646,6.223389367765648,0.08432415822321052,6.178149986332346,0.35418221011849926,0.0
279,446389067.1615125,134601683.05170923,6978611884.563536,1053736326.7438215,0.4003420080234963,2371.683498293366,24.51185631969405,2.8161973530853017,51.347029395499895,0.1492547674893809,0.0
280,36544604.732001044,7548637.136579499,3133004838.505305,146125411.60590255,0.0887842698799927,3946.040430898347,5.776971672332576,5.438371447370555,88.54980843984421,0.13092314461878352,0.0
281,28590.80614342417,5539.209030952792,3786474.161858037,118630.76640439554,0.6271135998991847,3953.069330543776,1.546418649555487,0.7813009083237961,18.03711924388752,0.1965664699337777,0.0
282,816114.7412243086,410882.6207101488,13789374.657398736,1646639.9407404768,0.46937360052640226,3700.9258849347198,2.6451452709653784,1.5382976169135232,35.09331784594896,0.27231992381017384,0.0
283,3813495.500583163,536687.9393798631,309673560.70981014,15467826.944645632,0.672069109473043,4027.1164688766153,4.9375273112366065,0.16068135921681578,10.588180522439023,0.2016582899087017,0.0
284,6538353.259227098,630615.1684441966,1054379107.4542862,34285320.17871787,0.7290579349838604,3629.3806871384613,20.36013658635532,0.12916508968561988,9.698791278400247,0.2285835064360435,0.0
285,3040456.5756051894,475630.27439829847,176730763.80330822,11279477.236897014,0.6652819392584481,3975.903740978844,11.742190198210855,0.10605904248495915,7.613941904858708,0.3494978504680342,0.0
286,291433.7363295114,57627.27389424628,23782016.346519772,1061256.114240472,0.6804548623201809,4095.290574781978,2.038119377794132,0.13631600745403896,9.090901434805478,0.13648005451473524,0.0
287,31937.3005166845,5138.747886986233,5205056.9512265045,143817.16178586744,0.676767614728295,3789.1465347926905,1.440290871662022,0.8200621818482471,20.903070774886054,0.21400886784941497,0.0
288,585891029.213563,179437931.14762226,10651166865.797764,1374113683.2121851,0.7320355758301904,2566.112282588425,167.05873350879426,0.07098857446601876,5.283877646946609,0.22255555984018396,0.0
289,18314.924030513204,14177.894867886434,1342908.8551751901,42164.81333294463,0.6773570456810798,3558.304986876605,1.6366253575833756,0.7613583616324879,17.02224580560328,0.2647779853747257,0.0
290,10830945.856685637,3611050.7850117222,476987496.37116337,34119285.70589867,0.6052278038881813,3644.0851132808757,2.3201452016216253,0.08894946294598105,6.472611739375806,0.21359667363820284,0.0
291,50685142.11778565,7473705.400142339,4469274397.453625,210446558.86470294,0.6294531947739099,3917.753707886564,6.670990488939471,0.7346235250746697,14.909315888391038,0.009717598865521,0.0
292,5706293.107133006,725639.4561175547,633575916.0899965,25967745.83197458,0.8362608531620623,3306.164439418462,186.39358011338382,0.15193592384437826,11.363014988823625,0.20812508094513776,0.0
293,2787.888754149713,967.8565788533094,827892.5488311003,14359.4757060238,0.6991330726179472,4029.169078237882,0.6954043616696961,0.2429412922757826,16.51606317542383,0.06443088672914313,0.0
294,15932264.214163046,2443925.0090713995,1546278243.125906,65243677.008793436,0.6081821237234303,2576.1187488403884,315.2417335293647,1.4622723049534443,29.77157737406434,0.2832723485208812,0.0
295,8317.614128184276,1696.333847062972,1818957.6709286142,41186.926741555355,0.6467659261178359,3356.4789994101648,1.1102783364565836,0.06377540832941583,4.44025204158105,0.4588231374955369,0.0
296,11205317.001213714,1637131.7844745577,1603960769.4082398,54154888.5621136,0.6783936116929457,4141.76651517542,4.142610627455964,0.18322291148894304,11.754389126129023,0.4078119718256141,0.0
297,8341942.9245381905,569488.433125153,1807104949.2302845,49979268.228427686,0.31202014125393535,3467.7435693827433,5.85382200522708,3.484176393697281,61.67043940166858,0.2922630598667821,0.0
298,3593.3298733926686,827.8227648807173,857656.8316729327,18318.372750987157,0.08488848942847221,3884.343887726339,0.9969176162261966,5.435512196922707,88.43208641624787,0.32784982996549145,0.0
299,50092571.010593385,15562836.167947447,1080829680.346541,127076820.07889116,0.6738767589124764,3424.2392414277865,11.910342753753975,0.07133777440989597,5.226448966099281,0.10174411765241682,0.0
300,24161206.036248386,4270869.99169372,787335758.6365455,76745422.89045419,0.7107991932460914,3768.453314046967,13.16976464783708,0.09339017834190733,6.754742416098878,0.06839938468421007,0.0
301,123420.16116665844,119981.57017413976,1790225.1000859444,155196.89478712226,0.7397961220576867,3734.3817779342808,2.1415205193797684,0.049899501488221885,3.702005901441926,0.39845121633771285,0.0
302,28330103.97354135,2427917.5969710522,5668513556.321524,161111391.42161137,0.707288961646834,3084.8176449476323,101.39048075819771,0.09004360054487322,6.58293965407173,0.1919829719637367,0.0
303,11185575.091137145,766041.4177995131,2516881284.7264647,67639916.50720735,0.7313811404364335,3866.8961220906594,14.011464228421449,0.04669813263303668,3.0478318166851266,0.25524042059233265,0.0
304,3988.932863130496,737.2174069102791,967617.3278444406,20354.554887348902,0.4802909580567259,3411.436862180417,1.504385524519378,1.6311983066454103,40.905035459610204,0.5904362762017193,0.0
305,2124311.951847158,275058.77992913645,188412303.72449,9143685.397437772,0.24279026298344233,3297.8704270825456,7.330352507388438,3.6146294971743322,70.12199835027965,0.3076964435803891,0.0
306,8631.141743023996,3868.3918711310334,1629436.7621994126,34312.8910749167,0.71114209996146,3388.1114306779605,1.0242997095803408,0.03772967352513499,2.8301112528628978,0.17723341848032062,0.0
307,2573.0827530372508,465.21842703861176,963018.2747609079,15701.810595398914,0.6210148229974137,3683.838793707404,0.5008629144399135,0.08224342921437282,5.991335655784527,0.16580479854228125,0.0
308,74706975.02443536,9496269.615373628,5918063416.006309,311594897.57837236,0.6353683296221092,3578.0990688049064,7.226551905181184,0.11090745836838974,8.048497861547288,0.1479200524607165,0.0
309,354943.9428817397,39906.64433948985,56702212.65730683,1786463.331991765,0.6907944254228017,3623.315001103636,10.753982905331984,0.0741756818790753,5.5039051297697394,0.13969555091134975,0.0
310,10724224.507187352,1143168.327773122,2388866516.248319,60528410.868622795,0.6787383083190506,4158.244807722755,21.75069995602546,0.1398266659594669,10.01755460355714,0.2981596516746513,0.0
311,988496012.1777561,162930839.63798687,72035042050.45459,3835934940.473756,0.6915933496085998,1800.6012233697993,7.670352629267716,0.1292272821767236,8.147734743550014,0.21455486258106943,0.0
312,674979.8621162745,64983.45597770859,133638831.19963364,3667825.317237524,0.6838404011519695,3558.7934625194102,3.73612236864815,0.1457645628191095,10.122464573137055,0.35379483581828225,0.0
313,102431956.35002238,29893904.729697444,3137542266.651076,288214526.5790533,0.6831810449342164,3614.606680215713,7.185775528129474,0.12897570735845462,8.908154105703508,0.0915649553930084,0.0
314,90718511.05119836,13753614.022182528,7354293225.426755,372461425.2538888,0.6651128431783487,3802.326845441904,7.6996359348061025,0.0769394101314254,5.391969386889476,0.10774436770869171,0.0
315,17979337.323980846,7247921.412233573,283901488.01934355,37943304.578539476,0.7229832947120174,3462.427611212578,12.787478126359284,0.1504965040941631,10.38388473702877,0.24143773606514174,0.0
316,139019261.69374746,11449773.938341765,32330248041.773285,827487428.2876049,0.6228758732648908,3819.5136763637183,7.154478308044259,0.14743744593602584,10.418813690519737,0.16489146036666874,0.0
317,51744.0651224614,40321.87434898226,3441652.762202634,121539.50428218339,0.7519308183941336,3618.12992635432,3.711338792586529,0.0871298330255584,6.203215831351727,0.2220223505673238,0.0
318,488879.18458274007,45334.96604753418,118473247.45887005,2888181.5976719847,0.5508851346566757,3562.6868230297796,5.1863166780421155,1.4715638241850755,30.28149718032855,0.3105746730263142,0.0
319,9353294.39718302,1446503.2425369967,711197922.2036484,36798943.479211405,0.7351973882632407,3446.525504198039,22.78352160331565,0.1292641030085658,9.476853674657729,0.29767521868204333,0.0
320,17984391.250994343,4530383.734765896,858468887.5369118,58197090.46294153,0.707746070773225,3610.7180654368376,25.918044485768615,0.11591097494211011,8.135046182938709,0.2500178243552642,0.0
321,466874939.35950077,79890484.95020658,23508713097.34819,1639594287.2914186,0.48279603565894486,3298.377827180516,7.636396647371751,1.5200532360714059,33.1630842825851,0.097608209437219,0.0
322,11012496.709704533,4818726.055625595,606588774.868545,30794781.66456654,0.7025169662116143,3420.3229527225994,12.745702036257875,0.14026280082397946,10.132492579397061,0.29104253530404833,0.0
323,170314218.89192462,49608284.73336339,3672710463.013785,412644891.5852891,0.47556314637561786,3160.058652645621,46.4694604987223,1.5417321266762696,34.81673161540628,0.2852008316611807,0.0
324,200673248.42809346,60396684.08216715,5638953707.081754,541775234.5564281,0.6676360729708531,4041.5745129984452,7.559468299167157,0.13737307979259042,10.062018765514953,0.08102103251554349,0.0
325,9043181.497585353,1922990.0824483808,476817699.41672933,30902437.634687006,0.6872092195676276,3451.8590577846544,5.107147929688528,0.15190478851491235,10.254718555057751,0.12280501739964933,0.0
326,8635577.9258359,2815528.553244181,372090089.43488246,26619142.704320442,0.612466100273602,3595.2484931096033,7.221637337253455,0.19723520166763783,14.450010187989093,0.3585389162082581,0.0
327,22532805.777942214,3190464.4148321124,1588122267.1013572,90683278.06377521,0.7208303131688002,3786.8574886797937,7.920254549369948,0.10640978489471183,7.570276911876296,0.21159295261621866,0.0
328,14007365.805335503,4654178.578040523,298718240.60230523,34723009.54848443,0.6529620686669672,3832.5728376072657,3.3785833264812664,0.13215235618840201,9.381656125571855,0.10005347981811125,0.0
329,5180649.041424798,565605.7038977679,599419253.8389997,24195620.23780313,0.5697119890277953,4179.063586806532,3.1878051529263653,0.11602426762503519,7.527982246443453,0.19966195769984482,0.0
330,8541370.579412682,1627619.7728976386,643098989.9961519,31716107.14813913,0.7921269833787772,2872.5731047077234,139.30072692365312,0.11512901427319386,8.500277399769255,0.15713534286956501,0.0
331,12446.401407299974,1692.206516416539,2739897.88119658,65558.77180624052,0.6411979751927774,3750.0767460790876,1.3418650077916352,0.1374202533548047,9.68859860951271,0.3044203968170311,0.0
332,177017.60033244072,50147.2248526287,7942181.75079398,524783.9488161858,0.7017158454651843,3516.493593348767,3.673795691208611,0.1219728703193926,8.601553245535268,0.14819990866193652,0.0
333,26528.124541045807,8342.580304274756,2379389.0385347563,91984.59642932004,0.7045154693557929,3795.6153263725528,1.329863007827618,0.1299150456646257,8.987448020312259,0.3805949885561555,0.0
334,285692.50203824067,111961.73166502376,10822268.397799607,731714.1465652584,0.630942161768858,4234.510423776891,1.4509879884613495,0.14724326532253293,9.314545189459487,0.3968697552581925,0.0
335,7812.478964287179,898.7632667933824,2335930.120606959,46553.11887853843,0.579935551579434,4034.5590490705154,1.158547913290333,0.0924253450530382,6.574224137455343,0.48892135147358223,0.0
336,222583604.2316104,66623328.80550814,8904417550.895836,628838645.9529978,0.6256879802207376,3537.5907639383504,4.476803146123379,0.1286238408450174,8.797019307099621,0.27745571085369836,0.0
337,59933044.16133831,17467806.492090777,2331702232.049684,185027684.0585488,0.6158949025470719,3678.8320388816733,3.836818561100282,0.09270052062745124,6.385943159041348,0.20827283194520277,0.0
338,732.8636224030435,44.207959359734915,438687.5717762842,5777.542050284634,0.4379083521519786,3987.6502248191427,0.4482282622172506,1.5320000484161311,33.45819413254278,0.4033476398243074,0.0
339,2247.6826589479533,327.58656750631553,898131.1750574699,14107.505451222329,0.6239346780941861,3587.6145417810076,1.0278668580087396,0.22834894072853648,15.223448263773633,0.5084206871373788,0.0
340,14221.300991130216,2468.491350298932,3455793.8290553326,74389.2213938652,0.6573539189045707,3626.65388345257,1.9372895660530018,0.7308022954225379,15.008266896945894,0.40797600665643563,0.0
341,20509.68381843234,3857.0097768077576,3263520.4616468735,89549.48891156973,0.7375935446661022,3567.4479474026643,2.2207834697879574,0.14904757486199616,9.908584832998294,0.059523540399165166,0.0
342,12286744.560605614,2634332.6156106894,2052871420.4225278,59515198.463778995,0.7692478444893701,3563.96901163929,17.260020166434703,0.12591404359021494,9.06314176408818,0.2716002360231237,0.0
343,1040.6984216180106,96.41318661182642,541397.1756605951,7690.982096643742,0.08815157927236203,3955.829791901179,0.6021638811162789,5.46175185456717,90.30399681305629,0.169473583152178,0.0
344,5282306828.167141,2148315734.8153715,42055071647.08887,9877500789.698862,0.11640083912472166,323.2279020567304,22.22664919344986,5.481032493592101,91.84478982599519,0.02060180694112122,0.0
345,15938.252227499886,2098.0302857682245,4048173.4452746636,86298.89932892952,0.7348768358442374,3895.803646134642,2.8023420766689657,0.05451333158618192,3.9055268573786264,0.16843989899745562,0.0
346,28873.48707957312,4677.532354601725,5113747.746114189,137466.0468252951,0.666283411043199,3486.9834150753854,3.120437779230362,0.7832045605268075,18.40634839296757,0.26337874695421776,0.0
347,24561907.086931158,8080212.219787126,1453841071.0424361,79570427.23333187,0.7190137990114518,3801.7308842672064,41.28964058008876,0.11880311099330818,8.662635160718674,0.041602840241138736,0.0
348,3451062.7565044477,491658.22836627223,177276268.71254256,12709742.174600478,0.6315273941352341,3731.6215008800123,6.351407188618886,0.7567737987335174,16.80876740981447,0.12736272046030583,0.0
349,73289.6972480579,8450.035924409032,11180305.999015102,356528.26937240374,0.6607371635698003,4137.713366720056,2.336959428745786,0.058658586612722365,4.3783832630486526,0.613812409745723,0.0
350,53709295.95216093,20279864.306469657,1519020590.925156,134943110.15340036,0.6940434266527499,3642.4310701285985,10.098427650932887,0.15801771815708507,11.15980907780096,0.08196867847228569,0.0
351,5939.953478412841,829.9298522850426,1540012.0723655475,31677.810555236192,0.6882238176021582,3813.833160190382,0.8819214576815722,0.08594237292118194,6.064310481734493,0.31330316422970234,0.0
352,92268512.11649981,13178795.768652838,5134796551.084088,343733660.77810436,0.6550407216618185,3606.839086433158,9.293474732477751,0.1896847487125707,12.96641667809605,0.11514436475457104,0.0
353,15224338.959514052,2137516.556536923,1812162583.264049,69602457.13577683,0.5987455653532521,3902.3364127368295,2.257614080173707,0.10326146508937448,6.946769559713625,0.09497261605776536,0.0
354,16644.758976653484,8083.163101080894,1869667.116916629,52536.47550961701,0.6657168703250551,3695.723897468718,1.616025908434843,0.10981434014799847,7.588720518685463,0.44792020590978254,0.0
355,6948.336133477191,2025.6443192420284,1486751.7587329657,32631.291670795927,0.6318290057297418,3582.2507942709153,0.8458280942823091,0.06763808751877845,4.646584664161639,0.2693744919873469,0.0
356,9837194.4767395,1173582.4487328853,1185948474.5284395,46162348.494893394,0.7901590567577461,2966.529504936053,93.25996427406953,0.14939886050148754,10.742402760750068,0.15983517116875667,0.0
357,40723031.08999982,5786995.887944855,3787878806.331855,174052703.08956593,0.6798119101203757,3724.3855416076512,4.932861907123816,0.11089260634496947,7.890244306071628,0.39586223663645104,0.0
358,11464321.654558258,1016646.9339258556,1755531383.3192947,60503694.30921441,0.8181999613790666,3537.8218709800385,88.94467608571473,0.1769846442847915,12.302635839976734,0.12142702029915126,0.0
359,7287.660183897242,2847.2850882383746,1788120.3210570565,34433.22205481301,0.6225606693044421,3577.909775814515,1.3631156038739936,0.7618575223728337,16.837345720010717,0.3038368179532887,0.0
360,8528239.48828953,751256.4727457998,1324035661.4225612,45063696.498487234,0.7546880359935862,2958.2001389081997,54.73498646212323,0.16870513929006403,12.076615508778765,0.16809265131229853,0.0
361,142873884.96137753,11462118.728059087,29654584516.02314,825676886.6393726,0.7403273687758718,3663.241497204627,24.487660312147796,0.17562387972263985,12.883805320085028,0.2172761330257898,0.0
362,97020920.41042407,10963304.931378001,14071545398.869333,467850870.2592909,0.7267683675148509,2941.81617126395,406.3275537930706,0.15661032932451838,11.320678276016682,0.05957047186366444,0.0
363,5435.5443076021065,1601.7525506420245,1177798.5524834034,23701.91552411897,0.6310418087479965,3581.7833328662928,0.710834712195537,0.0579383606271473,4.140726575963751,0.194142722950416,0.0
364,8394106.535110055,746739.5048925504,2001133741.4504268,49193884.13899002,0.6326151169463214,3638.52750800601,35.94751733760992,0.1555836959549329,10.840742006956173,0.39192996782536943,0.0
365,46419300.989536956,8970203.908844445,4255927639.5072403,174837387.21686077,0.714552502955314,3349.677902636078,46.644481478434685,0.155287954254797,11.06359498663117,0.33113088497920296,0.0
366,171895.23575434013,18805.063126468875,18129714.88014516,777811.0188175894,0.6563487664065706,3705.0425280822237,3.530594221951458,0.19151367336401917,13.76027141047777,0.16247360265472643,0.0
367,1701764.001027085,187838.71847096397,429118481.4872964,10257126.384855185,0.662799512199375,3293.5085705173187,15.738428381966724,0.891287670354614,26.477515805645645,0.3697391940187051,0.0
368,32594065.66353345,4707686.183862585,3552048326.9940057,146689129.97919047,0.7147405959089257,3967.108845332127,8.248512027639407,0.14814881499776372,10.384861381071032,0.2552481227923073,0.0
369,31837.715363418607,6506.148085812606,5046799.367919986,145652.1667672677,0.6304018811360022,3519.0241452564865,3.0012630021688693,0.8470745567785585,22.551148047046496,0.08986943743175503,0.0
370,9836.174234017675,1779.0085187294765,2196928.0307753063,50803.70507843583,0.5916011691091956,3749.1981052378233,0.7721370167745187,0.13663682907200805,9.159339416173626,0.3565259432641273,0.0
371,128217660.22582713,53280598.898959234,4486967288.763704,281444902.04303503,0.2408323349115719,2167.545166546122,39.61131927993753,4.111425790816181,68.93841731057186,0.34909646848534465,0.0
372,5154.305580628391,394.48237637712634,2133568.4676739066,34937.26950725722,0.612890248401394,4071.4793012047335,0.8920367889556481,0.7394801399721032,15.402328914727633,0.16367159477012924,0.0
373,125516.27882047482,35972.98118269487,6403331.1184466425,363938.5587796411,0.6732858265403593,4129.3839337185755,3.254977753478526,0.1456979838503943,10.405983096650287,0.2879439575325926,0.0
374,7496.889121039017,1262.322745102373,1725141.6677761693,38569.80965016396,0.6947104651930812,4024.353011622376,0.9929960408856454,0.20025005481713168,14.090273323098796,0.27858184688370397,0.0
375,23562574.07479395,2197302.7624812583,4361350530.250364,127169230.26040912,0.7258083724476745,2957.5423818619292,80.78980459382872,0.20708236418649645,14.928721677735728,0.49713227712832264,0.0
376,682502.9038004971,151018.84808462005,42958389.679695904,2392606.7475991636,0.7100572140441115,3827.3329154365074,2.981410624367896,0.09412733864067749,6.915030268349243,0.1564264372592704,0.0
377,38460.57182663148,23950.063664208687,1554246.354741302,79560.83258245431,0.08535955749700712,3668.757445950991,2.530886279225244,5.512095196525507,93.91172486265154,0.3656856369509562,0.0
378,85474.58408186956,23479.23863776907,4189802.539195323,247199.53342349306,0.6582479921928238,3879.33139389318,2.5314473390709566,0.7827833634952003,18.585999880498793,0.18232348490358294,0.0
379,5460721.0228542695,810752.7258779963,543207811.2479193,22947663.80603728,0.7224476364895545,3689.534748860654,13.039356954439912,0.1482850968836395,10.226975881051139,0.2818320094441176,0.0
380,270189868.712144,26355567.711157367,40378121036.070755,1380611803.5487864,0.6299238919074056,3895.2438076250505,9.422201143256705,0.13487007097648016,9.517856845514137,0.2732106856999296,0.0
381,14058534.64805249,1467143.2167220204,1830898092.2548668,68724362.12257263,0.725349136986311,3496.91371963828,61.37505245504212,0.72952612308442,14.552544780836161,0.1261790214600824,0.0
382,5108.728424950604,847.1174401381828,1809793.6786356955,31222.858599692496,0.678911626589523,3435.9836698354975,1.0057748621284455,0.1449791332521598,9.53382132907047,0.3237816677134235,0.0
383,5967.447349909356,1145.023221178964,1446658.9608372804,30078.83760779967,0.6616942637448169,3699.7782463819667,0.9541413981391226,0.08574052934150345,6.123291408921686,0.3218696285803332,0.0
384,3528777.2388692214,736265.277303865,220858056.14581698,12409726.833995366,0.7108051040951298,3925.873254612513,2.028491997532433,0.10543942217269402,6.894613186000299,0.1587870117026246,0.0
385,87364043.53592256,46456140.37675772,1255904244.5487404,165430994.57127064,0.6910750004622606,3636.9713181493626,6.311672998525565,0.050283247512340166,3.5386899044964637,0.35895805891099336,0.0
386,36007524.589056276,5505059.5654577445,3914308960.951682,153480067.70077094,0.766785307195351,2996.3444505311254,252.0502831967825,0.14519647275863568,10.329388107888397,0.2411254186262892,0.0
387,35908924.3633069,6205960.736126543,1663977942.9921846,123129063.73719235,0.6429809824502353,3841.1177704078455,8.23156844914895,0.09800843900988285,7.272482060973921,0.1457762377002455,0.0
388,53876155.863744095,7724453.278131237,4417385500.478492,218043169.91435862,0.6466213602903202,4256.93494264956,6.398936264414034,0.7773387152682459,18.21245980859588,0.16989981587730796,0.0
389,135349.8380371779,14680.647597735957,17384961.580209706,640803.5933976542,0.723334017502626,4183.682029626396,2.4484080442279836,0.09894158067136498,7.14304545413969,0.2531513197417166,0.0
390,20629272.965961296,1823187.8006762762,4283065940.5814157,116854983.27681156,0.8029323863952967,2986.049608653231,692.9044543519531,0.15893359511081417,11.772582693417576,0.2643328399904149,0.0
391,2853.002970279149,514.2998600823598,891029.2209524227,15929.304434127396,0.4249913166743674,3548.824461318282,1.6184320792616613,2.3644709492009897,55.2391984560585,0.5048645325909853,0.0
392,11790.947835893247,1291.9675337945923,2817988.0720092976,65236.215283041376,0.6668034024921414,3632.8920214785367,1.2512265105258646,0.08820348887909998,6.2059249245862915,0.2054577878629802,0.0
393,227913259.6858744,52641203.787642375,19220867817.35208,864885333.8978113,0.6770615627955773,3166.428608193777,20.001559461008267,0.19013604211284188,13.374323923041327,0.17086821533402746,0.0
394,58023494.18488445,4894006.796725456,8485544059.764366,303819313.5764115,0.600646071551967,4050.5850677864673,62.793061339928684,0.18649762949592114,13.512223318167468,0.05883945975883483,0.0
395,70064.4469951507,17743.537421494555,6433834.072388388,256128.88606273165,0.7280461349105318,4038.0342674035546,1.6338526054878066,0.22150585756490945,16.170041659083957,0.16239623294810104,0.0
396,34310.06002697718,6469.393910459157,5931074.845503573,160690.103306909,0.7317026929531405,3901.088517112179,1.2535322967927869,0.0844975411185791,6.182176107458565,0.29316652201855126,0.0
397,16550084.007629726,2794045.6110163247,1490318560.553126,68457720.24600631,0.10100243683840934,4069.7745048987967,3.892912854979243,5.473578758882247,91.0053953887681,0.12899052106054135,0.0
398,7773.337421441649,2032.4572670684254,1297655.4656616882,32188.075016271196,0.7053255799331717,3843.6331739237694,1.3515116020465754,0.22646026698384097,15.894148414741917,0.2540897995639092,0.0
399,6915148.062347086,1508237.6503366276,187915270.78103912,20095499.768620644,0.6155243680336345,4032.337266023819,3.5332862342222158,0.21239775843658873,14.545338717942665,0.13225556151916182,0.0
400,13857.575613453568,1563.2812264286363,3593787.4352857294,77691.98698780061,0.6689382122219384,3619.5042252329586,1.6106032415812654,0.14456467206100942,9.969503485367039,0.3349602770134789,0.0
401,9944277.562817084,702765.1999212967,2635070872.751296,62303478.9388413,0.6998612958456233,3828.6099114113013,20.915121341270268,0.1472463750284782,9.899011651769289,0.32438916391870565,0.0
402,644090.4191238349,65685.44975616143,111056395.92713885,3363316.120102686,0.38912598542633053,3432.960874429418,2.6719189219274275,2.2303680606816494,46.667240676069845,0.40444251550036414,0.0
403,168035385.94897646,163345588.97573975,638945063.1332879,193085155.2618326,0.7314577446716861,1906.3150923930114,3.976193373716324,0.05316384071220313,3.7662784912832974,0.134584079654272,0.0
404,4070665.237989621,491803.1776385731,513067606.0412916,19603432.36945968,0.4468034884854112,3960.4169391987107,16.760678285605255,1.5046855947091804,32.789213209587615,0.1489103997882774,0.0
405,16453122.707611188,4118086.057381992,335479303.8772537,43542812.180967174,0.6762668645137486,3479.9467063049337,7.930266875589033,0.10830408292170368,7.720732601094019,0.10887175389398299,0.0
406,2437.47024352207,404.6073495085883,954438.7938330946,15265.63867511268,0.6457723739464285,3774.7119648090124,1.0581074376778612,0.7748357546868843,17.594112174560205,0.2503944313682965,0.0
407,23701710.861047782,3160319.930550554,3555260526.984047,112474220.93591587,0.2643037143639916,2970.55880423602,99.93335031280519,3.555661466065896,66.95290355174141,0.2673188256452588,0.0
408,11529.902095984296,2660.196645584463,3455452.929765555,64643.79842811134,0.7494454033329732,3848.6017985425797,1.5686399284244283,0.14744370359531098,10.59124901246322,0.3726507109075176,0.0
409,11947950.519204253,851811.105105743,2739921504.2549777,72107251.9501843,0.4437811539010904,2440.4984511771663,99.34060679089617,2.214212474168272,45.95115860614718,0.24688999596621883,0.0
410,86083143.42381503,10136285.112682732,7963317946.534365,377089579.3575245,0.7170672570671742,3630.988561836385,12.83851646829972,0.1086921652679452,7.487469554398139,0.09733998721959704,0.0
411,37056.057039168154,21525.301304846264,2238529.5514494525,90600.4293058522,0.6636025620138817,3553.629350715316,2.307056163455929,0.08366644994150266,5.4865349771332514,0.3204231468803692,0.0
412,45079.914468970055,9718.257034922068,6087733.621377069,190959.86510381778,0.7347536011986706,3634.8195538995624,2.2165071193939667,0.039351224270186336,2.987765773517309,0.19362359218685554,0.0
413,17294356.051599324,1457402.5377490285,3873996076.3461976,100995547.69233441,0.7697494825042139,3261.3748063163275,336.5842668088504,0.13320952976278272,9.666428271675267,0.32074887864114143,0.0
414,5929.889621117864,860.7692393864824,1572362.6757672653,31752.920519929718,0.6446562214715024,3424.155433706932,1.0737093665998734,0.1770008228357039,11.99831263209744,0.1589661606072797,0.0
415,700994.7022452792,133424.22400546103,43095851.64469255,2505500.380360814,0.6899371844597972,3370.7260524417406,5.307549674370973,0.16286324376507108,10.83606593637511,0.29546549183885235,0.0
416,69729399.10662034,15981807.322043598,5339834353.877455,248511469.390345,0.5105702727759638,3096.9753489774175,128.484835235085,1.4921954086839517,32.106068727980855,0.2659340210342816,0.0
417,73188.03403639834,33115.410861302735,4793341.820203016,208560.047517407,0.7094584451504012,3712.346046352467,2.416035103818955,0.06366967786550104,4.614011305375987,0.22146585716379735,0.0
418,224929081.42981476,32032446.318572193,20171567727.05105,949336314.4730972,0.5941596939567528,4099.721448666098,4.7144720864874134,0.1704686762128625,11.461284566546063,0.1470764957418656,0.0
419,166091449.08189029,49074742.90093416,5950400858.204501,486377180.27851236,0.7052077475253997,3596.7821752198342,9.834403866247932,0.109773005744277,7.913098025353757,0.09678283888858714,0.0
420,9176195.43307413,660305.8470023614,1940215742.5303855,54281109.986362375,0.5673740693800295,3788.886939024841,5.400050926106432,0.07460922809562591,5.382120959657534,0.18824688889426097,0.0
421,4440870704.075176,759364317.5334604,217954371872.95538,15321569128.855526,0.740460171438461,1650.8656224895674,53.44084319871349,0.07843877714302457,5.904663495690642,0.09288818265364147,0.0
422,214401369.01102147,67670128.10534161,5621641839.991632,544150116.8355825,0.7021621715614763,3367.2526185535576,5.93667542853395,0.1853402406796553,12.347255218347234,0.1697027875568454,0.0
423,9810.62328638462,4104.0182306329025,1636463.9172332473,36796.63966567451,0.6392692179623249,3782.6331455811987,1.1676062284307773,0.7708811535545279,17.62524813215914,0.412721909596955,0.0
424,128561594.08624999,19055114.74044204,9462840298.276598,509286036.0215783,0.6962987542766353,2978.9370041445786,102.54615379408787,0.10157356643446906,7.777750540748268,0.1707068790910709,0.0
425,5351.388651200987,654.0838722327268,1580425.3867864935,31258.325916183083,0.567338535031593,3567.4950957493725,1.0365647210941138,0.7569141174998678,16.580172041127316,0.11735128602220762,0.0
426,25884037.764479525,3494274.4035992227,6066672117.114378,138492105.11238685,0.4507220036326598,3607.3371965287506,77.23920764741764,1.491659673082019,31.744049336577973,0.3168514556495219,0.0
427,39712.85342941301,14209.470194768684,1511712.8399912654,92065.26614123395,0.6652680669460491,3522.4143387446707,1.1975074027331611,0.1548190616701648,10.822589161943746,0.5248964996978088,0.0
428,438689.3270942946,209032.70966913173,20089105.756889604,1247633.1744890448,0.6519873022620464,3926.775481949633,2.705191855952652,0.21658526489533142,15.031937951825181,0.3048893002188878,0.0
429,33124522.255174123,3257189.6290887953,4226070681.7722254,162994179.1318044,0.686560617507914,3870.474911187246,4.978274618978863,0.060507675852948674,4.512920210503069,0.16150460868974034,0.0
430,11556071.743015414,4862851.928913622,373299791.55707854,28094054.900576986,0.7155286258032232,2979.656154033767,31.53198464303407,0.1285106683895548,9.591604566473592,0.39935332693426684,0.0
431,2810.007654164541,295.5282914722593,1095707.5946921012,17743.77580785759,0.5183332752978969,3681.5930999748625,1.2115753830712201,1.4787926489378418,30.838062195785074,0.16064764382088925,0.0
432,5803.075176538531,1843.5961197387328,662488.8959862794,19062.05383962539,0.6541117709293751,3893.6452040154068,1.107587788485729,0.8297263621248903,22.118203275186893,0.146652482420697,0.0
433,54396.57388313596,20102.855179132155,6256554.5135598825,212389.1830931934,0.7604531482182577,3881.520428877265,2.8652720471772937,0.03999111662700692,2.984943257831992,0.28251385961843906,0.0
434,7038431.903585285,1142214.718455584,640606690.8580099,28881689.707790256,0.667105955592464,4270.769953576544,5.352088353661931,0.16222862134765262,10.9132556939467,0.21771753370488145,0.0
435,10405624.027496602,751511.7057067911,2424146544.824356,63068829.68506441,0.668000398684327,3329.5192436126536,23.307297223186946,0.826864392367141,21.682814871662003,0.2667386362177254,0.0
436,15815447.165002663,2221757.227904263,1093868592.6708293,62536913.23677848,0.12918736944325818,3339.4582892872577,11.176319459932554,4.2392665037507555,77.71946185723984,0.3253990306472468,0.0
437,4528031.589178035,651690.0333621362,547517451.1008933,20360373.838587444,0.6718632079453181,3468.5289672102,6.469914423452634,0.06096837053078312,4.43820694016622,0.10713860388655753,0.0
438,12633.083637313568,2045.1869517677983,3200094.4313363135,68820.26307858925,0.642057163327685,3581.9263140325493,1.4733567142173858,0.04150136248249279,3.054739091255898,0.18768198729554783,0.0
439,4650710.272966634,670647.7473671846,617550492.779984,21492419.044031672,0.6549055867033527,3934.814053382855,7.426165464446344,0.13407492557090883,9.418216705432158,0.3078152342967,0.0
440,19363397.24583099,5181703.563120793,300481077.4150852,47376017.700164035,0.7693797801042116,3845.3094711838394,6.645871370386503,0.10788367492099518,7.847437102169067,0.04126785968647966,0.0
441,4777946.82645291,649088.1728343827,276168173.25218314,18266959.62451518,0.7691614026558479,3536.2306040386975,16.128270999840893,0.05230454192022602,3.8171570811983755,0.1328450232120179,0.0
442,488647.7268047109,171928.9376934502,14833804.621727377,1290816.1698898512,0.7127158826061004,3833.4549053195296,3.784604023696136,0.6834261444268656,11.785852347739873,0.4264933652091113,0.0
443,2374.464666954939,331.9897000161669,907181.3975194062,14921.314123952165,0.6311883687909656,3466.343454553359,0.620403565410152,0.7193577973090559,14.027190947176198,0.22510442418613952,0.0
444,80293866.36140552,10228220.733856987,7833944164.011469,346544540.6046819,0.6838493551616857,4282.455622763113,48.42908379706046,0.1886767128642272,13.716128981217622,0.2837118502720353,0.0
445,486277.8246154719,171871.3308450465,12232085.21902451,1261748.7429000377,0.4792318050030069,3292.7177230115826,4.409417334119282,1.6718822722301554,43.923125891931804,0.20459516785434045,0.0
446,7608810.478923865,1262473.272313404,879236729.6104332,33027287.455350198,0.6177684605936069,3719.919843198074,7.914111090997164,0.11732941257393312,8.688760486267332,0.4015081499998108,0.0
447,103168029.62304124,11459121.804467475,16200518982.81474,527588680.1547306,0.6852563653183137,3736.0463822030088,6.299636562053552,0.07454607449560084,5.411571353719085,0.29760643597550857,0.0
448,34359.72833031747,6534.731112541663,3699583.9171229415,131543.36440736748,0.6643487727918276,3644.3097776605564,2.1546417803793725,0.16285857368849488,11.243329408637052,0.21038251408732905,0.0
449,6209868.5602643825,1132008.51463287,297807205.9897411,20908173.333924662,0.7221879620822821,3771.9020240010423,34.101195996593425,0.7635989562357903,17.19988748829159,0.33187771190222093,0.0
450,1307452.4543824275,185249.00910598293,93637356.83595702,5129814.357566268,0.28533289810580287,4063.0067877476995,2.8868156663528732,4.104644702289628,68.22606048259226,0.23024909486078476,0.0
451,31440996.478736676,4498435.2141446,3924504186.5648537,145681623.43104437,0.6720530187402112,3482.2205268809894,3.8578538388403825,0.12434896300384031,8.073660999794841,0.17783847004541561,0.0
452,7290557.139949342,699140.1088970623,1894343089.5926564,44016721.703505225,0.768123873104944,3057.5518245305966,16.65725437611296,0.2436705451494811,17.50507432381286,0.32722997511349716,0.0
453,56841007.49248073,32006899.77438917,1832890749.8810163,134224681.91948706,0.7048719441881401,3348.051770076229,8.760714665745075,0.1451281579010512,9.705681489402439,0.20220248177447878,0.0
454,23173175.170868713,4938489.426197996,967456875.7939947,75527299.16258965,0.2960310068041546,3738.6964913781703,6.643796333478104,4.099569664403922,67.9753654925826,0.11282243326011404,0.0
455,4947.629119392121,791.8906022251085,1134330.5568312788,25591.34303871285,0.09404580381423984,3898.358076230935,1.0990416328968455,5.4752724496970355,91.15556009196638,0.3564457863560117,0.0
456,37534.29376557669,20170.155784896295,2474422.456014726,105951.92565932409,0.6856225779922905,3657.3015459467647,2.0765350778708576,0.31221849764540976,20.559168967918083,0.4071116595418036,0.0
457,5966.389057393501,629.0561542099971,2033448.4083872396,36907.81996295894,0.6600612196201557,3938.028414832314,1.5238059071089387,0.06184568235989838,4.408391101164016,0.33580065473108256,0.0
458,5862.415763209928,1113.0661999161478,980154.6999310367,26604.674707268212,0.08373073829509935,3803.900712881202,1.7908553124664168,5.493121741011308,92.569897809535,0.3049974895890608,0.0
459,31000826.862945694,30442276.09666751,95634165.10407683,34167754.298320495,0.7359546528475672,3286.315875138548,12.431105895885683,0.15703809032065044,11.297504129701313,0.09906643653652968,0.0
460,44623876.26644449,19600385.65119513,633741579.8892019,94363628.05473937,0.7001415175058241,3610.908689572252,12.00472023875217,0.10498255346336594,7.119313466736537,0.16254605284680398,0.0
461,18997.84854709523,6395.630613705371,2889657.9302527066,79104.7582286936,0.5961432085786021,4059.0359378288595,0.9586877789817257,0.1752172807149086,11.935873447516467,0.1614799889127361,0.0
462,6571824.780142893,501044.55721371283,1290232066.7420373,37741206.84563033,0.35739533090781733,3920.1172975967656,2.681002529705987,3.4627141712797824,60.00841800166022,0.12476345751500337,0.0
463,2685056.9454422104,379985.6370003579,171153289.70784348,10459416.792710714,0.3711967788562191,3882.1128683639804,2.564246798140023,1.493192600380744,31.969063025473844,0.42584244940626476,0.0
464,832.4711194383208,58.54978590214345,536153.9095866625,6783.858520468461,0.4263502667188394,4069.985628163298,0.4874039464076747,2.221606311053633,45.74679575198537,0.17665230769314524,0.0
465,58091629.21563417,17866290.417355455,2881156942.8307214,176546448.843619,0.6632871017474781,3689.42444045081,4.700060147579861,0.13335083004729312,9.08042717623262,0.19143951211321422,0.0
466,5473562.1149849845,652604.3809632484,999472228.8222103,27115794.373427033,0.6261618290309872,4146.296213704751,6.271459775240791,0.18262053749992804,12.550171827441414,0.23701236257133523,0.0
467,9059801.339033173,1063483.088300644,1303694990.095031,43675242.53778281,0.6214813247437714,3901.222443158932,3.9602982660325465,0.09251180879009402,6.426867019260499,0.1852180985829611,0.0
468,44499630.97796826,6102032.844461763,4213413045.687674,192300336.67051962,0.6712750401827936,3829.727744337744,5.782845375383528,0.15756166288510806,10.335696469869438,0.15769167531492995,0.0
469,14929897.55690828,2842591.0751585937,730793173.0960379,52405061.34441976,0.4211283321943279,3651.6452929561515,4.822802111703966,1.5821624572356678,38.205818981356494,0.3104458090381745,0.0
470,28675113.63913262,3298218.087398713,4659102338.636205,144734090.61905235,0.714830851026401,3139.299687820733,182.52846161943214,0.10998113574705384,7.9983438140467005,0.27895654157408367,0.0
471,7733.669090892535,1881.2780175056146,1680766.3111870487,35917.51441337306,0.6414351620939021,3626.832492485193,0.8970852002496926,0.03776911025648122,2.55596735391826,0.24422581403215168,0.0
472,9715.11906016218,1949.5238365098242,2423159.6593266926,50452.01376985087,0.7368436990493433,3948.31773497041,1.3782988333174515,0.032559540121824784,2.30710401274183,0.24870965147941843,0.0
473,3546.705864836048,871.3777928378142,916174.7612293952,17399.711051847415,0.6211016687493338,3433.413078654312,0.4058868398876408,0.7070625107659915,13.007487579712267,0.24986265709919406,0.0
474,16367973.729726326,1514767.6741518266,3975108606.6034026,94893062.03696242,0.7782377188975802,3391.3951090926935,37.13673473076034,0.09625615248318242,7.16878798631217,0.3545873503195223,0.0
475,23316523.28879877,2758050.890581847,4238520188.1608987,120973876.18725848,0.6096958684438174,3646.612844403907,20.139129071316905,0.06636235404448945,4.545504939408049,0.2557602507867557,0.0
476,181204.29166293927,41936.31733116043,11144714.629943449,601389.4990368711,0.6618402462486849,4153.370501781032,1.6772864928294393,0.12185378089439665,8.854940935960418,0.1880330632846607,0.0
477,15205289.686604118,1104027.9862967345,3417758883.8172364,90975446.5870692,0.7752982955998641,3313.540030935872,117.91025180983908,0.10962713402566333,8.174174313725612,0.27949985530720267,0.0
478,8968445.573420767,1086944.4019144264,815518174.7705477,39810127.33224162,0.6697137027315128,3702.5200718965834,23.80068241599347,0.09985230913333573,6.687273961832813,0.06434717450543971,0.0
479,13757161.79463762,2275149.5590479285,884994468.1478958,51705152.73151404,0.08103600337018466,3742.912864215038,3.7557029639904185,5.50541279056906,93.09959710957772,0.3011309575800612,0.0
480,141421337.31624988,35009525.4262803,16694090613.154125,588197802.371947,0.6592192852306279,3799.8388147695377,5.01888220048526,0.11892570267439825,8.827244069348078,0.1318420442692639,0.0
481,26840.26512889032,11614.81913223104,1225533.828226673,60549.358246859294,0.6994811200574833,3361.250030162628,0.9641139035449364,0.050876416555160106,3.793674048465982,0.06779764563138176,0.0
482,21776239.10497865,5032525.944488419,1004084510.084842,66437591.6856759,0.6520548154218644,3993.2193035578675,131.53586282518543,0.8222177531660708,21.561965037393886,0.10714745996525425,0.0
483,1645408.8414087507,104166.15183905217,511515120.33688796,10924474.851993073,0.47608425842951385,3502.7989909473495,3.638367141550075,1.5280486475078494,34.70238475149002,0.32231518711423823,0.0
484,313003.5822835174,61594.796364828464,10823417.716023704,953810.8114106376,0.643884948148697,3816.5845165660544,2.088816958716073,0.0888528758883389,5.747965772637213,0.04051927515774013,0.0
485,29696401.70353063,5351417.09154627,1905563430.04724,111646828.4875592,0.4644927813573143,3588.5993675299833,33.37240324647891,1.4598932436054557,29.51463928953417,0.1595303267146281,0.0
486,48686107.13823821,5074746.9630112965,6346342014.29788,236854440.77938575,0.626558117442283,3878.3364327617282,9.438925346934923,0.09213936886832333,6.865126288096896,0.23088082976451757,0.0
487,48507907.33830265,6066826.894287258,3132923623.440335,194048068.73593876,0.7197573804860438,3761.556150111381,28.21344105955766,0.09075849932201141,6.471551157294982,0.16832184739342754,0.0
488,17842171.189690273,1173169.0744974713,4199723740.9887276,109923228.92397669,0.6771378000733336,3952.305224666471,9.090780267714061,0.14744816500956395,10.28735413191866,0.23837175069121147,0.0
489,16495788.691640135,2316716.6721793795,1705319684.132291,71645049.50006145,0.6506508128558585,3739.4456221161645,2.7831557755670353,0.11493044371139342,7.8103538146768825,0.17503199969801428,0.0
490,126232973.98768583,16714361.798725223,14906029755.59968,573091731.8562913,0.6807063186733397,3856.947294979629,126.77220273836313,0.1776869012761682,12.18533357292427,0.3090925581230409,0.0
491,98951264.27438295,13220213.12937373,7442530721.987093,400988635.06634563,0.6279624975973664,3869.200174219797,5.580841174614626,0.12675872857607046,8.925640629080394,0.09358901612736181,0.0
492,24169.163480451294,8192.256226853642,3783115.959979427,100692.15018030046,0.708917953155744,3828.1740703252513,2.245224100671516,0.11404213019716573,7.488989125185337,0.2887152547742168,0.0
493,143668897.38368085,95054198.9980484,6415384122.799818,360893632.87161285,0.6548821170862155,2600.267835385668,2.2378185846584633,0.07051505616787149,5.081207706921896,0.21068484852253963,0.0
494,232889.82549524255,58642.35026648043,14452090.957999468,744252.5175552804,0.6938540017182383,4158.945406206653,4.130333559081472,0.18418436971380975,13.341861503249243,0.3902181848027773,0.0
495,17586230.151706077,2871192.9175703,911611782.5258316,61345826.28966204,0.63122655585874,3878.89861520648,14.602930229342462,0.7977568951431409,19.753778989484157,0.10046937717599264,0.0
496,763362.8581579583,61944.74409822031,145555280.34556466,4230652.853360603,0.48718650724988566,3715.978498113425,4.114743266199121,1.5461909186103948,35.20438078092576,0.2709113416559292,0.0
497,464030328.70427084,141173912.86465383,11318376395.22551,1151824182.1848645,0.5145730743874065,2500.5374447149134,168.55633133379865,1.4248557072143369,27.00721441806928,0.19637719565535317,0.0
498,173063.740234042,95569.56841477849,3857636.259601125,310448.3579507971,0.6304959554146542,3704.695615074808,3.601383282931178,0.08798570195985925,6.089917590043259,0.23591727995978942,0.0
499,5825833.09755574,847154.6870701585,788403682.3133382,26322368.43324972,0.630594626067665,3842.0049840368047,2.8308655252855037,0.19652562382436392,12.919011201772088,0.14412066908059004,0.0
500,3306.923988889721,355.67219473497533,893670.3838428209,18933.126366997654,0.09672842982409266,3550.885675315259,1.0287625978345991,4.822935220327485,82.16080542873917,0.37055882068386514,0.0
501,2961.706247493622,384.7738679941072,1179615.7583050707,18886.753204404093,0.6444923672505821,3799.32757209213,0.9154038650673492,0.10763219914905679,7.811866597664457,0.08423691418324593,0.0
502,22921432.98222782,5985700.039128575,2018823447.0897758,88088989.541551,0.7133602362425966,3889.5236701605363,7.020192335294548,0.12106733890335608,8.559345491518542,0.22578240333855382,0.0
503,9870777.282095741,1829478.0281298663,579242793.4425831,35848676.76762176,0.7063457392675324,3653.082481011803,7.579862779935358,0.0842769687500855,6.099309247832534,0.3303501992253545,0.0
504,1849.3231542170543,134.33323402259458,1009257.5791534076,14076.237937062677,0.6559528083053298,3920.5006417380046,0.682668930558475,0.1458550110438744,10.373309087231446,0.2329060932897032,0.0
505,27286.957759032484,15795.27377314818,2106527.2641545413,73000.45959187625,0.6342935843385252,3437.821364070128,2.322567397035977,0.10658896880800776,7.341317562776905,0.12846323728277026,0.0
506,4486.961345634142,1090.0622473045264,1328809.7805862941,24407.410621993677,0.6726973958550352,3645.6316620886178,0.8642150391789667,0.748998544445594,16.084263341393118,0.23229620301179763,0.0
507,682979.2456476435,200572.20911899052,10777678.028951786,1579877.1408055779,0.7310964069210814,3599.2755724089493,9.733883711737551,0.6936972515524394,12.11431115758641,0.3060635416131153,0.0
508,697376.718050011,87148.48306345791,67272124.50307766,2998028.9065147745,0.7410433405561714,4088.849262561277,3.5707485794169704,0.05037889154507695,3.6172953266908863,0.13962786920029288,0.0
509,2125210.9675306175,505907.28344619443,100318728.45014161,6644424.701281166,0.742897184434075,3840.8045745611003,4.582780202495114,0.102415590106025,7.2325296831931,0.15334271992364573,0.0
510,261374.23353822686,28962.715318063427,28433595.5872161,1185317.3946096604,0.6734147582697302,4192.77793508242,1.9518262075069948,0.11033887887851365,7.522894381879281,0.20002465514826273,0.0
511,659558.8602904979,588284.825050764,4541905.99616723,882486.3853618043,0.674048636823266,3535.092994136206,2.531320193903201,0.19718948153096968,13.588590110151623,0.2377553029000494,0.0
512,202277808.88326508,20309198.731607616,24285780980.778736,971687772.2622083,0.34742289896178735,4070.740245465735,5.046817721381307,1.5130355273971317,32.69130857257068,0.18601150882237782,0.0
513,487290.7840708159,68133.29167997836,57534235.26743658,2161959.9012869475,0.6348632389149614,4092.715552744523,1.796800531270371,0.1006728181251634,6.300714691745313,0.2129586105790707,0.0
514,21770872.540698916,6893529.470730017,796278965.2718836,64230587.081245765,0.7266961872057759,3444.7575944409123,7.033730140944675,0.0968753583662024,7.059052545757309,0.20180096490559934,0.0
515,9396.850200001256,2038.4714157873016,1997035.230699097,45376.47759376823,0.7055537337804345,3408.2571597659944,1.5221039866599595,0.14184791084510406,9.698696848786602,0.42673082185115596,0.0
516,137133.15585137994,62246.352849963914,13470068.497594193,506277.7900383581,0.5191541941572442,3914.27311152677,1.919049191004553,0.19628383000466282,13.08258688390247,0.37365307980406015,0.0
517,25660344.95552797,5006210.0876509305,702659446.2432314,76609428.6423895,0.7063817259725268,3339.528043074597,17.15696188698032,0.1430339290715965,9.873904375443102,0.08093445620306865,0.0
518,1689248.8389694963,267956.6524516047,233727246.1476926,7833420.869283274,0.6803299678222968,4247.606013612825,7.018970513969961,0.08527202012449839,6.31564543883494,0.033042447905095675,0.0
519,10068.758865234617,1568.6736138162642,2653834.041460506,55737.67474230876,0.657340236128091,3517.4439009370285,1.9037798426712556,0.14615549430845148,10.324002081163432,0.5336396339432058,0.0
520,1588395099.6931913,456198919.8358962,58944593570.26133,4491156732.918252,0.7170452851500084,1621.6272388596935,41.08541187533721,0.04968953302826344,3.796216718522719,0.16420317991784866,0.0
521,2921.8084255629356,218.92899789183917,1148981.4983055564,19534.098003399144,0.3175902609415414,3836.823183409256,1.2738436061713612,4.16011997104695,72.46569417458505,0.32996701961480024,0.0
522,36608129.32188493,3241363.413432654,6271178653.2111225,197039709.52052927,0.6882279570161025,3178.6992844688048,897.6224151349419,0.16334872484836502,11.85726850072397,0.2297978214105335,0.0
523,4711068.649673702,889861.887009304,299492574.5818618,17163447.37445978,0.38885696976152007,3926.119111406394,2.5936252040065595,1.6497696012898957,41.62403709954461,0.31600450599267876,0.0
524,34062.42743392018,16556.359826005057,3903997.648752047,115917.89752130133,0.7082362366714565,3831.031384146969,2.0555291542763454,0.06583237729379957,4.393549521354663,0.15081044796937088,0.0
525,11255854.370329283,997786.8119993368,1799163960.6865401,59832439.0175488,0.6808668697249204,3066.0140704190007,10.139573647653453,0.8365014307954869,22.2851308002428,0.19098461856980448,0.0
526,404253482.88676983,95554191.87747109,16264111104.106396,1234834668.3581417,0.7389836399593706,3245.4854223089906,14.85449235291214,0.08830947480583742,6.499611946854053,0.11225544973003337,0.0
527,22175422.848548017,5519205.049941456,979839399.3470808,67811685.0837256,0.3684529240652909,4288.75305136521,2.57213730687666,1.5118843475203294,32.56593115789783,0.029164274342932468,0.0
528,4604285.338845086,751217.8271286081,483237033.99965745,19170282.40262145,0.6511363465731153,3888.251013320095,4.115297877856257,0.22799516578829912,15.848828629909377,0.25450070317797746,0.0
529,21004735.822751924,1230331.5380398815,7362231768.664658,145755146.9634942,0.5273723834003476,3073.4642241153947,8.079338642595495,0.01226050311414717,0.8509818211866943,0.2620775803087273,0.0
530,2353.671456098162,260.9202637091163,680633.6080272541,13598.608080254964,0.08281698351337541,4243.836371118747,0.923493752451329,5.494950167294544,92.54770280225253,0.3131109470756094,0.0
531,37615868.97857219,7558475.842893831,3973148123.6266327,158300972.26448265,0.714715788167364,4054.5811956248394,5.135619663630064,0.0962119531661358,6.733414036171494,0.22525368855366246,0.0
532,8671154.250393681,1561900.1067390642,569972876.5111576,30410942.780061044,0.7007678213176822,3340.8840849873127,11.187874190766573,0.0895313591052604,6.041000423595833,0.36316158487864647,0.0
533,20861690.54404386,3994311.918670161,2418329470.9461026,85274576.98373254,0.71911816343772,3114.553166999142,114.8721470957072,0.13928743551280096,9.770447315760645,0.08302850874459493,0.0
534,3061338.703538556,395166.34815511503,283402961.9006549,13150914.483454794,0.7484014838333395,3714.098432568847,6.665510102891605,0.019342944005412567,1.3035489464911478,0.19167713771616615,0.0
535,15587757.625437135,3064840.7101484495,816961311.5779008,54059030.98867031,0.6629422263433753,3702.0543517525048,6.426251763239282,0.1597428299315892,11.095801871194237,0.14957601690809075,0.0
536,35910.19682302568,23103.90567225111,3199023.763897378,105852.45229818443,0.6689103225031574,3523.5430790903697,2.145881811024045,0.09829702892889607,7.146041833914472,0.1807868978790918,0.0
537,87159783.6509711,11880552.960712794,9518332289.863651,394073866.5503577,0.6643848763039321,4089.9494510554596,6.455873748372659,0.13640409499444325,9.748094988015568,0.1338159905507173,0.0
538,19829.52796169615,9385.34879370462,2684766.787263063,71711.15956616723,0.6715747186978067,3343.153008968843,2.4233369214340468,0.0846142990343374,5.794796677558064,0.1866211805287873,0.0
539,2025.2604043358656,195.40213589016665,967801.2824166256,14347.84156473259,0.6350967238370491,3879.6133625919692,0.5145555265289669,0.06349196541025197,4.405263958746181,0.22910388463559486,0.0
540,120888588.28116374,42595983.004578784,2656979509.2883554,270491998.0894839,0.5849446744728344,2890.1535454819314,208.2094187008696,1.4678184495570095,29.923463900680993,0.0993852306091593,0.0
541,6649585.176636532,647862.1068695092,871318102.2683132,32785673.95944066,0.6615382627796376,3792.3143271424783,10.05670611191655,0.03955340297240628,2.7258558834826814,0.1314179896553366,0.0
542,13943254.509599116,1997629.4021159827,1228042967.3213222,57231030.91444881,0.7189015296260618,4035.0574010117484,6.054515128686369,0.12370066007416139,8.549024249556302,0.12541781076571581,0.0
543,477067794.80086315,116193753.15220611,11737046585.772404,1280097723.246672,0.6736367660412066,2153.248452438705,166.38269917378915,0.13666557504819207,9.852797201526613,0.20880105909886054,0.0
544,17745.40270927162,3516.309206768406,3779432.300252995,90716.02195924165,0.6644693905515797,3485.6119049032986,1.2054827766349883,0.09521811461164713,6.2768877393223645,0.32785616732510714,0.0
545,171485762.60556272,49642923.526001975,4338167824.579092,421990493.9164544,0.47443558691873305,3240.4453062889415,103.03246040612275,1.442861226202768,28.47852512376918,0.4429041767680151,0.0
546,1940509.189582752,371990.9481453135,144896660.148537,7230647.901210207,0.7034975677650483,3622.7914163379173,6.125131549338277,0.09544292161139704,7.039651539566949,0.33964651090177544,0.0
547,774722532.2265667,131544672.60801712,29445020761.79043,2579363303.382961,0.770858419694169,2411.257682729107,233.26878814436034,0.11710624802540207,8.430186743733014,0.1118277443750554,0.0
548,18117360.559294026,1490611.2349679996,4552095887.436613,110719834.61082807,0.7235353668287215,3593.5650044410877,119.4649094793958,0.10962148412453727,8.075803861769483,0.34805567108243135,0.0
549,22538554.4714549,2680310.45185894,4098221040.6636567,115290656.69579883,0.6942377093187752,3964.203260260885,44.43280619927573,0.23727670979918553,16.693021766575736,0.3232040905924291,0.0
550,26500747.8230036,3040797.2792936526,3101059772.6496534,123496587.31026235,0.4349480955687207,3423.7805851553517,74.46623678179499,2.1212175946159566,39.23876090528911,0.08064963490684134,0.0
551,6955960.285636936,1317309.6929693338,305356901.828766,22969651.279524274,0.7068172620872284,4032.656837605502,5.462717669288788,0.05783470500809207,4.375568530736844,0.013085007451292074,0.0
552,44359042.98840112,11459213.72428104,695938126.5666558,109552832.77275291,0.6634930742799933,3562.734744619236,3.70950013129612,0.11213161155310143,7.884417471896155,0.0820691847510285,0.0
553,17222547.296285354,6976794.949248262,467436265.69248545,41624916.850506864,0.5458045411247631,3020.3460153603346,41.10443435574132,1.5550169526841984,36.06300168235743,0.16288801806291492,0.0
554,129754885.2194376,21183823.61252805,5668102427.547223,450481017.2469181,0.7504604077485257,3490.7371997978025,255.63262171054055,0.16197303815130448,11.930411158970978,0.25948913662875545,0.0
555,5732718.446054178,841554.8121845985,406430821.56993073,22289630.04225066,0.7399900334313221,3324.970503193984,50.84051743398466,0.8080077344507078,20.666876819786477,0.44801355770445245,0.0
556,110882958.59400937,9750143.952258367,21492069751.036636,621909700.4515569,0.6150225325404165,3840.04484155387,6.905872403119409,0.09446657105266949,6.7918524874341415,0.3675143327454455,0.0
557,51914.00033256126,15724.10002670865,2750826.766138093,145290.94534057975,0.6910111100326196,3428.6875279360966,2.561451370488169,0.12860452132317962,9.279672808293755,0.1263727451398384,0.0
558,46857.50850358777,41708.61621873415,1816806.6552521512,84100.10287706225,0.6797781803690011,3586.210394473832,1.740508549788862,0.0554477412351261,3.983416221710557,0.5487340446266635,0.0
559,4923082.621315281,614028.2806940394,393919302.2325782,20778700.44476015,0.7245551095306471,3198.9561801275095,17.602603710764242,0.7807279684323701,18.260559342402765,0.22580989619797776,0.0
560,5639509.358332768,870405.981712391,327832791.51307553,20993786.20730591,0.7025263735819568,2645.5362513166283,66.77877096996919,0.793252125113648,19.406202922910744,0.14996119981816758,0.0
561,2579.524114923858,787.279462250018,988867.4751888957,15081.472761453357,0.6345022429348247,3878.9817515569753,0.46916589788328017,0.7266555645626354,14.333850762657633,0.22505211983777484,0.0
562,6252381.921275382,1806743.7149487901,231443967.22400254,18007813.54308461,0.6866021193046062,3387.006473223886,3.2575744633714567,0.08479697384563493,5.944393705244233,0.12534357274143737,0.0
563,20590435.66962775,4068906.545499485,1153987129.3982196,70806744.11769632,0.6882141188262969,3760.0586713193143,87.57727870240836,0.7121395232693291,13.706219925635386,0.22418581409095728,0.0
564,551567.7256307872,548664.6641356989,1865613.7472986572,577646.4608572169,0.7077871715355368,3456.7189766015626,4.149847948693137,0.3226347580535479,21.58377342320059,0.47015292235421324,0.0
565,21904.36206959449,4333.239331681638,2031406.191419697,85500.03529205921,0.7030930550797332,3900.0288331845886,1.3872593455581028,0.8039695693457215,20.02243723463893,0.2798628813376091,0.0
566,25832290.312105127,4360771.844482488,1432852375.6210124,94098606.6739305,0.6369302545062208,3695.5250991974412,4.528701143269769,0.12354814963786546,8.751252978409962,0.10675947805803793,0.0
567,9709614.577892689,1408205.4835997054,886823849.04656,40173746.486465275,0.497664385360166,3517.8193060639296,5.073653258581078,1.6131297416785118,39.57666986767816,0.19932700262016223,0.0
568,9690720.86632995,1310344.764806645,795984304.4483448,40904200.3952398,0.6933989647086964,3444.6213568197372,5.33185290881512,0.12630156941040135,9.024235367152858,0.17026396399522123,0.0
569,6412.905994066582,1512.6267894956068,1534882.0674978278,30741.54987788147,0.7393447824418965,3666.386147240883,0.9250045911072426,0.06885457295464645,4.933085704597387,0.3767947867852065,0.0
570,400332968.3281345,253577750.00400144,6951292504.048744,760096746.9165797,0.6836427508148756,1760.2722499913057,12.489680744712988,0.14803082031361986,10.590744968305764,0.27049629340431636,0.0
571,12239562.547229316,2334350.9506420987,364000794.35513675,37224603.3966922,0.7711464079589245,3300.6710207349197,47.743681604145465,0.18066293443332074,12.859494866064114,0.16175055192398555,0.0
572,11044.227649282702,5109.026924597326,1945605.9356198148,44667.56421423222,0.7068981144870374,3501.425972337474,1.7787891312602224,0.1376689439627655,9.226363438012768,0.29439451623510554,0.0
573,1029349833.5495594,230335201.15287328,22065046303.119923,2810971615.303064,0.5941313170424736,1395.0967117746363,9.41391538967056,0.09771212307806172,6.875478413730468,0.2818601031282045,0.0
574,82633.40487938732,10326.059676843526,11527770.18183038,386087.96820321155,0.66739147612663,4087.7548386397925,1.3674146298742325,0.07928403103377075,5.555705525200875,0.28918080562662085,0.0
575,5275783.563500992,447592.2988601487,810979318.028084,28041832.503438912,0.6939299862252218,3555.1687827756177,11.705636187554994,0.15174204287899365,10.964549802286431,0.165197427874513,0.0
576,52353.18189238373,6146.839762912583,9903673.684253136,272279.73167608725,0.6866077466073397,4302.202301462155,1.9163739816418033,0.20924348841938772,14.508460558954003,0.2406818098508589,0.0
577,6321.729477386575,2048.9612309539243,1486130.3577363635,29362.028914004983,0.652492345498455,3419.7242280777104,1.3750149623437784,0.7681880176561203,17.489832703387236,0.18461369397980187,0.0
578,85996273.66421555,29306453.31340028,2868178511.9477763,237069569.1160348,0.6462015183267507,4164.41416959941,5.129046731304251,0.07204186224468598,5.4224498303524555,0.01203815976535107,0.0
579,276559301.0973335,67159927.64367679,14226565536.875515,892574014.9279988,0.6791677705278372,3948.964204316104,4.715692172495383,0.16301366927933775,10.688755469355886,0.20700041223597765,0.0
580,165291.24329730394,157629.55517856352,2829378.799791849,220587.60324125766,0.6223730429524531,3854.077843876293,1.406705255860162,0.7540887148495553,16.002907793750737,0.3930666954613744,0.0
581,15192.034077486542,1800.130241465576,3701408.2089075386,83440.90096675509,0.6756255249109431,3575.7348765193024,2.566580422948206,0.14699188271397992,10.15426972548928,0.05196024780133486,0.0
582,2837527.5212763557,699840.0128010799,69836542.91322663,7702126.716953891,0.7096588458158187,3680.00054834013,19.741591384996696,0.03427548207173405,2.5392034760477413,0.29883732322905104,0.0
583,37737496.135696694,7285247.895157208,7817899001.662872,200322744.06787294,0.7421342356761359,3257.3087088117695,113.0132334074828,0.10140501979127467,7.429994468706082,0.2888587337724778,0.0
584,2568.7780808586417,384.84648426801687,1211238.1076231017,17707.997619195197,0.5379116985354273,3771.3897999182986,1.177166801927645,1.4862398692851642,31.494779255878672,0.3087596137670009,0.0
585,29473555.163951915,2149445.6981828776,5994264098.389258,172507440.83477643,0.5948957423759328,3764.3724946990533,7.800568570108351,0.7345752198372683,14.969783849550941,0.17884177394971515,0.0
586,8221713.678798668,1045792.211083838,726498662.9559773,35628025.53084724,0.7471224111240324,3284.226188991633,51.25446366539573,0.8149181458954597,20.999694769485732,0.04704057438442098,0.0
587,16983775.281998105,2513129.706500619,2226475744.0407186,78721514.89586519,0.6246499395940756,3938.675864855032,4.795707052698157,0.10818691639531472,7.948405624964549,0.07271214834103845,0.0
588,27326746.16587373,6484981.933045201,1203594570.8777208,89387598.05843124,0.7229983206514603,3622.991719836229,5.257013471584125,0.12642097530899993,9.21099425798575,0.01149548982376197,0.0
589,22131.378709678254,4656.620065560464,3113850.0219736355,91615.1971830336,0.7037880611283522,3573.9429965159543,1.577672345088305,0.17578231390756435,12.82998168679618,0.22455583170949342,0.0
590,89429677.58695325,24113732.7911003,4783585649.910204,287529606.5425352,0.6965069106323517,3817.4010900790654,4.824487873566217,0.10535189012186619,7.301013315868144,0.2025255982231594,0.0
591,43816.33805918953,12192.193675236069,3317020.623380172,137213.66665867632,0.6515375444221421,3425.401732033327,3.017134512010269,0.758609795417915,17.016529097756923,0.3208142221851466,0.0
592,45210571.48225693,7346103.254563594,4356541606.609657,182449709.75056636,0.720329830769445,3410.495833794117,42.494713381786276,0.043697592707670554,3.1510749752674827,0.271595389196065,0.0
593,127999.13740643444,30346.41508591668,8367742.1441288395,417432.9857515561,0.7740425733263909,3315.3377487069683,5.2223661962626595,0.06685712629577197,4.827693832171716,0.16281964950577357,0.0
594,4785366.073033101,563053.5818459901,386417185.2641251,20256456.504532628,0.2508144025704223,3755.2765266445463,11.049591732476282,4.203965350969352,75.12716557659996,0.30238005117524575,0.0
595,27474.14842613046,6733.906741806769,3927582.348820268,117581.26957110192,0.719686763852585,3326.1473159390125,2.8697858760454102,0.2023029997533901,14.8067433931969,0.2821214670846533,0.0
596,29939104.917536747,7888055.431628166,2043549104.2950191,96271533.80144626,0.7548485864990069,3618.0618255601944,53.512883494758874,0.10429246508650677,7.435217570674887,0.2175721810074387,0.0
597,74379979.20379438,8067625.92863109,6999548466.4574175,334686912.5479946,0.725670430752049,3797.3398570525187,96.6341211526884,0.09804967963499171,7.152503999251517,0.09055301106501544,0.0
598,4103771.988732682,586518.1713004886,444204345.8735121,17381267.752287697,0.7250936985876533,3643.5399452376387,26.581963976747225,0.15746764726561083,11.561669342612902,0.3855375723648797,0.0
599,20889305.505815443,2844208.093281462,2221517010.8949275,92369019.91678026,0.6704704353010934,3687.7846318427187,10.511439222020847,0.7551685422716584,16.986496744550287,0.17363443426355243,0.0
600,18396.23124159092,2478.502007151147,4197740.90305916,97775.56519437437,0.6697004827871976,3859.6611576726245,1.909556941180856,0.1243598975836064,8.445512919219237,0.19945478468823036,0.0
601,57280551.944377676,4952297.409312112,7775519625.056681,293984082.949293,0.7027857829583894,3957.662736363469,16.432358261725422,0.09281513174182195,6.763610970382187,0.14289784135644656,0.0
602,12596255.4468166,869278.6141980098,2880354416.344785,76525730.06778814,0.471445332574661,3477.3065080514643,40.90331938037546,2.1490914915735524,41.354755662452,0.24006678696243022,0.0
603,9060.286423027695,966.2968278845943,2907149.3929198263,54883.760418786536,0.6687228493596253,3523.4887780323315,0.8603887035058435,0.10104143624871753,6.951614260759927,0.2178484707764459,0.0
604,2762.0995789368244,521.5978125570042,1039236.7175885376,16842.600957462222,0.6310502588554049,3640.38223779173,0.59828112849814,0.08212261588146186,5.94145904783934,0.195471392873916,0.0
605,11849322.817290299,8441966.671066564,190690479.05681437,23735351.402188487,0.6659631123632633,3447.66844189708,7.439922916565009,0.15221213711630055,11.031142595618327,0.11201732751554755,0.0
606,933870.1266870536,69933.90791223818,175824868.45531383,5293043.836707643,0.5449148542522801,3650.666462657683,8.46760341198934,1.5322195399014087,34.70311980972335,0.21084062896489442,0.0
607,65676382.42115797,8324732.428200017,9092711203.887453,315085222.1744946,0.6325924847499288,3907.029225617021,5.405145393590548,0.1077275721159399,7.808315715082385,0.22905840146095138,0.0
608,280983494.18109226,88976832.25510015,2832871555.175385,605201428.4604592,0.653014302331645,2610.052410180542,10.51250602822468,0.746217725779575,16.06201977282341,0.14293171764659407,0.0
609,67329701.8094297,12450470.120415475,7002140536.113134,283772705.92441756,0.5428016725378187,3044.143841455336,88.0406981950569,1.5265557645891883,34.16517423018317,0.15313675135173327,0.0
610,7028.954360035992,563.3044091285208,2353575.755736834,45060.53053163581,0.4228825099563145,4176.026052137735,1.4419211943588013,1.576670991804215,37.27805100316917,0.32133326052757916,0.0
611,9329116.43540766,909965.9729310119,2042102674.4848046,53402968.40445125,0.7312399638497117,3253.8195836125997,37.226329219114476,0.1260669869227379,9.069595486331718,0.2654550220469985,0.0
612,2770224.819891994,602837.1098106349,238560073.95766273,10632274.930638254,0.6103933041203534,3912.4628393636085,2.7356876291540875,0.10278124470033756,7.0347971643057035,0.03426007315498951,0.0
613,2355400.2036277237,316214.1984856585,178168487.7723836,9461748.242592957,0.6940990522918881,3763.8676665331723,16.98064670214862,0.13074929221651885,9.32374767496048,0.16085671640560864,0.0
614,6432.378938721617,2111.9929410522514,1799883.6058800586,32721.350729185644,0.6813095860576291,3686.314757080714,1.5934673067952976,0.7959015534997169,19.328504664294663,0.36985656925528115,0.0
615,14707364.02294769,7352544.227735804,66479164.70552118,23412305.191350065,0.6865406308076165,3460.8097411947874,9.63661565517753,0.21972574012045154,15.797039782812329,0.028606292308846967,0.0
616,12894833.31201461,2882437.173114554,552009388.8300512,37861622.13844177,0.6389536231056561,3633.8513123847238,9.536592603531586,0.13033697172393915,8.943388466426832,0.25782040200656,0.0
617,9648.317378741052,3197.775402906421,1841225.7068865441,39815.68775715757,0.6121714842598881,3679.239513809659,0.9394019012736348,0.7810616617704418,17.943830183806817,0.308418376123356,0.0
618,18362993.248436227,4599537.909987928,294144325.702556,46255286.19860977,0.4501205876056399,3531.3283356321117,4.175860454604557,1.5117310987718118,33.49926379086289,0.009383538829198877,0.0
619,340384.4964798301,124575.61929094014,36168395.32647802,1405749.1456779211,0.6399803033440036,3700.2419093696426,1.9471779877883812,0.07990350361529233,5.469369858380503,0.2720784709412992,0.0
620,6560235.702837275,2933287.973391644,314457316.4094456,20100729.49078483,0.6708599875513284,4209.626831635427,3.057551451528295,0.0678370631471287,4.815523622371143,0.14582237525634462,0.0
621,29890060.00015561,5757745.537526357,1348089058.5287383,100814730.89057548,0.43720001412954873,3427.0447138131167,28.399782133219055,2.173887131844114,43.16953187170144,0.06376803626587972,0.0
622,6301.5857935400045,1298.5230902732146,1685624.9271464832,32909.51300494027,0.6859805781263718,3548.904305304553,1.0947339300224683,0.04860200560448478,3.5252930970346483,0.18798060367262073,0.0
623,33512.72410376197,11717.304082774028,2529112.9898173115,113016.17709195186,0.10071548549264941,3856.665528196413,1.5012329062175775,5.408018955498202,86.8748568992024,0.3097099309879089,0.0
624,10558768.173828397,2748859.4411691776,400016957.6309511,29647721.868088096,0.6437068882691237,3312.1081456936317,9.460730899948524,0.1447350318235192,10.266877686300926,0.2614889790171265,0.0
625,31640.89337434354,12348.011312339026,1814928.276004422,79348.1825820472,0.7258144121963481,3670.9478290777283,2.055956872161319,0.0554553225482036,4.149912323450411,0.24515105167932855,0.0
626,174985258.89974076,60009349.25277895,5502334270.520343,440855387.9912082,0.772516559499388,3314.614530718054,81.1081936911618,0.03843368761704298,2.85884224392624,0.2510759449726865,0.0
627,11180661.853829846,936792.6811108943,2100691273.6923554,62669788.46735209,0.7016710608744262,3229.696475495948,21.687944127990356,0.802797030948058,19.953393065615934,0.2917886503107686,0.0
628,19780486.789124083,2067965.4096299335,2809472253.458182,97135934.78453027,0.7416119609678865,3385.6734685041333,39.3947141025571,0.11596791114121192,8.667143249890087,0.1970485793870391,0.0
629,38563148.87566535,7251834.733836266,1916129099.3751743,131311168.97439353,0.5789588351922317,4055.49101667165,4.392585725726235,0.1477047411588309,10.508777810324082,0.22521363579680223,0.0
630,5751.657072358543,1924.4622404498994,1594658.5966517325,29383.667317870022,0.6245428677210774,3646.6505978775613,1.3794218181090616,0.21746049270132986,14.691396115500577,0.39818777867663946,0.0
631,33038809.92415923,5189731.185840676,2745819317.1924257,132010045.28522941,0.7155623017555843,3992.6994513261952,10.432801665893372,0.7725920332957992,17.573386111967434,0.31113344728407377,0.0
632,78347.83954301069,13279.292620707978,5156729.993015547,277409.7388948108,0.6817215589913979,3716.645868153625,2.3797551544187803,0.11360203365880554,8.242006434803281,0.29982217331039235,0.0
633,19322285.02777302,6205780.893669996,539962012.9191134,50838631.02606739,0.4526525672056195,3789.4213923955986,14.597843757362021,1.4768884063936842,30.718369614961574,0.12855649688249535,0.0
634,18467058.277810104,3442601.882051467,1492630337.1659248,73148511.00698471,0.704003784749042,3574.5027435033026,6.302152829387125,0.08029290001895592,5.698925193765632,0.14973951036173241,0.0
635,4850.632807746231,586.832194626374,1640839.3938623625,29314.399149272584,0.7346122599016095,3720.451060882937,0.914579798433719,0.06236995438704129,4.307420614981467,0.41256922075254854,0.0
636,5927426.56376866,1855502.8814408458,86257520.80498053,13662335.517500449,0.723282928111059,3694.190987693709,3.3644680694138205,0.15017126333582292,10.7474373000475,0.29995277164347656,0.0
637,92408179.82672165,10406483.48589252,13232267062.495176,457534316.9845244,0.7313074643248619,3536.231855598937,17.376684458648214,0.11611977788087673,8.40463332336529,0.2039154278411254,0.0
638,83886599.7726002,10136931.82880134,10413832788.183712,400447635.11211276,0.6864810404091417,4107.498956163665,7.993430771766242,0.06489814247504233,4.627247087993818,0.12180646565732571,0.0
639,30164950.42614702,6875385.772641311,2138219394.7719836,110306989.56608948,0.6125784769814727,3755.610079615745,1.7452915036753665,0.040401467670653356,2.9439203325972585,0.19476843229828905,0.0
640,19227.25244670622,4383.312291357914,2331288.132358833,74787.47394635997,0.6812020619708905,3557.4767596876736,1.790436784145131,0.19059119581908934,13.802084779123286,0.42335343585453,0.0
641,10780489.795972947,1291809.5079208722,1391757310.314899,50897145.21183616,0.629706442296503,3944.6577270355315,20.86849484453223,0.18401030658395215,12.75902466700271,0.1887558827064119,0.0
642,23999836.4168654,3881725.980190067,1303643940.9283726,88089810.51006167,0.7196815793546544,3960.561847313149,9.462523231311321,0.10398718449548898,7.465761456960737,0.358390277726608,0.0
643,57797651.27635536,8831840.028637443,3189361377.5805583,214387744.93417117,0.7011760244999456,3855.195712100077,63.73056044566248,0.11489948003711081,7.991853074052349,0.16053573535354626,0.0
644,35679413.95887818,8838357.942717837,3660768685.6750193,130255105.32437658,0.6717114969378988,3232.816547775,34.47926865382271,0.12065541762085888,8.521169494707085,0.3483366229538279,0.0
645,135787641.787923,39309477.355097964,7625342341.128851,431491991.46468765,0.6756801780796965,3445.8376976847862,7.405948054638412,0.08727117188337745,6.452850765758567,0.09522128873934257,0.0
646,3356.308260998052,727.6139571464921,1021679.4793757924,18085.370447493788,0.6652692785635138,3936.789603231424,0.6429269913387214,0.06184849083801876,4.413635058514219,0.2699148104522994,0.0
647,200411.9525364054,27311.17793414284,28713507.999239992,960865.5733990032,0.6655165086824111,3962.5146026884004,2.810456270346399,0.17851976973780062,12.350970066246585,0.24521666950112933,0.0
648,363445.4474415899,171421.07832710157,11213397.354327446,794155.0717475186,0.7689648555343398,3774.453275581882,4.26056984764136,0.06667190548010904,4.757880776895526,0.38745596564214624,0.0
649,14518144.304253336,1016947.2554108439,3666543323.263022,90031493.39584611,0.5376236232129392,2877.5680772620303,23.479035086830176,1.4809615011417214,31.11517152250992,0.28415660823577843,0.0
650,1415585.68877935,446533.9204822111,26236503.72437761,3395854.9103307687,0.6114649741423996,4080.504377026696,2.6867939940375694,0.7629863426971624,16.752423891134644,0.12536987392546492,0.0
651,225448169.99742422,21929949.770569287,43070198151.57132,1243905157.3331044,0.5271851499929217,3694.468669158906,3.7638921108170678,0.18526795700864654,11.98255622732799,0.13039998663988084,0.0
652,8394236.656662058,733863.268058681,1608231689.700241,46918559.78361258,0.5480122856069612,3204.0788468312107,20.283685609438077,1.517628766437038,33.41845654918073,0.1780140196326572,0.0
653,128635856.76411137,15570731.416501839,14439820808.887634,594212346.6355109,0.5869253485188154,3741.6758100310008,2.965802326961842,0.08314271963825223,5.5805853063506845,0.28343159402693546,0.0
654,6022859.386401935,768472.9459251233,705602925.0435779,27548234.26943046,0.7027025003890081,4032.798290867644,6.759608968481199,0.17738164974507278,11.960393624632347,0.16247162046375785,0.0
655,7533007.249205029,5421134.528102798,27009464.13255136,9767616.797824958,0.6399068847175151,3577.826651461987,6.333355030448141,0.15116370384582084,10.920589265834602,0.32074852625989875,0.0
656,12140223.38748419,1309115.8994650864,1242312922.1722674,55884960.06661604,0.7086899246415619,3577.3660419012026,57.848691942793835,0.13873598164502798,10.17301758799313,0.04928314343778873,0.0
657,12325487.745269625,4896721.198506371,191634009.7168891,25559369.546490032,0.7607836991172633,3872.2631335587294,6.783441421850924,0.06343427302160771,4.614158598243551,0.27304538350702856,0.0
658,86110908.09664944,20224408.922071442,5283483177.754068,305782501.24037707,0.6678818078828221,3340.6762377427185,16.576679725218735,0.05667740101118914,4.25374812001697,0.15447690203021147,0.0
659,29619576.927846245,28736823.662503075,157527223.49190012,33953585.82625909,0.543489073239574,3834.910744485189,10.580558201057501,1.5388133028220383,35.068563576958,0.34754966967863116,0.0
660,14861859.705119427,4825216.303207785,333357829.707227,38840497.162046924,0.4025604429020916,3728.6856811962334,3.554007151475566,1.6063340517915747,39.04909737317605,0.39664397497946,0.0
661,31793158.34488227,2334979.2104157414,6529192663.672571,186103732.2503584,0.300174550939191,3940.751682727128,57.80639658535927,3.4986877136483203,62.77831347277063,0.2169305748534788,0.0
662,1894076.8372050014,500471.9764003541,38722319.534690544,4918339.124445661,0.7478618788441482,3101.775749327172,6.8611819860150005,0.8180687350230558,20.757885195125404,0.1529203111373378,0.0
663,8330901.613975601,1397307.9199583945,414517573.5386385,28945601.694897763,0.7457202205547022,3919.8867005043867,30.292670058890526,0.12765166367708697,9.332315072250433,0.09054138665942557,0.0
664,4678.9184107760075,1617.7834342280291,1253577.2022262798,23460.883788828807,0.636875837297222,3433.696974509249,0.8422293921724842,0.06272554665765595,4.6522411597092965,0.4712464321783322,0.0
665,8847682.73238353,623489.6527812763,2517036134.9132943,57044853.17057707,0.741180549819395,3302.6961610931417,18.432605397702652,0.10800995233404427,7.450430767890639,0.3083342737526458,0.0
666,5435148.275730964,788470.7014195418,499398881.291663,22582746.443053387,0.6611848577407489,3787.625847471929,4.774884371913533,0.703123671734444,13.0871539895424,0.13748154364489937,0.0
667,18641.467639585964,7911.1807986677495,2175491.5669217207,62717.19207354266,0.7035883158996262,3500.320046320931,2.481281044804993,0.12731482776204112,8.927319880807797,0.3269276202404914,0.0
668,895882900.7242315,157230184.14019513,71612320559.70703,3430567807.2742147,0.6464847431516699,1297.8214612515371,11.67566470043085,0.07111427171188955,5.194701752092468,0.3224191219378817,0.0
669,3511812.6498420956,656999.2841262893,257431120.90362573,13011512.169738783,0.5789573990351095,3717.1453961895386,1.4933691158179527,0.10672022356280735,6.955694620236011,0.284221646773929,0.0
670,10793.341171779848,2359.8501800432578,2514013.2859400483,54005.23536480125,0.6946545000774416,3694.423833069533,0.9986053179492357,0.09153137395351019,5.963116010178389,0.5121362752379666,0.0
671,8398.115740262552,2241.7842340351767,1076112.265668707,30346.31170304788,0.6449348843906556,3426.3235858025273,1.2105614932949742,0.24956070462486252,17.95214946650312,0.21554682918012064,0.0
672,122835938.29386768,9974137.901982618,22145309154.84117,681515498.9188354,0.623819976626462,3842.6929433229207,10.251427090383784,0.2811541360129094,18.89072627229794,0.2159768054354678,0.0
673,10173.88542494267,2618.9808285397676,1810417.2944982052,43492.10112708778,0.6427850364785785,3515.6877676108707,1.257424435935683,0.050338293855881754,3.4994043026906794,0.06873229389242194,0.0
674,559210.1029217846,34894.22781076942,187568000.86251158,3806702.2602003543,0.1851590457139149,3305.7262061678557,1.1379194631010572,2.751953590109019,46.61703338748573,0.36873358843446336,0.0
675,5636.777644770248,1544.5784363487714,1211937.8123684027,25456.28222203797,0.6457991912538136,3430.350957714502,0.43941259534310406,0.022104724290531584,1.3510275993689347,0.26010592788679315,0.0
676,8428.128787154934,1091.1715508222985,2050234.1703346525,45107.14215586716,0.6081667396521753,3937.138930292712,1.0918999502322186,0.740137145458547,15.390771380189273,0.19106708214531012,0.0
677,37987432.268152006,4354769.019542269,3872984577.1333404,172449933.52750397,0.5800286583286087,4062.138589307658,6.986495657256312,0.8042477305895457,19.810071592992415,0.1953924158572572,0.0
678,14956.980546653973,3024.537980400941,2330923.356156557,64133.845805249446,0.6983905191224798,3549.061440890454,1.5557619108596783,0.076502208243212,5.369596616303921,0.1330632994181922,0.0
679,1301374.5504128055,160221.866156643,131175495.14648712,5820053.139588282,0.5817434314493054,3843.5470727214743,5.37561338218843,0.10296224175165394,7.07270182461446,0.26216616214563676,0.0
680,30814852.382372804,4504852.153941082,2642220952.7689776,127829258.45119807,0.6315914392856667,3642.4738056124784,9.46226379383427,0.10180308977662059,7.144295096780352,0.06850526486042048,0.0
681,7518926.148785844,1488756.0855279486,775881708.0581474,31038408.57427361,0.23332977941197824,3728.774892278745,5.7160691632230325,3.4725926219453553,60.42939779937153,0.10719904291866761,0.0
682,21079.33883079779,4557.611481998852,2132028.711049242,79931.63566601204,0.7059180120471285,3602.555538143757,1.3311705986471916,0.23208008458428225,15.57045434055712,0.3207923978872163,0.0
683,1101329.5187091783,196481.92634801945,114129578.10276167,4576788.207240721,0.6541973397129157,3926.634288780059,2.543024920425859,0.1320523847368853,9.401764416216874,0.3378209834488882,0.0
684,38252.206638170275,10356.128536023036,4399018.6580094565,147257.76629038833,0.6443919254914168,3450.9154156828768,1.7317677156301625,0.12574590493965693,8.38972183566549,0.023343831575211374,0.0
685,1384471.805512954,449895.49714936205,85223140.59260555,4360529.988894877,0.7750297118772147,3515.6508761131786,11.689107803094794,0.04186256654858136,2.9660870890125395,0.11833105469662172,0.0
686,58091417.55296961,17866240.280383192,2889437151.335922,176558217.4862933,0.6869111801090795,3769.769636793883,5.712950933946649,0.14915000232791104,10.144159959911116,0.21323812955206586,0.0
687,3915917.715432468,493220.9084278649,256886456.79277778,15653535.604871392,0.6862757359909504,3573.802867263714,8.497042597585565,0.12522033922727802,8.782749948577948,0.18981359822010607,0.0
688,159626.73251427402,26643.89567483693,12655549.249655876,605129.8854150081,0.7343029610521112,3723.908521669455,4.718048139271543,0.0743068325693403,5.623755054295598,0.07373856538696477,0.0
689,55629771.57817632,4946995.925411774,7208806687.421415,280145458.26764256,0.7455609764301194,3759.0666350544543,18.64046060092633,0.05016644914237452,3.5106822589516566,0.13641106087362095,0.0
690,54168366.19386951,22154619.391683493,967049648.7591588,121836371.72985601,0.6809171216914748,3287.1716013203004,7.5909548249891055,0.15171578455350881,10.583015486053307,0.042293245224591554,0.0
691,40003.55080936209,22289.104880773542,1600802.6330518033,85197.74799083122,0.7523812682813882,3361.140899984109,1.7769424475005104,0.047319762617633376,3.373992849730277,0.30029378605987517,0.0
692,5076578.634028079,960645.1757263958,335752712.4983928,18087636.111558266,0.6828889685413114,3735.225324817683,3.9303779335760396,0.10693525441195409,7.234133842855316,0.31472311983921675,0.0
693,1463177425.6243434,727626655.7071694,9892162595.37269,2445912410.1880155,0.7044737135584136,1075.6175837026553,19.42693845787683,0.08385832631389452,5.938069481228906,0.09532603347867934,0.0
694,24264333.1993882,1808261.3155628766,8158390680.179071,162517018.0677008,0.7484956072263771,3513.0015499082465,128.66895640697268,0.7301892156814607,14.835778260185709,0.3251427652976146,0.0
695,2686256.2946270183,790036.4988114448,64072378.72363071,6762838.144606729,0.6563806393954728,3761.129590931515,5.442310376279532,0.13578995022930415,9.55275594514002,0.07574284041638023,0.0
696,186903.06680621047,32754.899087964382,28349620.521267664,831401.5450523035,0.7552779907378588,3246.6040315237524,2.9866434782514997,0.04093481145593421,3.107262780551724,0.2892940959300393,0.0
697,55784706.126246415,4958018.085360644,7456019251.567988,283442817.6916785,0.7118442397533915,3737.5801966270133,21.061461781149635,0.16665106773638874,11.679613557414203,0.28832574144071305,0.0
698,11379797.900253577,1434595.5492827164,1365303665.672689,52821954.35815103,0.6125423148111595,3794.370156755605,1.6703558838988515,0.07983187638217552,5.523488659282885,0.1882318403234494,0.0
699,9139.745260667754,5824.397830463842,1232665.845980779,29414.112807560545,0.6292046355001004,3828.9619316930384,0.8354201492615788,0.0473390691688393,3.437447219517915,0.11730868816504175,0.0
700,16238566.247328531,2102047.4091306813,2870985013.5653877,84455220.80145729,0.7355493686120216,2960.9775723394296,112.05150586566211,0.10372022989499338,7.516678098952754,0.248176982302822,0.0
701,172394353.7412203,11431426.595177637,39420024652.11775,1052932467.834976,0.6648868323202013,4183.674749270116,37.12343807508721,0.111704006489978,8.101231435570794,0.10124677213813439,0.0
702,5700.285465493866,1969.2168450317597,1181967.8020012514,24868.35849375905,0.5823193440601508,3687.219861466374,0.9426956557472432,0.13273836725095017,9.277727834331099,0.30251550819985473,0.0
703,8044849.251512098,1454559.0620702826,480596131.40274966,28888506.360686135,0.5928907876882404,3941.1563060987096,2.629427164192503,0.11333460704538005,8.258849624692015,0.24154397672937025,0.0
704,15388452.22970822,1882358.879466686,1412821172.2053895,65993164.503318965,0.5878248178638227,3843.483610103215,3.2978078739322343,0.21485687594757516,14.392898187049212,0.1813094614252686,0.0
705,129864763.72910435,27536762.718425393,12090747331.683168,516081940.0823725,0.6600956185434385,3448.910538207182,7.875276200579627,0.12474339840825702,8.744025633835658,0.05971299809068921,0.0
706,14533443.384198451,771801.3764509906,5753779713.424833,105767587.30112945,0.5029185179325687,3587.4775201177195,29.794448367166243,1.5591210229706438,36.459144951187305,0.15005141859084972,0.0
707,551093.6637899803,547756.3343439125,2319242.3932304503,595565.5202086918,0.5545914922235704,3809.336578263151,1.9647066205886836,0.2817718259417526,17.909057867927835,0.48232013268298096,0.0
708,14262.106174479031,4234.562258782402,2308564.948115765,59346.28073665375,0.6717837214723275,3580.4464414357967,1.8084908427497781,0.078544792984008,5.420305413227086,0.523323864864629,0.0
709,30517626.758154064,5034655.441216326,1974614723.0965912,114682518.04130585,0.6312822778136548,3686.288628269547,3.677192189593595,0.08796657624555992,6.356695279588868,0.08051326041056421,0.0
710,4663.719981335249,982.4501449316913,1534632.8727617175,26564.47550850241,0.7356852940121408,3506.66584029956,0.8847076109394479,0.09006916659642031,6.593894197877911,0.2195992072173619,0.0
711,13507803.919926416,2397759.7901075413,451365455.90452623,42921423.524429396,0.6636477199203786,3653.6928172897333,8.125118176792013,0.16604482833850964,11.41143339339483,0.2504028965222961,0.0
712,463686.61391079833,89468.10907201574,15609854.78954463,1417021.49370418,0.45656618416514866,3385.1109239291945,11.02571426891354,2.1163424273420395,39.045186726719194,0.11635624792155261,0.0
713,7516999.607780248,919425.0758075943,1245730714.8681483,38096866.33939998,0.6136354855391709,3492.266137188406,50.57180247874467,0.7360193762967762,15.208786203693625,0.45115202771042284,0.0
714,27997589.353611678,3654193.1365005584,4049623450.458084,130993274.48494656,0.7286177290598028,3343.125460855751,155.01504490979457,0.15336188337240939,11.09032289327239,0.1626887155505954,0.0
715,33619925.0852152,5710797.7018561615,2808158156.9344225,135447549.333359,0.6553585406309044,3488.707587752936,4.037538241858452,0.10687793874048142,7.996897033917245,0.09363475331301363,0.0
716,4075.5851153099225,691.8629916409827,1494861.9259349394,24906.82608579404,0.6621371527669015,3798.539433120988,0.8725869378017727,0.7550056279517344,16.29192974579002,0.39965306430761394,0.0
717,12611579110.341702,2510565170.331745,478840361480.5002,39599350141.21543,0.7303427149561373,1157.9769891011626,79.52842291291161,0.16155377094030232,11.100117512551332,0.028583162742576388,0.0
718,197133044.2795821,25482402.318145048,15370369399.369287,821354020.7505533,0.7312541870721032,3625.110633642325,27.19316745384132,0.14455787925868008,10.597800229593533,0.16961045412697173,0.0
719,21851305.696390305,1979795.2124592096,4630103774.729651,122763548.40248764,0.7271746026094473,3390.3774319448894,67.12090788939959,0.0870125773307838,6.085369908334185,0.30031703375575347,0.0
720,5148.538234042642,1108.9059323700844,1409394.1367604749,27135.384455702977,0.7147623455077203,3604.0019515306726,0.7199770045920413,0.04403916274814881,3.3254940090133345,0.31435943467619454,0.0
721,11591568.264415724,2122507.68326719,1235690176.6443713,49222327.33848927,0.6871722617006931,3829.141567931233,3.5193963721853487,0.07793278934575198,5.690850474740406,0.11087744852979786,0.0
722,9879611.990270253,904931.8977234619,1404746924.1316547,50761981.996927954,0.5647990372213034,2349.673632815684,35.852644395792524,0.23985913143353638,17.112097553361405,0.1928634587975955,0.0
723,11553867.17909525,1109914.0254349038,1816222278.6703534,60077122.72241305,0.6549459602407358,2833.852038974281,69.66236746847508,0.8128353599517532,20.680516806965187,0.2468305936455222,0.0
724,6691101.707421301,546234.1873220298,1880196542.9789033,42539416.76804106,0.6859108912254395,3081.064577735823,8.146392186728214,0.13024839383394465,9.50528307633418,0.2966788621663788,0.0
725,114671658.2507495,19046809.245472796,10460261816.759638,475131284.8006164,0.705861300830738,3139.739239759755,114.53982436884408,0.23216951844930173,16.324729974130044,0.13782892770883284,0.0
726,3255.0000949280357,1041.9027347489057,1018440.7551968774,17219.682615465765,0.6719072416595919,3534.3325664065487,0.7260964109485695,0.14409241445361332,9.751083830930579,0.273894713403865,0.0
727,277393759.9542223,91624003.97736627,5163942201.619492,654638430.6487414,0.686973864412781,2652.35935149512,236.15052476600496,0.7726951278724014,17.81615288960365,0.08545338814933778,0.0
728,857190.8036256197,66726.39599051165,149056530.77824128,4723449.102992492,0.5246113417338608,3653.062015751959,10.052874316625243,1.5900173680918308,38.715023475246134,0.21378516247626234,0.0
729,159787234.59998363,47950866.40467435,4444304226.451485,426603735.1413682,0.6214267664150758,3705.88204997509,7.602099647037717,0.04457347293094953,3.3775407431893014,0.12542137314212712,0.0
730,7075034.790578691,480428.1333652463,1823974053.2675946,44428203.57000884,0.48958062940620123,3404.6783604151715,4.396077253345505,1.5403724031391555,35.06882814668458,0.2774956721046903,0.0
731,75251801.63584498,24383594.269200403,3364078390.062457,213674122.49152535,0.6678242159598591,3400.3214261437165,5.9646835917121335,0.08724011546213202,6.4399272805826415,0.11719343872205377,0.0
732,5703780.316295585,748331.7505080692,612655596.7949603,25292687.384437505,0.7028152150791531,3625.6148238460323,9.335767093591636,0.10723399623938912,8.062486172494143,0.12220663342676459,0.0
733,193835.11474105404,77299.56755287625,6765872.4617335545,496642.3331204227,0.7596033399622079,3624.3152201511098,4.414394514169075,0.08879644823223068,6.2639505382576885,0.3038753247064026,0.0
734,2830050.2374518896,472104.6100734494,570034306.8248341,13576603.3157376,0.7060384613266302,3654.3465505192626,26.535696639616212,0.1921416439470261,13.958796742937285,0.4404448370804869,0.0
735,46281881.303703345,5799814.655021563,4263389288.7622237,198928084.08877945,0.7747315920452883,3147.5079626077913,887.6576142544653,0.14278820759366617,10.215541162734533,0.24043404665586288,0.0
736,1372064.240398377,241493.32241023582,97840025.24002376,5350308.40070604,0.08739461414323765,4288.463881836353,3.3608569884169603,5.359979846328544,83.8780498185727,0.361434695025611,0.0
737,2265735.8163036495,421004.4451982556,478790583.94266987,11641206.368533116,0.3151768162880161,3833.740800492448,5.5035680638408815,4.084385018231106,66.65188312758603,0.30205087870442565,0.0
738,4621.014711715892,2345.9635473844382,663674.1287259574,15242.545894189778,0.08298009750348885,3757.8775895158597,0.9239114956697753,5.450731204261357,89.35410564966146,0.1365365220171963,0.0
739,11043428.069817794,1012651.0707111342,1923474522.2879848,60411991.83331803,0.508318693448838,2877.644716602934,73.47287919020762,1.5317678666886698,34.99843999162886,0.18896291122306016,0.0
740,1625890.2429645057,325645.3290161671,228691462.5503776,7517384.445572741,0.6235066426330003,4284.259203284597,2.516702237115914,0.14190897260482932,9.866965693005344,0.2955411913321063,0.0
741,33817554.08061128,7342548.573299793,1196267768.5360494,103019358.3120881,0.7432042522289104,3941.1660228764576,4.2192398424165365,0.06740535302696235,4.98315952439355,0.09646413493314959,0.0
742,5916986.111406218,673271.8925506823,477683333.7155016,25340565.635740586,0.7293373979511527,3670.678044353764,12.138715196681058,0.14862781263612757,10.339072445077182,0.4143636903123571,0.0
743,11304239.37673552,811072.3040026806,3441897543.9393897,74253893.60562196,0.6981136946735019,3166.315100934763,19.92177651415216,0.1710779990044947,12.083766211374005,0.34244934618832734,0.0
744,6436512.084469516,1087481.050696853,476534075.8919376,24273809.680769835,0.5585156998778593,4002.6800945746945,1.9126738872700946,0.10920667204498491,7.391845276790872,0.17959267156368555,0.0
745,15471654.818712035,1068798.403426487,4029288929.1310873,96991471.18522176,0.6256714242020605,3620.9293299862125,15.10018069085038,0.7907655936100288,19.232738822043363,0.2685962395988185,0.0
746,7582533.545644509,2308522.0958090965,768689438.2988131,31055193.700089682,0.6276545815144484,3722.9786477787266,2.2017475454321134,0.15611697652174278,10.306594390281095,0.13596465169394753,0.0
747,466885473.9447172,79892408.57133861,23635377470.631645,1639871385.858917,0.7266105685039195,3195.5928327011075,21.28240899975617,0.19096007463575954,12.929605904415803,0.1315044119410972,0.0
748,77490.02510631547,39710.34457138353,5416783.122198615,215349.64382584253,0.6498066590843017,3583.0342019120762,2.9976312970221213,0.09423740973301298,6.389224924768749,0.2276468539803471,0.0
749,17454411.933729164,1440786.0116591933,4621986561.416291,108513012.46819949,0.7639070025885755,3125.932055839561,90.4848718226896,0.1487666298853239,10.72491323277753,0.3005565762231668,0.0
750,11974.616462058184,2584.0523792637305,2155053.7646705895,53964.992892332375,0.6343174595169705,3521.687250647954,1.2108850395501236,0.05283133890781198,3.812086613662861,0.07877533866820005,0.0
751,78650795.78248686,14214267.712054033,3456700503.8768606,268779788.65278083,0.7202648460605745,3690.7262551167014,7.498337045223572,0.12851520044199471,9.249613545635533,0.07573670027497881,0.0
752,3575.880989088273,728.5238941643568,1207105.0645635924,20709.493294677348,0.7284497109438114,3633.619322799332,0.48861891484984993,0.06784104483032224,4.961412962896043,0.22315517617176897,0.0
753,2918.251936088044,253.78346801387292,977970.2685396135,18167.631883943897,0.09589730908874845,3871.5585021590655,0.8903380918105886,4.785820632321871,79.61143984423262,0.24458954652157616,0.0
754,4773.890184002697,648.1602799285399,1612756.176452463,28875.770595268987,0.6098013030227716,3620.6497332440867,1.0666752689667245,0.7678748070395042,17.120237051188194,0.18908255505447932,0.0
755,231494.11111293134,22375.96488409919,35009654.46292823,1180375.7549104127,0.523842195875285,3965.611725714553,1.646782660873557,0.11932548770118219,8.649019742525741,0.24636534709264393,0.0
756,1362558.0946265203,260046.51953889578,102441491.29065433,5137431.989277123,0.7060523479647729,3613.3685654892215,6.961211099061102,0.08653099073613975,5.8302229662388445,0.36350210725445453,0.0
757,5761.96054641209,668.2647874746094,1687371.3077488486,33489.397105065225,0.6700695688411489,3625.996370219908,0.9427931720308048,0.10796120790618824,7.770354372745601,0.37225942374398463,0.0
758,1050971421.4940004,255560384.5309295,38334544379.89028,3082491711.624964,0.6904668285724797,1705.338697690931,7.43155339952934,0.12085208730202801,8.32422116909402,0.13888096340014988,0.0
759,22033606.169329178,2791837.751362152,1551213109.15584,89630715.24725267,0.591732208339692,3997.9951706054867,3.554349003822037,0.18595047594345432,12.34330508706846,0.08754320115900047,0.0
760,15871844.54429999,1088675.2180492328,4282157473.594303,100175310.12395692,0.5413216737225831,3770.224233977724,11.733702832428621,1.4917588057553766,32.06506229024294,0.2205242953406251,0.0
761,28343989.324879706,6098971.982461138,2045352347.3508427,104721254.29473364,0.6343760082939035,3592.7944140166683,6.464589166241898,0.15912667684014928,11.051613268122754,0.25228042135387285,0.0
762,5125.025821656132,1670.1512297255358,1233326.6943430281,24399.706460886475,0.6530254414868095,3441.910655792022,0.89419045208291,0.1257418595573334,8.788584103444133,0.2932658576436009,0.0
763,63016.22424186084,18007.426953924984,2918353.252600983,174783.1999276822,0.7652196653149671,3348.197045336292,2.609900775792109,0.04059647973442297,3.0402596035983533,0.27621519917666515,0.0
764,3357.4842822297956,278.6656333938987,1340403.5880558314,22654.792764303736,0.6224963870966997,3775.321022280546,0.9042710184056808,0.1419244733034115,9.899872727576888,0.3090925735638768,0.0
765,132672871.85231742,15197834.213312784,10565286107.824879,567237113.0539987,0.5867331433066514,3771.110294461794,6.699927181342889,0.8015699174291783,19.93431145288877,0.1233499131692528,0.0
766,3599.2634787601683,556.6010028688739,1268409.4126118603,21593.399341379154,0.6891882838846418,3458.7547414296487,0.6744025258926787,0.12634980537832502,8.684557204131886,0.1650061112679157,0.0
767,4705.0088813055945,818.5877754854112,1385607.5370213785,25790.691376609393,0.6523968605675614,3358.7316972421327,0.5251484387658566,0.048125637044147226,3.4489622407171607,0.5136402784317283,0.0
768,4784.081338906736,2666.31350245624,1028597.6952112613,19091.92651010821,0.6541383320123504,3461.6075752761353,0.9600330813319288,0.07354915304232561,5.283904467578812,0.5394953164435589,0.0
769,3889.444415480034,594.6553929397662,1346222.694134954,23422.386795811086,0.6742227177527172,3836.1827386918353,1.4374111781538152,0.7814196490501055,18.369820795988772,0.3195663820568145,0.0
770,1511659.1291645106,449683.53749708587,75321580.42191747,4572349.69907991,0.655229092734331,3878.379509534991,3.628454134058841,0.14021430236963228,9.621850810367938,0.15054224264548285,0.0
771,55786749.5268109,4958564.764232323,7448715300.922437,283450290.9672444,0.72631367678928,3883.284585763656,30.71938564703858,0.12221253778567087,8.681738723750271,0.21434936362010296,0.0
772,7821620.117282851,2307554.2449895935,130776938.06768492,18872716.410001095,0.7352090877751938,3799.7879992957546,6.046991190883605,0.119599070872734,8.640911098206036,0.12918798069191695,0.0
773,12569288.294688726,2643685.8850126965,1720345338.9398913,53085737.96335955,0.5493928893001419,3067.2571970660015,68.70565363715365,1.418938743839281,26.391266393471863,0.18026637231638945,0.0
774,17264726.011392962,3077300.386194636,733388683.7716354,57672012.88549404,0.5278135649276092,3569.479096201603,6.590214941170246,1.420423488860448,26.717702309126445,0.20931806046748547,0.0
775,1968688599.7765164,1373091758.9531894,10086316143.594105,2779245571.41924,0.7271299096054029,347.05899588337957,13.222627343535205,0.1399778195844407,9.961091400703618,0.09136257917334764,0.0
776,155832212.91228187,17844896.79313933,19625107864.037285,744662710.2152652,0.6392100960662375,3789.8484101862227,10.304003860733735,0.11923708135559767,8.774772734912235,0.18805289360744415,0.0
777,14647.475984044937,2451.1401569581653,2819681.7012345092,69487.80799629277,0.7076810037766667,4049.4551227300303,1.398480278755039,0.0787049912226152,5.732397479522687,0.49154086186116897,0.0
778,5648736.673394438,1565396.7997005382,112394625.45487848,14385748.799685527,0.6417779392519942,3309.240445770254,17.232110493003592,0.11736634673385807,8.412562387469126,0.19985410288364466,0.0
779,1167.770272515295,161.54446899106534,500732.5545402431,7773.656125082659,0.08563410145314282,3934.009955516104,0.6369025755081402,5.423624890892687,87.87392572159516,0.4912329113616076,0.0
780,4794652.2467571655,1640786.551671708,228236012.3209061,14418770.459322993,0.7233218509362592,3132.893831643967,5.384094283224109,0.07198231135449218,5.300871410612208,0.43993743522032713,0.0
781,362684.56923668156,176266.06339070303,14391826.353878915,887552.279019993,0.6318294275733825,3399.3498538764047,2.3102470315157904,0.07230781729419036,5.109294755452159,0.281769600116175,0.0
782,22851.90014222902,18873.288572962272,1574989.1613903153,48834.43113164118,0.6597168244705828,3746.5024953679595,2.8614974032398073,0.1909477943753509,13.998413977655076,0.2162930394012002,0.0
783,3308.046000196728,455.9840548030226,1159039.1712126932,20232.33302608418,0.5910905697526615,3567.1709082763373,0.4344642596871211,0.049337632773016615,3.325421980294581,0.4365575040500735,0.0
784,428213.91898519144,33078.945140005344,130807542.03591713,2760053.7039768556,0.5300945173235528,3664.817426573886,3.0202579623003682,1.5424255954874364,35.559301813173825,0.39830645231093514,0.0
785,20109.628852922517,2163.0962305138737,5011927.014926501,114618.33664529026,0.6206012312244915,3693.5546505969533,0.4980287006591327,0.11309726244393632,7.568453133878064,0.2929869532454793,0.0
786,310.40611796155827,12.811326262200101,244299.07645538868,2787.1071638266235,0.0,3871.2915675778313,0.5573005096113058,4.577989875517171,64.50777096492986,0.10879238872167707,0.0
787,2517.605233230291,401.5751355128313,877467.5928844307,15626.569340868484,0.3656074034014923,4188.9610169667785,0.8390922655536932,2.802338320310831,49.9707389974046,0.5580274425778244,0.0
788,48332708.54076208,9115280.503308814,2297600427.3373704,161528432.6430237,0.6933516248770839,4173.201417671649,9.379102315712112,0.07864457274204577,5.607245617044507,0.018943541082036195,0.0
789,53307844.03139507,8031630.055803304,3387433850.4389596,206201776.43013367,0.7291757841617464,3727.4090854177894,6.783173735951579,0.1289795383399542,9.257958417864586,0.14800097518148647,0.0
790,7412484.221385764,871900.5945012873,960179916.5744253,35213697.42319344,0.6370412938934249,3700.748934598051,5.735987740670456,0.1194230836808206,8.112582660183985,0.010842261391628803,0.0
791,10064152.162464902,586675.532508398,3402030201.006528,69455102.03971304,0.6660772653598138,3580.4541497204054,10.606600594668693,0.8314393141392309,22.08050880034392,0.3499050216219621,0.0
792,814472.6572253176,342261.62248329906,32038100.5233773,2048834.2303902614,0.6874273821210981,3289.3470180759086,3.3365350823902986,0.12433094288781303,9.060821591908708,0.2779147087616597,0.0
793,26663.394903803495,4754.2556705219195,3114789.874507056,108557.69271833255,0.604030288807382,3803.473539504574,1.3305983797649854,0.13812948698112484,8.940449034551808,0.19713745681411482,0.0
794,104581101.91941676,13889313.989660393,11623885149.37291,463142541.20372343,0.5856752910810612,4123.265481477982,4.396004787320709,0.20590602064577707,13.95056488361032,0.13659442144994324,0.0
795,589559.4290074949,59437.050065086645,100591205.5906697,3057405.4896679693,0.6847917474402462,3430.967292591401,1.5651168220496936,0.034293465184049146,2.4460003160989343,0.3910906858782759,0.0
796,74960359.65350373,12407903.963106668,4338088146.273259,271925056.13661563,0.7361605438148555,2946.142077581741,136.26510206692078,0.13947556004513118,10.175586317904237,0.20804256260721912,0.0
797,13264.114379045368,2254.8462973069304,2659147.4930100353,65895.23273239247,0.6590128144738575,3624.5954008230906,1.955576021740395,0.1469448406596509,10.223168790227986,0.2325104635259388,0.0
798,1761582.8247241005,399498.3040002169,69569052.2724504,5534363.340901424,0.47178319125094526,3247.04670850345,5.474978485997524,1.5145077854749565,33.43521262513072,0.13902114227228946,0.0
799,27773183.82831995,5227457.697509923,2082285782.9557297,108641804.66447303,0.6651458532837754,3438.203519932092,4.109684403575262,0.07829029395848978,5.229053778892395,0.19850995093831078,0.0
800,1194.9023721166407,179.28829653489174,493187.8265097211,7723.472730878397,0.07617694439011517,4085.279857937583,0.5346502096770859,5.424544740390714,87.49291666367716,0.26256114881760884,0.0
801,1928644.1969004492,314258.2405116119,93779891.08631636,6869901.717475216,0.4506519714601699,3701.4780376009985,2.8411537559535605,1.4578101050947214,29.480428224962118,0.16636988893518306,0.0
802,84724689.06759241,26218716.961201638,9286184125.647213,331327262.65659815,0.6418893021073997,3375.577152782787,4.966302481600742,0.11632718058535962,7.582596023695684,0.2260001254165698,0.0
803,66355179.51307142,11534333.796189029,4865092499.500515,252117206.29476124,0.6158944551241693,4089.398755512678,7.387663718752317,0.739083084608741,15.553191634306785,0.16439210587768835,0.0
804,7531420.561157438,493907.2205088703,2095498639.575007,48495199.03362425,0.5102585915036781,3880.3486316675,4.101905258686095,2.10844654891393,38.37368459679895,0.34691080779469724,0.0
805,37801.69354456819,6824.065540148245,6265028.525425596,171333.87502932182,0.7598821756362966,3868.888774527007,2.585158165006216,0.06582037506339908,4.371396352805988,0.22568288398627492,0.0
806,17935175.97844106,1379698.204951886,4371482055.872806,109134379.77547152,0.7156499825883846,3232.5417614285507,121.97704585828762,0.1781009075782408,12.767022656723883,0.2684518591658105,0.0
807,11869464.52012908,3305664.978585766,1406958299.5598052,51142529.31418882,0.6614884793943857,3477.7110176349497,5.278483241997578,0.08178195178503263,5.7756995194086995,0.20486887597670866,0.0
808,3156353.953060939,640690.9080762251,331678366.44047856,12589659.722860077,0.6706714029387317,3495.490748429742,4.208381005278779,0.1225671115987775,8.294990835244343,0.2835309408913862,0.0
809,7172.692870853997,1381.628168620308,1827441.327825555,37193.48955002882,0.6579206306397337,3375.485021443698,0.9630527817888236,0.017996469313234266,1.1282054069987353,0.331181781897798,0.0
810,37990310.11793295,5213484.000573767,4034220442.6252413,163823170.21054164,0.5648882179361447,3892.467765160454,2.0576421398596887,0.09175421284472902,6.139886605345417,0.17341385808763912,0.0
811,18385368.512923904,1703572.811549982,4513826976.2609005,109683371.98332186,0.7239199506515979,3641.2898888676145,141.12888506108015,0.18141451062467623,12.66000473525717,0.3680982422372691,0.0
812,172766.6047198446,42339.420520584186,8447497.509284526,548166.9075088045,0.732301269588273,3465.0271854677103,4.801143894457753,0.026298404541150955,1.8849062906313478,0.2543443554506775,0.0
813,66638.23910328433,10731.939966868298,6038555.009521097,263814.0415356677,0.574598889666408,3846.83969759184,1.7625177975856494,0.8050883971918956,19.818213976210963,0.12584541218768405,0.0
814,40165079.420441136,6448045.390665362,4125220211.4124517,164042248.1771009,0.6427486545359272,3818.445462825747,28.92388143801377,0.1132732498571988,8.10703830710325,0.26385034156459675,0.0
815,396094.0133491433,40244.01451710108,62317462.078623176,2014188.026172363,0.6481839116806258,3956.817940153865,3.712631776319716,0.1092844378724723,7.851894576631184,0.19685023648620642,0.0
816,2647041.3384664785,418575.3623354304,119290709.0573792,9240544.27269196,0.5695136903283176,3613.08904807137,11.754994146760321,2.1298841971178883,40.047038062344214,0.06750974211199479,0.0
817,5736.783261219552,1072.0739338323904,1777387.300396338,32459.057878548985,0.7193966792627406,3530.821653768045,1.5252898483520907,0.1546064706399215,10.632862583116198,0.44704386913038663,0.0
818,101416251.96899183,17459432.8415373,8313733479.045036,398970320.42127997,0.7280047382224403,3955.8831999434733,6.808740980215164,0.19125033870943414,13.780877971873597,0.19355292987233244,0.0
819,16815628.54871677,2883816.9657584573,587921200.8596722,54523608.82568194,0.7374329449257762,3965.8334425135313,13.363130438164768,0.11436760270295121,8.16856159724075,0.15389871236814276,0.0
820,3987.3621853330537,503.19701273326626,1502773.019250671,25057.763619745645,0.6483580256700624,3779.9190437611933,1.179425277825374,0.18780873475573187,12.163517029153322,0.06321599700797166,0.0
821,4540534.893045501,855320.8700287588,452893055.5550169,17570400.24801426,0.7091981276411958,3252.510209378346,14.196091879061111,0.08273469895866956,6.235994786346142,0.3870896876888379,0.0
822,44980.31880752176,8395.743059381128,3368231.658650048,158721.61917232414,0.7054519807858218,3596.853949714496,3.6415274381906713,0.1694345735811365,11.957139523762406,0.14598043563613297,0.0
823,27678534.044474386,2867560.2705994667,5200338705.3024235,144698495.88081357,0.791821906190064,2993.4138692551273,238.03605789749685,0.1270915837654373,9.126081274792595,0.3382839749965597,0.0
824,9528.150852313922,4030.9172317229845,1895853.8061638593,40348.51001872149,0.6400060048962185,3496.564016049805,2.558660200777923,0.8188399024304804,20.97941420495267,0.10246498777322581,0.0
825,20960894.46817803,6058223.511367937,1366043599.60755,72113582.91373213,0.6577447711792316,3639.4400747950563,3.93809460981498,0.05919971934077477,4.122963650023786,0.2116136650850819,0.0
826,5698.837846854233,1002.0188719832673,1178169.4044581498,27137.927366894553,0.4805530769058458,3519.150837101336,1.7104483836618576,1.5357776521105748,34.957951539102204,0.2761731720292911,0.0
827,21897.035964768125,10365.24772032098,2778124.7875854066,73216.23160596123,0.6750752818525181,3472.927989461517,2.43268457630458,0.11237796455651301,8.006859645215735,0.18780138754631062,0.0
828,2376290.0101632304,516098.03900557524,123936885.95009978,7974819.583971028,0.6890340398430415,3968.961292816013,3.7101336449401066,0.09974190250615207,7.024439181988363,0.12288275556096112,0.0
829,1825809.6084977202,205932.86565822415,229695211.67701858,8681951.700415159,0.648911218976685,3941.9973166938034,6.7566213416503444,0.18583955223621063,12.819565432414185,0.04013558552147227,0.0
830,319734.8370450423,228589.62872356075,4439239.222156671,504490.264369467,0.6644578587201414,3420.7296038787595,3.4407448885198835,0.14213607753535804,9.868117482711314,0.1703716157245124,0.0
831,9319906.130243532,543427.4152064708,3576613031.9096856,66403445.72011646,0.7003800365570882,3561.809776063864,6.928222154619437,0.15483716849499762,10.737263219065092,0.536655569131888,0.0
832,584390.8759649629,42328.57382869199,164983786.70789906,3686386.179422283,0.5340392994459067,3428.267213392361,2.210321224750867,1.5135634526687558,33.223503622901696,0.32856223793630596,0.0
833,121255913.23088105,22491035.116339337,11460010148.011211,503177460.1119005,0.5812215964650342,4053.977976747955,4.332187828740153,0.18348162864990636,12.247647354353658,0.17682756787015497,0.0
834,5464.0510783108675,1389.8294793778853,1538009.4364987116,28904.413341887568,0.6649735689477954,3434.574416613381,1.1927050458053154,0.7481315765339944,15.802110553251609,0.4353853878076268,0.0
835,25863559.83392682,2220010.097348145,5011114085.394862,144093403.72035125,0.6417428348178675,3569.41455229892,4.184811085780685,0.190927655333022,13.541346896787843,0.14272702785996697,0.0
836,7445238.226423452,1094518.1932155055,533464708.32178944,29227915.623259157,0.691280898413529,4300.565182194034,3.5095703843942103,0.0952295675501329,7.0541627675837235,0.08140482565421575,0.0
837,3616912.509608654,338677.3945245506,558577648.2216796,18890331.420719974,0.5689756141124414,3688.0451752650924,34.42596302561547,1.5152374999145217,33.34242596898929,0.13080837490087832,0.0
838,8863.044543972326,1245.6126148933777,2118477.9438130856,46911.64065448082,0.6681096955725238,3587.867638198683,1.0948604581651615,0.050582931963749814,3.4698561412027344,0.27114555053024936,0.0
839,127351.96178280798,119858.34317481052,2917229.8959195195,193530.9511093789,0.7505826838292988,3636.810036841984,3.0812623812223214,0.08965708095358042,6.6307393391448075,0.1692905126686751,0.0
840,19984226.3004771,3255616.745690022,1114979919.7979786,72336035.34215012,0.7021935217621343,3651.081191255007,8.197185829571819,0.09344061263896233,6.870527635317911,0.20707006744917333,0.0
841,15172607.836639624,1119230.1012026814,3453580633.1533117,90925655.78187594,0.548469183266795,3377.155382148158,44.4945255394539,1.530812406201464,34.790255424165494,0.22183817248212842,0.0
842,57174955.31004415,25265725.704770967,2174135297.4964952,145058206.0842226,0.622807079620957,3548.474294049319,5.055476441688184,0.09292002161122763,6.607780686515326,0.14902546528491806,0.0
843,3544.8075644522332,271.73339125260617,1483604.987377671,24244.235961447088,0.6184043206857401,4451.673974495219,0.9289103846927043,0.0857122035905407,5.9801860165440175,0.12370012981186167,0.0
844,40276819.93183432,4646907.722521344,4379640953.761321,185070522.34068477,0.7406412556777324,3229.7140951722595,136.42607172086647,0.17012099232148215,12.176167797511994,0.1953732977729533,0.0
845,12969483.21703217,2798188.8077410646,1697358592.319885,55561810.73861144,0.570375145483115,3926.82219492301,3.3226284911089015,0.09892875269875905,6.814662620878563,0.15479351697961363,0.0
846,53239531.32574738,10936346.312049251,3793676585.066662,199992754.96481067,0.6888455400365774,3483.155334812511,11.79363365082976,0.08556140452941871,6.090099973429597,0.21949706037852101,0.0
847,7408552549.09254,2784767906.2670712,70325831981.94127,14627469524.204248,0.7797843316293798,1085.2161038641957,105.28245069289696,0.16583179642973186,11.947448046683522,0.16137437671382354,0.0
848,14585029.205897057,1199885.888869832,4294103515.0807695,92841992.77271037,0.6038514794865999,3871.5281608078494,34.85623463995727,0.14021466984449535,10.309117968450485,0.24069158833469087,0.0
849,16107725.9012704,3512373.042211893,697939006.9860504,50984997.68272313,0.7432937331843897,2737.553933796793,69.86405033260803,0.16403586142370105,11.63027631130426,0.1386894009798517,0.0
850,21987659.031132977,7279552.695445691,273308194.6651124,48964917.67327991,0.7008543715159969,3372.161423951464,5.003775721663229,0.1863165343269615,12.763225026121884,0.10416330687396697,0.0
851,75101103.17133552,28915026.856378794,2129913892.8331826,194187841.8584645,0.7057207740691755,3538.824620954958,8.433750576338108,0.13113414236105908,9.500514138151658,0.20836632671037814,0.0
852,134427.72658380825,80355.90441783782,8380884.002824892,371715.83396097855,0.6144861271806191,3976.096778390512,1.7577730458915866,0.7375151124310777,15.28460184415658,0.17849507211682586,0.0
853,42782575.27814502,15255473.66947477,923173324.8772593,100051241.35710731,0.44364017511875675,3970.0596917201,26.162452451054705,1.4805760705145612,31.127067800140214,0.354450489829807,0.0
854,189264.63140206775,21489.006440735648,29898283.709772706,937900.9055658847,0.6660127863788581,4363.066860042808,2.226974934554121,0.17422706088955353,11.992505132091694,0.22626821088922583,0.0
855,483982.45353389456,59108.79477250799,55116922.71894957,2229342.947632996,0.6563140555116985,3848.604098207733,2.838597592930943,0.1272387087992329,9.002019179309872,0.17480950107298057,0.0
856,393597.9915683462,54822.75719779311,38909593.34834634,1650222.529915962,0.7022628766326355,4015.1709293629083,4.674638616455805,0.05037496525356637,3.6544692500741918,0.19075229176776656,0.0
857,42826959.92035449,5624191.6269083135,2506105162.4472566,165821979.46377483,0.7304812847208336,3695.1287007202545,8.801901394838,0.08353095457133994,5.689892366557404,0.08085192943497367,0.0
858,33246.20983590204,11642.674390018201,1962425.3999089133,89646.93280068572,0.6764890423450594,3323.6771957183832,1.6858319700083313,0.0362783749583576,2.5648977963468242,0.28261280304231745,0.0
859,2226151.256046254,1283407.295804028,60830736.6346763,4884008.16207586,0.7560201174354456,3509.215960598741,3.4248865678392724,0.15825485520411559,10.890555898562425,0.27158858184343576,0.0
860,6031449.141334226,768723.9647464821,648988230.0085369,27343170.038836848,0.677858226133054,3454.334905625778,5.180191555989256,0.07683399064560845,5.480602755108651,0.26107927460962516,0.0
861,309270.17138339067,112691.5651189734,15128598.829352533,860628.4920281565,0.7528818200950617,3708.8043712708386,6.154047465184661,0.12551575800921846,8.243703893379278,0.22269612051582427,0.0
862,12880030.134916771,1159628.3553892905,1766411340.3126926,65888380.80169008,0.6717695145232102,3890.8429048501957,6.222697624588009,0.12151283716810583,8.48894862950838,0.26187145428979786,0.0
863,457829.54490984825,98563.99837571054,97003992.19252604,2363747.7475446602,0.7566282054266792,3479.3675102824127,7.602301053233536,0.04207253356493705,2.778645647702625,0.21843354375828322,0.0
864,7023.211864154844,2625.826237018105,1217910.62999193,27459.576888442924,0.649461568046158,3408.9180211014645,0.6270084362838438,0.01568615647493967,1.0102541022730762,0.42897539554270414,0.0
865,112582624.15827632,10845735.373651631,12180118728.494411,536070325.1961857,0.056019198302463415,3648.2648347481063,55.830980784635,5.514396990748834,94.21485955878026,0.33259226888599036,0.0
866,523352.66433958773,38055.435931805856,170295588.20362246,3436479.6515784995,0.4709342429652582,3817.1447882817047,2.559003247728513,2.0854222709647865,36.7704770578335,0.26992888405949905,0.0
867,24714138.8932062,3119817.971412667,1826969492.977267,100397269.93054877,0.697668820573394,4222.03866614739,9.865837236948318,0.09214175694024096,6.30086259386127,0.13619115186240743,0.0
868,9137.501588355346,1592.261171014393,2505990.8865286736,50498.917423776955,0.6848161432946376,3741.245061056259,1.3692764888907938,0.13278030808187163,9.033030222766106,0.07102191040541937,0.0
869,7585456.608361883,755840.1250428766,1009620921.7908865,37574955.16375578,0.3988072447676784,4185.790337091907,3.249307774507768,1.4975110622983052,32.299905210857325,0.21712600918040328,0.0
870,10398208.4904226,1107237.4789724587,1174075494.8044019,49100452.133822344,0.7958592360940724,3003.6395950263905,231.79753267121973,0.1547821967190103,10.596378989643318,0.14942206132955668,0.0
871,20530020.600618567,2214936.91505262,2828208274.4193187,100649648.974266,0.6135854680429282,4298.079323330465,2.781022628753128,0.11966543974853883,8.642193247917982,0.18870836639772604,0.0
872,29361186.19231997,5441644.390020158,1938185807.6201835,106655127.75537343,0.7124799103266982,3194.0188375542893,91.76366932789408,0.09388085414637022,6.910925231943663,0.43841066776673393,0.0
873,29101457.792443268,4662715.026337161,2087191796.005607,113540221.49901521,0.7106524443435085,3723.0520760412123,11.516941460167413,0.15351561533604396,10.861804948209116,0.1381881557661284,0.0
874,14859546.449624604,2880307.0602855207,1239198364.1861806,57445884.34480828,0.444908224507338,3798.599856364901,10.509266242379976,1.5073672097961892,33.039812557808204,0.27977801638410127,0.0
875,6929.30975340947,709.1665579629299,2013870.425490817,40351.727510344026,0.5956897453147841,3961.0670697744376,1.126267740499317,0.1505474149343308,9.642174307768235,0.121153447914275,0.0
876,13108.310819022576,1832.6594794615726,3277078.8624541033,69922.93722510622,0.7594894039143784,3746.1429992848025,2.161662758650367,0.06400126515216469,4.684213906191383,0.2878190327047186,0.0
877,5185.457022258108,506.4911312730798,1227985.902914683,28420.20269591493,0.3613012252772344,4175.2747449494655,1.1856509686674792,2.775559411542519,48.31589709910118,0.4788064980130235,0.0
878,14362365.60495994,2697578.8319812473,1985614772.835647,66235786.11286018,0.6700003012557287,3003.2831043290444,127.59592876618935,0.8058107469190304,20.18746192366251,0.21440246974746788,0.0
879,2876.819851874596,539.5416636290648,957846.6967216611,16514.11089087006,0.6890889734208228,3554.9571966335043,0.7367942529646823,0.11032569625860696,8.184431459336079,0.27431899021596634,0.0
880,22813463.369233835,3022959.8317056685,1459827615.443842,89527707.26451038,0.6673602783646975,4034.454364931921,8.907512197874107,0.1015247013206471,7.000967139772885,0.1498089220326672,0.0
881,29594740.676839948,9097097.123841401,490399399.5261548,71284062.55180433,0.729192866018517,3456.8766674115805,9.173193306378577,0.11496890113436944,8.375076128831921,0.0840497017040309,0.0
882,118308214.2649986,9009688.714914428,26280394942.660286,702791979.8670063,0.7345804514692892,3910.8477228886836,8.163302430521766,0.08922581102601387,6.681231474502963,0.06915200785294671,0.0
883,10335319.57193939,767842.0469639056,2688010147.938203,64722912.85971012,0.6780553154882181,3493.7154841709353,8.635109291571814,0.8151478989566329,20.281807790370074,0.39456558054700386,0.0
884,66636.26786585382,18163.862469011347,9177440.619156431,289893.56206921284,0.6620950573958753,3657.2563571789706,1.487219751977068,0.7471169305822115,15.91187798668787,0.15810116265633703,0.0
885,8311276.140273785,1298964.4125134882,727940625.8435689,33877031.1224745,0.6880694774144347,3298.990118478279,32.32970915145012,0.7694102185253566,17.802641763019274,0.18917251945990696,0.0
886,3319032.091958356,375872.81298656284,624343031.6612481,17440077.103515707,0.7719590721359221,3712.005166792146,21.803860058856333,0.11061360863754084,7.984303784035838,0.31345197507165934,0.0
887,28180450.340043146,4346787.698332278,1980720746.1521542,108057131.29517543,0.7974527875066479,3575.3327393429136,47.34829472121971,0.11833456676118699,8.741254961525328,0.1720416268273936,0.0
888,12298150.462971743,3033509.759061047,995444409.2255089,46377101.85608856,0.5737220919695881,3839.0195198139068,86.20076908798335,1.4837297971011463,31.63939391648164,0.22907613471627283,0.0
889,14697.656061494312,3588.47237594866,2986429.93474392,70431.94327628205,0.6464335562683394,3473.534745773306,2.3731047270982932,0.055572941862833944,3.9785447273908545,0.29017279220832365,0.0
890,75066356.18638167,8761632.491116244,11037244174.998842,374481000.4824247,0.6362882696137182,3879.502861808558,4.783916963191364,0.16370459082491742,11.311280945082054,0.21563189509565983,0.0
891,730785720.8387353,141202562.05756074,27519718163.54284,2283973644.5193224,0.5862426551963874,2478.159077413825,8.344228156851784,0.13957849163863453,9.770143763190564,0.117529762696266,0.0
892,5198558.713362506,996421.9040110295,691299189.9007076,22235140.98880648,0.6858977588433712,4141.601284463181,23.105316627386223,0.11366845718107044,8.390470519436212,0.32815246581728225,0.0
893,9040.621412241084,2989.165813746453,2196812.989207457,44834.44525393336,0.6149085582891392,3628.1159548321893,0.9660381359838603,0.03308575103625451,2.2630427997621623,0.302011869998468,0.0
894,311905.92673259845,57543.49479060686,24417754.249751978,1167323.6591518063,0.679023710091529,4279.482860015149,2.559974552577914,0.15333193212652452,10.5205804527769,0.12330492865250248,0.0
895,16777.77987438452,3775.666240247512,2172557.0999217024,67739.75613514127,0.6498549615856486,3607.1978924274076,1.8612889745687975,0.20267036319963028,14.110413203467512,0.32390316021321697,0.0
896,3693.2129473784307,463.8412531572998,1319003.163376376,23161.718846692627,0.6568654786502247,3710.5740787851664,1.0506894305730983,0.17994293886825102,12.267173719771247,0.3431760391481761,0.0
897,13245341.904399704,2105514.4386264626,1207610562.5240314,54793194.77456459,0.810141229449477,3110.502978537779,133.63095432147907,0.19985230384976038,14.587720869117272,0.2112622152579157,0.0
898,3660608967.3827233,1476940238.604947,65987524569.88987,8425733466.693141,0.6892512200833261,312.5762961438843,10.600611012952164,0.1531174547763679,9.813567819273347,0.1132436393799788,0.0
899,18415.356920883703,2551.2545186538264,5482696.136867376,109566.85328028044,0.6320703682464046,3364.0928670383473,1.4810872028676498,0.09025607432193139,6.105974695261987,0.5791399331140421,0.0
900,1578.0313710853413,400.44266992288556,541856.7238712924,9069.897710882318,0.08785779568749598,3806.155528462581,0.6779001335796393,5.4830279413193805,91.79941021166712,0.4858161288242117,0.0
901,469363.41163238353,58869.36874030826,36360441.866325915,1931210.5867384444,0.7305814653678894,2986.8294210137838,6.284057953993253,0.18672859568938502,13.521341106800254,0.3187605249468643,0.0
902,17380.973591395992,3959.3246495803774,3217529.3441098505,81568.38989406689,0.7358095301849568,3759.5063835591727,2.7973016601947247,0.09207865490266257,6.563914599719662,0.1412985992902184,0.0
903,8462093705.771967,1045434996.1083053,596882546114.2142,34518771307.88667,0.6924948591288742,1033.8014948255766,37.04184615064471,0.19303893239555067,13.76839957731111,0.09687057888832387,0.0
904,11774306.266944973,2181197.722204637,1031017815.5626793,46216773.74323266,0.7143454661429716,4008.936655275599,4.630006055562882,0.12969291230749294,8.448230761542668,0.21272472842893517,0.0
905,18310717.590987034,1350464.8709611478,4724460787.844915,113201692.81901829,0.4895060843517278,3660.6460186533245,26.877843287525206,1.5180248617675636,33.24419157165668,0.23242180638664292,0.0
906,6679035.994000496,761961.9361370625,753138350.8675326,31014007.32811042,0.7383502368136421,4086.527459175009,4.287563274884268,0.0889645412502607,6.074039787826182,0.16774461412114897,0.0
907,7478.634080378567,3182.8795095492073,1653894.8098225784,34769.63962357152,0.651930471364055,4203.069969188469,0.9898881539305945,0.17251928322899834,11.315237920769654,0.18097043008778693,0.0
908,24627553.935151283,3090186.518768304,2165645344.8559446,106187534.68199319,0.7331651274599846,4106.812082576355,6.231919528138521,0.12752249032464807,9.016871555435497,0.11108092642293943,0.0
909,5281358.10647417,645040.8565189687,410253080.4530485,22020074.95636733,0.6229873454396371,3787.6301348113666,3.5113688697172414,0.12851911773815922,8.709111862012202,0.12459960192376422,0.0
910,28204.82734390899,21888.231640222373,2070880.5091104421,66220.14083610769,0.7017074341440521,3656.2986322050465,1.20014584943323,0.059256450470418984,4.165895576819862,0.3453402521794814,0.0
911,7130735.635244817,1412478.877556854,242498513.64363378,22277521.807427384,0.6535006544234283,3819.52063027401,5.177253177180017,0.8083845137820926,20.35163694051176,0.1632057889099766,0.0
912,23223.890848486688,5591.214615324196,3087991.3511325927,96555.0131357792,0.7318578143654942,3904.4940954300046,1.4041959554482257,0.22231254168311237,14.490538985476295,0.2980593389111826,0.0
913,10166924.078516696,1463428.1673320953,511630013.56635445,37214014.81583311,0.7688030944334451,3133.959256096108,26.23461618569972,0.20218782309362346,14.953711720047872,0.1019950786510917,0.0
914,3190.844181634844,329.408158195053,1331660.4806974584,20998.707041324073,0.63693564236922,3761.0154141633993,0.7704565005830457,0.16367805082781173,10.832603666081265,0.20062125105961473,0.0
915,13935.907573149558,5386.86072991822,2174689.863692462,53020.327516765894,0.6678624185283184,3409.1332389763215,1.9067873023154474,0.0394456348283347,2.92844439177357,0.19336135847758998,0.0
916,390137.0749187294,39916.79703588796,88650279.65479818,2203797.403639536,0.5260760272898038,3992.4005500101403,4.382786726366796,1.5499310312005383,35.39903392487126,0.34934202109936874,0.0
917,5733433.941219546,1899081.4627998758,87851134.14925933,12469807.534504462,0.7260647502252089,3690.76253550897,6.027992541406749,0.14577066972145394,10.363715524815579,0.45705174119445324,0.0
918,5292.906181288543,482.06385983086346,2016994.2060769578,34594.16767602203,0.6502581751759768,3663.6275406746354,1.3569745490255571,0.1693887044011409,11.88490416927738,0.2242087795474033,0.0
919,5011.7191085898985,850.7009156396147,1404376.3110259748,26156.299733351414,0.6086707639036477,3783.8930734183714,0.8259168065549415,0.7445432565057094,15.631370775106541,0.16364894308313077,0.0
920,4507434.981757814,623855.5673097316,282432856.2868163,17434778.047275864,0.5063801280105864,3749.9508899721086,13.585491767597762,2.0929682679108343,37.35303813694823,0.2500814170635488,0.0
921,5026.588128736786,1067.593616297009,1426630.8232255224,26551.159006771697,0.6640876134367704,3660.2305029988156,0.950535369666604,0.07147863953402478,5.270997288096187,0.20655303825432791,0.0
922,79745867.4226119,8134209.609292488,11680966596.171246,406357475.0666979,0.6609313913284629,3759.878840672043,7.380217202928467,0.18742927124659384,12.65595989034151,0.32856352359357444,0.0
923,6158592.273570655,1088163.4857804324,348353184.2532429,22425398.56053105,0.670001686175435,3774.5288857399496,6.597451463400701,0.15110708672425285,11.177468804153099,0.261119245975518,0.0
924,596179638.0186504,184789765.49900544,12026267742.519373,1416917517.1560707,0.7137616886346302,2489.801019001473,11.653917475642421,0.12343526382300016,9.017840775201046,0.14146034345770744,0.0
925,54265439.80076549,10917547.471122418,4737966639.518556,214064418.46099368,0.6108263491223621,3762.972236552004,3.433855620343993,0.12068963820667386,8.455680320547046,0.2109416464844435,0.0
926,15047812.014311364,1171704.3755308178,3107508310.791869,87370905.97375038,0.5365518699184461,3445.168503421451,32.20302254537581,2.17849853114014,43.445477770445045,0.18398756154338214,0.0
927,373630230.65174013,123331126.07117629,5927647825.076924,829545004.9599217,0.7214904210642412,2627.7291904246495,9.649662538422875,0.12228045860676726,8.581877195997857,0.14426550967640384,0.0
928,75677819.54275899,12219041.66219813,3867197980.1277413,272624214.6529685,0.653893763278282,4083.4940424603756,5.187896601360318,0.1755830660434717,12.054062100751397,0.34536024374893065,0.0
929,4346861.670648717,422089.88113027514,574202629.6659596,21678061.197254535,0.6983056625777249,3307.084528748415,30.69739718256809,0.15804381156508676,11.558227314694557,0.07822314379745911,0.0
930,6376.904463972443,1086.6453438623982,1561754.7556588077,33318.43769160458,0.6069834542722209,3367.5925297804843,1.0282027200003325,0.0494565075879617,3.4325886467137394,0.39708977534666745,0.0
931,60021471.18691447,20542464.05275696,1567501838.9157352,155516760.59363064,0.6912440202966889,3734.792688907028,6.479504392930574,0.08273906293826946,5.679317335527744,0.24315169643587625,0.0
932,28605.85502831245,11798.831488696032,1248749.7836569182,64062.37295573647,0.6842568739514566,3614.93931548793,1.0461072751491947,0.06485172283762441,4.673917565214779,0.2575333143470986,0.0
933,1668.352447727229,181.20302257804832,862871.9754613519,12173.630102224335,0.501649701652908,3538.415874284703,0.9407174818417021,1.5437263675228727,35.46492711016754,0.5232372277033712,0.0
934,1975635.4966334663,656567.0052314493,60824031.57606409,5407612.963577654,0.6694360828695352,3636.7518852301764,3.770753556187656,0.1276340954702982,9.07569657133818,0.14216444113876422,0.0
935,26198.26762457624,8335.654836694757,2487091.648959887,88473.5282373046,0.6761431553642866,3548.9874575749536,1.0384604670176862,0.04095636153642897,2.931819240583431,0.4096080858947917,0.0
936,14334002.820089776,1134394.219252064,3119369055.8455505,84154298.75311276,0.7758175960139603,2903.686006418837,84.06603819881782,0.12964321141545004,9.552083247026872,0.3010123595010056,0.0
937,22006.3592298145,8998.485301002982,2170046.0131157613,70955.48948373953,0.6526442224577681,3493.59455392265,1.9091085945430133,0.04441259851020094,2.8427010358172837,0.36931631272576,0.0
938,735307.1108567638,63268.09514360856,112922877.94896337,3855475.337231995,0.5418079229709496,3355.9163348723396,9.527534643643271,1.521377776673152,34.08600767967033,0.19348670792058864,0.0
939,12767488.751661342,2294983.5631132284,569316669.3637841,42326758.05787948,0.7737970698802472,3591.31457911662,14.540262626543507,0.0938341419502862,6.969634953779499,0.39953986773611866,0.0
940,132155.57643391806,75395.77266161828,5401594.002631019,311837.3899474313,0.5254551782144985,3976.469323533245,3.242423028334036,1.51184789331113,33.34842458675635,0.6962081948566888,0.0
941,6270131.477000504,651237.2537114985,713239049.4570191,29781576.116404105,0.8357045951343265,2870.4479792541333,60.665861496689104,0.16507138331316035,11.99480803508705,0.3490179131337485,0.0
942,26917271.223926343,5304857.513233932,1018756609.6356939,86542496.44148432,0.6306109367122223,3711.3562233955045,4.692883972879219,0.1360709920795383,9.708251468521752,0.17267008061060163,0.0
943,15741896.458862642,2002797.5405424945,2104741899.2846508,74353388.62004939,0.800339277724205,3115.8012589748782,172.55118641558906,0.14766690556536882,10.77208957041766,0.2280324873516363,0.0
944,6057198.320791474,649896.0138405961,536046419.409088,26847653.604423624,0.4691329769591249,4028.747459130341,3.6566736268564806,1.5585376358644865,36.06406037810624,0.12493353345744378,0.0
945,436943653.375673,91285650.87587136,13986005756.514774,1304060087.6598823,0.614664767439585,3015.4910754537773,5.684192025590372,0.12120842538448792,8.540692725318834,0.11502042418378852,0.0
946,101242384.20934376,8719053.95523699,13994990790.585407,522580373.1030629,0.6811593061961988,3635.936837655562,14.380642842506495,0.020606515283686466,1.483795531232768,0.1448257150137285,0.0
947,24836325.74451775,6671456.870287968,1239722149.6957104,77609330.98471394,0.42164364589976255,3479.8340643973506,9.005447896817016,1.5175247673228154,33.45304384445656,0.24772531676301154,0.0
948,9593980.251410965,1177157.7005776395,1324391562.6054163,46208984.00912471,0.5039079646497997,3627.9596935525074,9.294386469310508,1.4382156587460178,28.07774985928832,0.24777776286452705,0.0
949,53260751.79517532,8667953.398518067,2736996918.646775,192583566.7453729,0.6718403923457973,3757.514229384409,6.162279281210576,0.07753144581330443,5.473492657245447,0.07451641900223707,0.0
950,20982.28313834989,5378.742508156231,3394637.8797818846,92188.56992132,0.6865713258337073,3664.7147075226767,1.9501826906908335,0.15332811979195932,10.530261556362031,0.46972746395634873,0.0
951,12330236.985184321,1482956.0518493226,1568745469.3985915,57986688.258864895,0.6926397225817817,3813.774908022514,7.530384123533032,0.16057450403958295,11.255617901375071,0.3458813946916758,0.0
952,1902.827504858053,285.3166113769312,634276.4523034686,11203.08026500787,0.08572907604170946,3770.7433222822506,0.898812777537178,5.474983965100245,91.39197739756332,0.28259989787692813,0.0
953,32998848.08395663,5251926.785258927,4502502750.384886,153788929.05885714,0.6760883952697505,3559.510854868824,3.753582285110061,0.10979626353450947,7.490971832957255,0.14905132162896398,0.0
954,13422528.683426917,1001092.2044403402,2963984084.9670553,79709957.35110632,0.3030062446396998,3679.4922281266868,15.041439650254606,4.038093653884923,64.01296788791227,0.25185719001398077,0.0
955,123301549.67293039,42073404.94254172,2652767720.568876,302927846.6769229,0.5094379099614528,3635.126782568057,6.491344081768479,1.5308603099312854,34.44940767753067,0.05941467872189959,0.0
956,17591302.894937307,2916159.202042264,760313371.8228309,60781196.37221624,0.7194803204122507,3716.1427223949186,6.223882624910712,0.20536758443917832,14.84074568094071,0.05274938304570964,0.0
957,20289.104959248267,3070.461641895944,2857680.957756318,86760.89213393652,0.5789154069433107,3956.3487455033405,1.976370448082175,0.1815741644491898,11.780247580508354,0.26752938164001944,0.0
958,9469291.215870997,1312966.171126452,795995988.0569376,38775829.93891904,0.7089470681488832,3725.265434318945,8.881603227626366,0.14297743480212147,10.505859772429366,0.17678962341944332,0.0
959,5208.946563004551,454.6926491420535,1721095.2069286432,32596.652134841315,0.6471324463016319,3729.5733349221373,0.9696683054808124,0.18076296158012745,11.404324186396313,0.4150661025103485,0.0
960,1020859267.552254,143363174.17963833,63558213637.251625,3957064847.583702,0.3485611166309718,2726.254090327082,9.398819610060743,2.2167264839859646,45.75286808267007,0.1735825624211292,0.0
961,2803584.6929000234,427587.40597077704,392198264.256945,12863287.136807341,0.6996305647284186,3778.161242390416,17.955187466047708,0.16197105011696653,11.588476931915093,0.21690605236967514,0.0
962,12774800.519071732,2458799.4481514753,359267105.8850732,38374422.646456115,0.7192400368330923,3380.1428679110695,6.915653354970685,0.020721101925184993,1.454202724685885,0.1765445184955028,0.0
963,3003.3000832921343,387.1490020570276,1212429.795814538,19205.770497510606,0.6126220609211177,3849.668485398492,1.065110736510901,0.7572426320852542,16.567060701712528,0.28448893659521735,0.0
964,6449.063382516414,838.2634609340664,1768990.9064637707,36436.7510434478,0.7401600778601497,3669.707102551717,0.9185286251040723,0.057604644410334235,3.948118278874712,0.4176334759021678,0.0
965,3399.2923565947567,658.3773684566853,1183130.2475427382,19664.397016217343,0.7081958219306232,3645.255363107878,0.8691061552837249,0.1033241430807835,7.488763445203929,0.37571419911560533,0.0
966,135660.4975747476,16490.96890821326,15689209.488876302,601256.0811290881,0.6862002989327877,4253.907582375252,2.7032646406311036,0.09366489564983835,6.889400040524103,0.05401083361351623,0.0
967,65448085.4245409,12390749.681959128,3275128084.825599,219876925.43796825,0.6867985821404325,3723.393671505805,9.994977795336556,0.2318996536606673,15.812141456240417,0.16032149755971828,0.0
968,4113307.0590002015,670827.6719195407,197340578.68442813,14392891.066602418,0.6829216807846115,4111.953127350217,2.783004993021425,0.13460071051757588,9.308013528849669,0.16530766771613,0.0
969,6959680.185978316,2020747.2397118844,380832861.28653693,23089099.923237644,0.6288599248509728,3820.165146469846,3.3587117981987675,0.7414949981837772,15.339002304225124,0.2970234106828539,0.0
970,6165449.42147319,1172528.5931799903,301375668.5974971,21406666.31843681,0.7536765766913864,3625.209811885297,4.784199663631135,0.12596956109500343,9.341974317718192,0.09686342519184687,0.0
971,4078673.6049297946,599482.3677944924,341799145.44383067,16465320.648702035,0.6507540002833936,3986.2263607844006,6.50189782482,0.8201094480420782,20.538049026611528,0.182287102180768,0.0
972,68238665.1060696,7392205.783604311,10251592879.163641,337584706.58665705,0.7407003277917333,3767.17732897844,40.73038312957427,0.11210822274729315,8.083226492235067,0.3494220850941723,0.0
973,8936.690558527544,2076.4630161203513,1767422.3939612792,40892.33788641234,0.6846240407538222,3502.650675274168,1.4244558319019223,0.09447832671499938,6.511760931463144,0.5420053434251636,0.0
974,1570.8937848646005,179.04329785393136,842142.3411656439,11572.081157408527,0.6295527854437447,3675.9305650869824,0.6087767504090762,0.14661771968082613,9.538061312360346,0.037374467798571974,0.0
975,29911177.53204606,5905786.76853486,1555008999.0742133,105402914.25455227,0.7394095121740826,3591.477126559615,13.779584101159646,0.1363508084355584,9.764193463508276,0.1677162781837781,0.0
976,103013.23781089198,50347.96852128343,3257356.9534518793,219224.03286333344,0.6591608962091462,3818.2437715046835,2.4483255827919996,0.8166193915448463,20.197237213079074,0.35816859218058766,0.0
977,8742.760621865757,1688.3280160834697,1997630.451650314,42413.65604831521,0.6728061527295953,3497.4705913834123,1.4727378667484223,0.1006571956919041,7.05320951272231,0.3555754984575526,0.0
978,141275298.4132374,10395394.973733407,26448674006.431473,806753267.0765862,0.6804412167253111,4174.450086220157,15.600030492093444,0.08192556384090813,5.801319202654588,0.18344748006361106,0.0
979,5281037.985105132,562003.2445632602,648272309.2188499,25527086.941192515,0.45918195404796547,2884.797487413199,12.60438396867926,0.8420142448025615,23.02037446953674,0.2011137522094671,0.0
980,10400403.7805499,3116024.343715458,209972418.92234313,24981045.551960554,0.6966593727256991,3678.485255168931,8.537387974902572,0.1502139582356313,10.168917284260463,0.18047327828054527,0.0
981,6758607.658458714,798375.0778284213,609366123.0806956,29623269.778342087,0.6860959816228744,3215.2855357145245,17.176255095826082,0.7350487468040866,15.056884353182648,0.11973556826687623,0.0
982,14568162.25568609,3428679.1340012937,610660305.4315758,46426187.40818207,0.6310334329001825,3374.4115381517213,4.912940115119945,0.08485782089203706,6.2556119387322395,0.059189371029415364,0.0
983,65075.18257360114,37503.7912814885,2458705.068052481,131534.05535201047,0.6786796881173156,3539.405184765964,1.4031684160183635,0.06544071430976954,4.55639249176694,0.1441870406089417,0.0
984,288474805.2207694,32173286.778793495,25552780116.027107,1267781126.339635,0.41607076482936234,4028.344384547786,16.130736437107924,1.5771595930648339,37.687947612851,0.1684297310657474,0.0
985,98251932.69580087,16711136.569765609,4823388114.1468525,344141532.07746625,0.7221158291342563,2992.7019403309796,125.43946696334078,0.10760010099565856,7.836785144026429,0.10495825213907833,0.0
986,18696.623325889934,7245.421841490085,1984299.5397697762,63453.979140841904,0.6454403860324931,3356.3184769010686,1.5898569231735853,0.08730291425135217,6.040559135751975,0.13830198437701674,0.0
987,30383986.835118156,5554673.821278313,1980914886.9339879,113248578.62574652,0.6949685807279894,3756.796149568414,7.711846027149572,0.09399919221593205,6.562827230660886,0.2487164977423645,0.0
988,59752108.34601702,8901520.350879423,5663012302.140478,248785256.18911734,0.7588285033784784,3554.760495623266,38.74404237422604,0.1384285377195938,9.952789064644904,0.21649882734997433,0.0
989,9729690.50791356,1698602.22375593,689381297.3187199,38595319.06560661,0.6604040293648401,3682.319040254127,5.961630296466988,0.7834438171638304,18.08805901672292,0.13515308458415004,0.0
990,8131.502454283048,1021.833680002168,1959841.4167551096,42445.18779996544,0.6949647165347985,4068.850425445195,1.2408721336621742,0.1001658507047293,7.078129229315951,0.13412289376458883,0.0
991,6636.879896279596,1178.9762426583907,1747063.4656081435,34650.456927768944,0.6324659812450981,3857.0009633391905,1.0027561574685468,0.0527007870550694,3.3802649259237825,0.390662106353775,0.0
992,28590.204693666507,22989.473332011938,2000138.831963975,64497.2618586668,0.6639966406094323,3447.9603546312565,2.108504525396524,0.7693635582187051,17.51093412721936,0.18696499197263983,0.0
993,1158939.5974290106,236470.86623939313,28218943.019720078,3346465.998417498,0.09687510484795117,4337.4663720074,1.677865781450973,5.468996159049764,90.58741998114137,0.409850789992583,0.0
994,1518177.541545851,959862.044013213,10295587.451608136,2274514.2010496575,0.6637928540563487,3494.4933618182226,3.2496523308447283,0.07361919373788117,5.341200866123455,0.2441822218211972,0.0
995,5244.278704212267,943.2236504124627,1550483.8679296097,29081.153060202683,0.6572081146607825,3333.7870463174795,0.9227427381358417,0.041990114122718136,3.057268479238792,0.4625721201503773,0.0
996,96193617.8265608,21503593.839099985,8431899607.089022,371776953.73534334,0.6916804539863739,4100.515517209635,4.659440936951385,0.0876677727509727,5.974180406008868,0.15828940382559006,0.0
997,755859.5761307201,86046.26560720193,87041776.0891693,3529786.584936758,0.7522882064012951,2942.9184136764793,11.231432611649135,0.16732659149674384,12.501386995377828,0.3060959399259932,0.0
998,7139995.547149462,1120937.264486457,374704021.02993184,25811450.88218189,0.6844940501070302,3447.49436735172,3.817155368269334,0.14648163288591273,10.17840700448867,0.10803025466133613,0.0
999,30777667.144281626,2833412.6430567023,4335308060.722159,156478962.03614682,0.709848717695183,3116.723292583819,823.2588995270577,0.1156486719849048,8.722318438518005,0.44285101224974255,0.0
0,17428337.116328906,3086825.335064405,922144042.118191,62095077.32247412,0.6901651617865555,3884.244520088131,3.027890728205631,0.12345673619671968,8.427736106746064,0.11380724787202381,0.0
1,3041375.1842161696,446354.8691255888,206269831.73214248,11647900.376101285,0.6745495276388267,3728.625460738029,4.599046923793482,0.15179923435746404,10.47672174315574,0.12438072014561781,0.0
2,92951279.99722035,18035922.400889575,7316357852.155772,357111994.53348565,0.7537913735692154,2939.575308045387,124.96438587092365,0.12525889020476483,9.077784598822904,0.15712534133323514,0.0
3,8900430.41862451,1469223.141084444,560197177.0462339,33101198.794484455,0.7367753467029157,3669.777420097794,10.381577212003654,0.11984240908851813,8.648768813730836,0.08391800409704613,0.0
4,491446541.64278775,153655902.05776402,6389568534.3789015,1087048118.5657957,0.7633858993762406,1965.3700272591186,106.95135572368608,0.07904824652219258,5.813925988738203,0.10080682504241631,0.0
5,87346723.30872466,9624137.580008708,12005983294.284273,430764732.9076985,0.6693096499635075,3487.692396558872,12.023970748241348,0.1989061980705693,14.22594428311584,0.22492926479824607,0.0
6,34347965.78563234,6777900.946547885,1291220772.584618,111080596.87159805,0.4335003077486633,3670.0300688465777,4.150761680143474,1.5598568251728806,36.370494176492414,0.05589434470485834,0.0
7,425136.2551901437,31846.43570145494,131038508.09989218,2756798.069660797,0.5427945720037692,3811.089329169541,2.032434783649902,1.5189558849179874,33.81161307971307,0.23484304145919674,0.0
8,104860.38591811364,13565.009377659826,9817775.22749317,435428.68947251356,0.5684440910312292,3891.2873816173465,1.5925173324746709,0.11201432520075275,7.937041061803326,0.16784260577751803,0.0
9,1684709.0506675667,105370.33224794867,530020338.643787,11235584.939912964,0.5116806236435945,3952.057355174566,1.9810891674348958,1.5171892877782591,33.72671547358562,0.1298348869546156,0.0
10,42502507.23405309,5234953.654928744,3929297734.1458282,182889497.93930972,0.6189398259500146,3936.5904936448705,6.560976978727669,0.8156722258101521,20.913299137472997,0.277391069678678,0.0
11,20243090.565773465,3691751.5057584047,1210562101.7620392,72256787.62368885,0.6052156202047658,3332.0550458854505,75.59430453921543,0.7107489836111076,13.793586831490293,0.22809181339118403,0.0
12,8609535.940951008,1536922.1978940726,508187837.4561424,31204197.336444646,0.6225668250228468,3730.7678455991527,3.371801296669466,0.2004837982833793,13.907079150100614,0.10751562168021322,0.0
13,2082.692037559414,492.08702577060194,753844.9050132956,12252.218144170538,0.48174330350488087,3720.6731062225413,1.019380463683223,1.5797479972145625,37.729927004178094,0.3358084783494104,0.0
14,14789057.27035651,1831271.4806275957,2075014516.0870433,72306014.91813147,0.6610770227157767,3802.2948279669695,5.147721695996713,0.0973678234689384,6.882759115611895,0.2269643371973022,0.0
15,5352966.024785784,433112.8452273921,945466841.6229244,29530775.56091667,0.8060536901480315,2877.5111338230195,41.489849854122944,0.1522461893082582,11.313577788253614,0.24210330566487145,0.0
16,17453703.515438564,1440741.0183918616,4621628640.895736,108508651.00415239,0.6663239522317647,2940.491689588128,68.63741402659238,0.1519379566830958,11.207064331489235,0.3004365316415572,0.0
17,322988733.9719946,168353930.65561348,9889670925.275301,699904766.6907017,0.6540847485678356,1984.103380233812,63.489881590595715,0.13283468510688676,8.781880387058992,0.20439973225927496,0.0
18,224861151.4419825,54473991.41274518,13922105337.072006,785878972.4173326,0.6881780266189388,3330.323445877968,4.177211626004489,0.030845147138148475,2.2517670287862486,0.0285882445097304,0.0
19,2748.0038921867,435.591111348037,862797.0221355997,15834.261138216267,0.08937548539269088,3686.5145350273633,1.2463603698355301,5.4671943679178625,90.8137310892855,0.4212207378097817,0.0
20,1510212.6026403771,514461.64297246496,28870390.022177033,3467172.406991792,0.6791246594038393,3567.899458091839,5.165428719167927,0.09530766866105615,6.828066240120377,0.09251991830231157,0.0
21,12747134.49713493,1908000.998782549,1370248216.20547,54012019.20731489,0.7464556243063514,3334.3627843817053,70.20761767382177,0.11220068503739453,8.341558973709644,0.19808452419582295,0.0
22,13970241.687325254,2091858.9219765502,1935774587.339625,64718360.79164405,0.7419768194232301,3695.822582532553,90.7706438802972,0.09835697250807866,7.1583108695005375,0.2154795915539795,0.0
23,18380583.258992475,4600514.595836699,315675780.3251633,46484502.4541009,0.7288466221217307,3428.414160974464,6.922443246124478,0.15304400623508546,10.782793180959615,0.1117495597787185,0.0
24,5397681.474530372,830664.3501070276,578154385.5050726,23164670.875100564,0.6389086006261107,3773.425647391683,2.7039721864138047,0.07473318404818956,5.471771783676736,0.24830847593413752,0.0
25,12011153.515638424,1192437.7115675998,2039721732.5662282,64327929.85389205,0.6635580293519768,3195.733665446698,81.00857794926536,0.8005870666905267,19.918490690661923,0.1503367962745001,0.0
26,9580950.257944483,1696854.6956508537,1117806402.5077524,42181380.92751403,0.7034837256959505,3994.3692159883203,4.332510948642312,0.1539902653754007,10.010832106756194,0.24049727729514975,0.0
27,6245637.405426832,664867.3815009415,713303158.040975,29619332.673668433,0.6784595626256997,4311.48588244792,2.2502547065648844,0.08611202080543875,6.052397558748875,0.18774477648206575,0.0
28,17235659.575155355,1451571.9849668331,3874346639.9412336,100731704.58344439,0.7513279659361781,3128.4827543672063,110.03493463193722,0.10453716860407854,7.686489358782373,0.27813091610592516,0.0
29,158633.4306871886,144681.71123681634,1950556.3590246537,228910.24202306327,0.5322439505697265,3353.4813122318064,1.3170031772874036,0.06104450679709705,4.656699738670499,0.5988801482303122,0.0
30,20049746.129260227,3694034.081903337,1008116396.1209778,68923124.73318459,0.648006249102853,3370.768419365426,108.84508536694891,1.4410713156847403,28.355575681544444,0.16358874391315636,0.0
31,14320053.33636337,5853401.707644111,92352108.53642984,26051065.991020832,0.7511589729650922,3556.037819398284,9.71317895225946,0.1054319781756913,7.6148805422771675,0.09871790903773275,0.0
32,27427017.136316825,5555476.691569746,1269371032.430227,89233029.21736687,0.7099921215464166,3161.19744144254,735.5113771767828,0.752473677633509,16.434381286177064,0.12084525551000135,0.0
33,231318.30606163037,43458.93640643563,12605881.26596002,783612.7569258666,0.09373951577030457,3828.5882851863803,6.441999665935045,5.4832462496150995,91.94373756835321,0.2551725709821968,0.0
34,143883045.8982723,15538437.285575608,16383713558.227184,679495410.0965052,0.6927118738012645,4096.651196435888,13.629990510339,0.16674220872101123,12.277117607494361,0.15687413372887693,0.0
35,44319745.72279111,4629081.840395903,6017676325.827678,217190340.57744646,0.6993774070627196,3384.239833549171,158.12608233877123,0.07905392515174628,5.9212531285518155,0.12932121683232675,0.0
36,30408.303509006277,10926.980662095113,3985771.5419211322,113785.48285562087,0.7628103436208783,3608.1021685006963,2.9415378221443196,0.040702012244098015,2.7695058852200076,0.1915003424928035,0.0
37,3684177.506313165,1481652.936655122,45851462.55189766,7364011.289604081,0.6412500212939848,3911.057810604084,2.895935700317593,0.7132856924982943,13.711885253248203,0.05353221195882507,0.0
38,227360000.50555316,41106436.1453811,30128880751.06778,999067734.0844129,0.6318622959238696,3707.743101878236,8.893606309045314,0.14130376708483228,10.013737484732061,0.18808437101108633,0.0
39,21177637.462709256,3176305.8154305955,1527507299.688082,83103713.07682385,0.6864055611332454,3843.360076263505,6.243349677889294,0.14426716978834922,9.326094327665967,0.12082009311404106,0.0
40,176262445.2870851,49153815.62879024,10035757635.119019,582539620.4935325,0.6928614044629988,3258.97968964572,46.09953507856033,0.06444949225977839,4.63439872782119,0.09115340385989183,0.0
41,4485553.091668712,627793.8663469872,393374449.01901555,18836263.5637696,0.6628662964416322,3381.04336303757,2.3048001881215887,0.03624671245264723,2.6551686135043395,0.1486332128630205,0.0
42,9194836.936244404,1973213.0018808632,418730737.0739034,29431469.978449255,0.7763402294471207,2717.590369616138,59.63784439613226,0.12889747986199024,9.13641883657031,0.20536895256751514,0.0
43,67621.87301053018,17932.552872517528,3285555.0959113175,194763.74410848372,0.7001528954805227,3344.346682229467,3.324074490955587,0.1066003830189608,7.584056992154585,0.27539866068886926,0.0
44,16951184.771264676,5860666.734350432,323142116.4774806,39663868.616922006,0.6065910913632602,3773.1753812016855,3.001107741692596,0.09162441059170581,6.303228649039869,0.26512860935115046,0.0
45,3345693.9703627815,417704.2743149938,577807309.5443099,16470932.260303807,0.45952179490459305,3790.6076047519964,5.839271342463079,1.5432796249402325,35.713705395111354,0.3487386473416014,0.0
46,17699.696244584724,3103.943173809942,4065050.7426339337,93127.19190467488,0.7118599392740796,3677.640336539527,2.8385729326001288,0.15202967559389347,10.751932999772244,0.16021502724546557,0.0
47,20727451.847249527,2570797.451976891,2218443449.623816,95479515.00708847,0.7224716302463167,3831.650582656335,1.7054539155869353,0.040111542137990064,2.6597037439651174,0.2043113945797087,0.0
48,9750.644459339248,1196.7472250136902,2634360.242103012,54645.25404458912,0.7421410250469604,3844.4600930815723,2.434429626705091,0.18287183492084697,12.199533172204532,0.4694325654024285,0.0
49,278966.52099786996,26967.89199016699,38834151.56266754,1401911.144257444,0.6767762038711101,3705.813966429184,3.57136459478981,0.15708280445973158,10.30959618418741,0.3517658820277097,0.0
50,11851447.380529143,3724992.6435545855,385165087.03801715,32301706.438715555,0.6607175298749443,3309.0364520833054,12.790949044985458,0.11199673066006754,8.063705621835311,0.24810408409138296,0.0
51,18162.791525880082,5022.185151319754,2245482.697365773,67067.02691864468,0.7036175802770452,3978.792750185973,1.8252611219776327,0.18072552701387562,13.187919662206877,0.183364394000278,0.0
52,7958.2111213668595,844.8067979634234,1501954.7789376776,41059.31010309554,0.234590459720018,3733.3533261096177,1.2643928979357253,4.105238552895711,68.4058280812695,0.3996114544173337,0.0
53,30991.336513784237,2742.2620682216575,9208663.62455634,192721.05131582913,0.6695649266137769,3358.3370403118265,0.7666915846180917,0.06003550725839233,4.2352654342986416,0.10306822021766514,0.0
54,5917.512416057323,1355.7078830373891,1487822.6679780486,29699.953433448758,0.5188651900671349,3582.9431972546395,1.54245561587318,1.5024286719362023,32.550977555181774,0.4150436837733694,0.0
55,10836252.10735222,1368379.2546919067,1772472938.5749097,54122598.78996215,0.6230677470291506,3812.6116151418973,5.278130855751468,0.08839689076758991,6.357842485366906,0.2437476280176279,0.0
56,20965.622569581552,9062.206544303777,2884519.1877759993,79890.18037780609,0.6818200620275489,3626.627520978596,1.7359683118634592,0.1502283845170327,10.560270532423136,0.2149527779301577,0.0
57,557341540.7395439,293838388.07497215,8132927704.548286,1059347944.0823361,0.6724492652714973,1898.3916220785309,6.8342304196482875,0.05216015306577031,3.6077323720067396,0.22362273984160694,0.0
58,906664.113985426,316040.7862545346,10452335.338987317,1883877.3879190772,0.7990332794407248,2508.0034715198267,9.263577486129591,0.7512685416578679,16.283069470052425,0.12407429900065116,0.0
59,24873.26499611443,4715.1208978200475,2804911.5465237694,97282.7261884523,0.7073197643422681,3918.087454127118,1.2763268857154717,0.02945047833102592,2.0866007207411768,0.6585603052117347,0.0
60,24496.350060710516,4596.367282486168,5436015.449256258,123585.49083303248,0.6783846412919239,3659.3894080606306,3.0037740157911585,0.14095861933465031,9.695266303438782,0.37553629275739614,0.0
61,9854.56290308762,1088.790709190705,2712135.4094263623,57146.45920624045,0.6819045506222371,3737.282801412188,1.4342848661163512,0.13000325433532742,9.173394525065087,0.21441899645608548,0.0
62,3155486.1480724523,651467.7733730805,128449062.32741885,9968896.861205706,0.47526522181591807,3899.1775919194447,17.48835278387606,2.8221065024530274,51.84894040270134,0.05173453992530269,0.0
63,2648.41553501785,397.4565210125721,1126370.9788186417,17277.37873352712,0.6709328865216124,3584.3161926244593,0.8509743138018312,0.1255644222980224,8.659031297785493,0.23930986448676925,0.0
64,703039.7692418417,318016.7513567662,41919399.32296226,1981378.8025070815,0.832360109671716,3648.5696601516547,2.656097736818531,0.07366665619975184,5.41903888080591,0.2636120499243522,0.0
65,10354250.017966151,1171471.6169444076,836422212.4743657,44545034.30023061,0.7557973846825373,3710.5467204305996,41.364249827369555,0.09713225878449583,7.274300077019506,0.10455831220958668,0.0
66,25510957.772164583,3898833.5510935388,2288278282.4027777,105977344.81996332,0.3677625849924342,3719.1147097329585,71.69094054671262,2.160610035732309,42.200017977827976,0.05813925425732599,0.0
67,139935592.27167267,12158758.113683231,20616829451.569424,729528417.3899225,0.7251049964603143,3948.241187510128,8.939157290150328,0.12788653796545307,8.962249081810503,0.17380569902397994,0.0
68,2124279.2102665827,321204.49787408917,167583346.98307353,8467376.089659361,0.6956300243771891,3479.805193277877,3.8007309977400743,0.11159218837065188,8.190795490904115,0.19527442285997515,0.0
69,100480.91087589329,71614.11879989183,5764618.480200531,255667.12123680874,0.3721098586232583,3840.876757206566,2.446366692913883,2.856917826552693,54.44306547464019,0.31629681674729737,0.0
70,8948761.88568002,1088099.5554456054,820234300.7589303,39659641.856307,0.7642678583567016,3675.349682862441,28.614721602538804,0.046817077246493796,2.9851278321307246,0.3267301205558572,0.0
71,8774476.93963467,1034005.2180499131,926753390.9906213,39705165.35552758,0.7064167576511821,3684.820474798107,3.1540630837655623,0.17824166384570095,11.97096249455427,0.13925373482341274,0.0
72,21533.416121550043,6690.939126554217,2848876.065662476,83915.83296490321,0.7592983795076506,3599.262198454566,1.7285009426125981,0.1286385283799018,9.178251441027246,0.25478572705532126,0.0
73,1251572.8191117574,232345.80736249275,118206386.61703905,4810420.508321581,0.7018850827228343,3979.386089176381,3.000612906309741,0.10682416132062889,7.507460625695172,0.12981891412656202,0.0
74,38542.63589252497,10727.174259052552,6420712.42888838,164397.09503334772,0.7626748639532793,4094.8268808974453,3.110046329086583,0.13119020865900274,9.331931556227604,0.29620123496048983,0.0
75,68956590.29307699,12287419.491338482,6168062986.710954,276362605.1897314,0.5509650950508659,3710.490697484875,167.62613250912423,1.4753694297887403,30.63304240867127,0.18976415180827047,0.0
76,4948960.143713013,424157.15559470997,934406003.670496,27877334.4521415,0.7559735901814196,2836.753776350088,76.68629731971717,0.14344042509161517,10.457471462237537,0.221150118766179,0.0
77,13207464.453709137,960372.6607068809,2693890336.752858,77188344.18256857,0.42924417118187314,3351.6418890215446,27.326863150727036,2.8111131179266566,51.236287207982684,0.17508584458439516,0.0
78,32198650.594905116,8329930.602693823,1492930984.6631231,97388790.57532907,0.7929520462148305,2854.648571292976,153.86933280562062,0.13344712531479005,9.644284873606793,0.17365218535691257,0.0
79,38022383.90049009,5315371.439014534,2682566567.3650737,150308095.33219352,0.7333362575948689,3541.0409846160173,189.3545056251432,0.12819198515875083,9.501046701959982,0.18454199013519798,0.0
80,1955395.3384015579,535278.5641317866,66925939.97660849,5486789.109910228,0.6856362497806009,3710.275284245404,4.420469861192136,0.08530381092566622,6.104662738465214,0.27159405828419697,0.0
81,855757.0017965663,247750.42597194514,12441143.515946308,1972477.0221879142,0.5623201815701605,3801.0387471547474,9.994371068085483,2.1556785915277255,41.94955686839637,0.14605752630762386,0.0
82,4309224.66852304,748968.1724136106,384239385.52892005,16240865.298824335,0.7412058408695156,3319.4323631617576,15.140376190989842,0.1806146251133363,13.07738434207855,0.36236252200241137,0.0
83,20844148.58874263,3012685.939449909,1371701971.8181129,79657971.21233717,0.7337636314914556,2813.0494987624897,98.0645153277043,0.18585000787091585,12.59129040088323,0.29901170152362927,0.0
84,22156.132705540804,9052.566138529615,3235233.193841928,85778.26999610485,0.8423903740838524,3652.1266001541035,2.453842894884453,0.08716261522412436,6.077792018096739,0.25323165159274214,0.0
85,42672.14405310452,12859.239216639642,3353127.4328538794,150141.9665684434,0.740246323184635,4086.8362030370254,1.0936683794342343,0.27168173070640594,18.067039164098734,0.1706715424541166,0.0
86,31797057.12488394,8111490.472837737,1096176162.8877397,92278098.28233883,0.7484926147627381,3382.374931768064,26.169785886288345,0.10792213743766119,7.8791369895453105,0.21147857368625048,0.0
87,732752.609995341,59179.553262380105,121464599.92077088,3985597.842289877,0.6408971334077938,3614.8489753462613,2.7970613802155353,0.7252885824768749,14.370481686863831,0.20553007293939804,0.0
88,11535771.223729748,1446061.9100947825,1260202621.24887,52601705.129388705,0.6374974023589859,3568.0750182301263,21.23668250482954,0.11636325640599558,8.341151966904373,0.166433420348981,0.0
89,39724.52018836813,6577.57951039374,6629137.259279771,185280.72851999153,0.6163316328297592,4188.208245814433,2.6232132244586857,0.7866134970947549,18.297455960516768,0.40224132047103206,0.0
90,23836890.653388865,3768204.5146781253,1569119814.4380565,92413621.12909639,0.4893246076747185,3860.3582260732787,21.50636800567491,1.4554024463518567,29.300339895247316,0.2813115363370925,0.0
91,779606.8483478451,68291.1958532864,127046682.41472225,4104079.9808128336,0.7312638263908402,3754.355647060301,1.3595215818754576,0.062013485378646926,4.508058923232649,0.28789652588167175,0.0
92,6451670.869439656,549262.6073606244,946290961.1703447,33739539.76465787,0.46768214483702897,3422.7663804204476,13.634678844418769,2.172379910467807,42.893461095129865,0.16419567204469143,0.0
93,5332.97679441736,1274.9925883229885,1141586.59534156,24082.727306003166,0.5932659096448851,3225.904751944141,0.29511222909016277,0.05995954680714703,4.2128522237019626,0.39330103847402975,0.0
94,54317459.22648462,8752457.386503536,5155025509.324926,227250395.0590698,0.6994869234477232,3876.301931936443,6.227698248227962,0.09664588204600308,6.997578801760996,0.18750919996189835,0.0
95,4279.463583182942,1077.1737087090569,860243.6722710055,20310.276882958362,0.16621195823344806,3573.5199510024977,1.1772765711092383,4.147685086835043,71.40780501614243,0.26120794244258205,0.0
96,3463.501785396626,672.3859479309591,1217390.1599386751,20048.483162796496,0.7184086661168112,3627.711848634559,0.8935278583087681,0.10383542731861928,7.08637773538412,0.14576335142933294,0.0
97,45129.22459869367,10296.287463688015,7029394.088872468,195749.14242219715,0.681593402321137,3533.0093106710096,1.4158345904373153,0.13021092973076237,9.196732558257255,0.3702312482750211,0.0
98,1411315.1642782933,336783.48441871663,46337425.02643166,4021472.8946039327,0.6644792902591233,3228.7211606858705,6.279997878259923,0.12462223407300224,8.818009948401839,0.1424151312456204,0.0
99,57741501.007328525,7660240.536168618,4289662745.70601,235110646.60582924,0.7060437237732138,3396.061689785792,75.90120578987613,0.10134512880676319,7.401142385556932,0.2827106766543976,0.0
100,9356994.0715839,532618.5341488827,3507565429.0215387,66482576.65089317,0.6708090646096739,4154.5914400615975,15.638398665075925,0.13529610914044543,10.083957982008165,0.3886623827156295,0.0
101,20660248.46193642,2942593.511735519,1836398712.57548,88113138.03299013,0.6652837693445405,3536.5295080099186,10.938801593363364,0.1298509344916078,9.137684338219675,0.19077611534541228,0.0
102,41665423.39416578,7995625.374092427,4089381026.53963,158577281.54772028,0.6854114979856167,3561.916431922142,59.32126824624277,0.7865550037734163,18.84258027557504,0.2873093903053478,0.0
103,28362154.8677981,7647278.85463505,1130865306.3110785,88462606.81744106,0.6482279107375872,3821.79673170131,5.776588807493792,0.06952204335744501,4.879528909718589,0.10361099733957435,0.0
104,14425627.475663383,3047556.795475915,951000760.5234289,50679037.63454805,0.7249978680268261,3199.9544297740476,40.572717938994245,0.09142164909546899,6.4009820868045795,0.28285285167965996,0.0
105,9465639.937539544,1057722.1138571315,2048830799.9001064,52959675.275581464,0.667220335433748,3137.9075798197605,30.759174643808976,0.12824445935740894,8.921521723943677,0.2815826921921871,0.0
106,33059.103062517526,9444.872291715574,3356309.9081120365,125675.17667203184,0.461158983206981,3831.929727686599,1.9437014359693714,2.228752005792875,46.03300867222149,0.14966203424630706,0.0
107,62569723.0285786,5937279.815286504,10796130832.719015,329841985.41395587,0.669072795806886,3547.217513395637,22.319481748156996,0.15377274176647723,10.440739664642493,0.4078766242649577,0.0
108,10522936.096881341,2008513.2077207707,623079264.8422564,38216420.207937285,0.681868602391357,3329.8876578697364,4.457682603557652,0.1445122135669772,10.447086411538912,0.12604207786447727,0.0
109,3271369.6959554637,604907.5201782826,216161642.8666497,12110573.388700206,0.7684046407563687,3349.479623863547,13.046668449837538,0.07278908382524989,5.3514230098728515,0.13811218950112544,0.0
110,10638471.848758675,1339681.642637738,1587159288.7323282,54041333.386816874,0.776242007032264,3515.424924856566,56.18289667442569,0.1526118806434768,11.430919623053663,0.178349280544305,0.0
111,53658.211576465066,41136.77068222065,3069832.1989297057,122202.07958411735,0.7050326871001303,3434.9061494316365,2.2336626628080607,0.07958678526210364,5.723940351620075,0.458144252122288,0.0
112,7058032.288202012,952311.7532821458,568633416.7725595,28722630.45621262,0.7267642906208193,3485.489093672818,24.28947027752015,0.1297452904812202,9.522636458681012,0.21233306073231892,0.0
113,20609.75889473028,3118.7307476948677,4212035.723302824,103292.523375066,0.6681256289496236,3240.983281187543,2.160157121316881,0.8075633644350386,20.432843607546783,0.1115268014686341,0.0
114,33692.907068531626,4447.798292796014,6966826.434590971,175931.59612703178,0.569656116286275,3638.325773860075,1.8108611620579356,0.10203357923119186,6.944533660222596,0.23999165943589973,0.0
115,11526.071386914846,837.3810487191852,3868085.396218044,75897.91624595069,0.5605587122379465,4242.8398144943485,1.001136101144526,0.14729639867961106,9.955841171344122,0.14561443047956396,0.0
116,17966999.90707253,1388640.968073394,3620457499.8620443,103798777.2853423,0.673400481741573,3286.835731558648,17.919935128080624,0.8099926557217983,20.509563172708862,0.23102637413317564,0.0
117,448081.51967213943,111795.98760236322,10559766.772618927,1160418.7528947205,0.6912391499592915,3649.6047025911444,3.412111157006613,0.11187743422626636,7.987886791742065,0.1995683415972354,0.0
118,182591521.73989782,77288876.2331706,8102823917.889053,495620890.1837673,0.6941252761977752,3008.5301509883966,7.93311723828321,0.09467566244235429,6.488495599426221,0.2078697572020826,0.0
119,5357.020610757164,1736.8094804630625,1155370.3416168017,23749.099795635506,0.6815534339223888,3594.961072060254,0.8698946080979784,0.0962335860271657,6.612955026498296,0.3601131251452251,0.0
120,3595640.491791729,1188997.2368193148,52170554.01294665,7852878.781408307,0.715667250868518,3894.444425106998,3.4838675198963647,0.09854337122051371,7.122492418713497,0.0730602507124616,0.0
121,46353632.040567,5418308.610987002,3802611910.9053392,198385309.70841962,0.6523121567164711,3850.780047887648,40.16763628851918,0.19215501595966628,13.268919771915488,0.09561032206548732,0.0
122,29164637.562932827,2119359.9819989954,6577117261.330913,173797735.76064575,0.5563504355004063,3537.2090377188906,186.31588385629206,1.513663442592859,33.32557449556416,0.10787403675371564,0.0
123,11328554.578892069,3611675.9912628843,632916027.8885853,38521788.64345284,0.6473910158150857,3692.1807893377236,3.9993639481996848,0.08940167786121452,6.701556735091806,0.15940829760059558,0.0
124,3489.657322526507,1427.714174622079,1025386.385956436,17745.535443568097,0.7158772553479442,3585.0177376703964,0.5115117396745278,0.05843577088828837,3.934102393302962,0.46643082280145426,0.0
125,184895401.85410932,23691120.61718621,13216356980.776165,750607460.4291143,0.7357100303500477,3644.093338259795,29.96475647436031,0.14668797941576148,10.175748024897805,0.12080923845186105,0.0
126,10790592.434749117,1442972.4829446934,1207921312.5041893,49351697.931057185,0.7680984981603736,2921.808105125134,98.40362703143083,0.08740646464995416,6.4706407101166805,0.3285367238736672,0.0
127,44657876.031910695,3098344.8760475074,10696595312.917439,275389555.029922,0.6594924926982912,4072.673904175953,37.61488886651139,0.11814554191151867,8.750832935852868,0.24905568667793285,0.0
128,8103285.4053832125,2305634.6912390427,143638715.78860366,20046833.34155319,0.7394931597208741,3439.8737426672315,6.095784350626573,0.1418745492932195,10.224782762747605,0.09657633600744292,0.0
129,3373.3600154065484,412.5797864388804,1103855.149157274,20766.46732235085,0.4226117130349355,3700.299131116146,0.903239790331536,2.1215457614909266,39.211158788830936,0.41163988311001226,0.0
130,6009465.808553973,1752361.7057933994,158670205.20079023,16216905.197059121,0.7292645547511963,4080.2954549133215,3.905203224746371,0.1727132196954358,11.499962912835375,0.06580413985657821,0.0
131,3776.747612868382,869.9425594395454,776239.7409940148,16981.560640704432,0.39262078751592044,3861.380138496009,0.8970762041177623,2.082084667728785,36.843886178973456,0.5224859495419272,0.0
132,1009336.1031967286,334283.9017821774,47456144.95732157,2914492.7134839566,0.7230096506535226,3560.4450042714825,6.230258882435281,0.13903018925246852,9.638499187152108,0.39619559385721564,0.0
133,707818.7333123593,156464.42078925905,24208247.498247217,2070551.1150820996,0.6015971335674004,3486.2904677582083,2.987337069081171,0.021210917848200773,1.532858888052506,0.39641075203381276,0.0
134,2145.8504140013265,267.8757171333701,961839.5942677299,14719.404376769753,0.47906121308407634,3782.3869083158115,0.8867643950560126,1.4666298557314374,29.75111497064315,0.3724990769356774,0.0
135,7906764.250250747,965710.1608856793,764775674.416971,35055065.550474584,0.6698602813597291,4251.971717167245,3.2831595493703825,0.09975693155578202,6.819451293016158,0.2167168245933207,0.0
136,94994.85194253626,26760.10540888539,6895332.232153691,302033.3312219657,0.6326870659104581,3907.142634033984,1.86752205080385,0.7355633011173045,15.071660383650004,0.3794809975551203,0.0
137,7871275.348422043,1659631.419376835,239317331.05671558,23622698.958478875,0.7022159563773102,3642.3172465406324,5.332235127647921,0.16392955094090542,11.351293375417544,0.33931371975678176,0.0
138,9287.134085026566,1544.5638887952239,2038773.2562570323,45432.174199520014,0.7160039799179727,3798.765117449812,1.2257322539915143,0.05767334261653563,4.2201175127378505,0.24809620554222847,0.0
139,2989485.827601772,546058.7221435478,135039082.3160068,9866203.310600262,0.73289533477316,3510.145173289913,7.710413595908929,0.1220119325889617,8.795522976275743,0.13733703480789275,0.0
140,30609110.250305194,6125607.797313621,1171055798.3248982,95933748.2159448,0.38686388627153645,4107.320440344896,3.525808120335708,1.5147686275141665,33.22734205323267,0.26372144288232646,0.0
141,66417.55338258664,8631.189559841116,9941492.909657124,313182.43345807196,0.69992264225623,4146.555120004991,2.078417628831008,0.07819353186908078,5.733403760182414,0.3872052950977441,0.0
142,479899.55327954516,62050.21566282304,41336428.636770055,2011648.5935473975,0.6800689553557081,3616.9880970552335,3.1320395257713343,0.13324722283099505,9.209753040175782,0.1295415782360299,0.0
143,228155812.24070898,32002297.51583798,24405281959.841225,999287886.6298821,0.7056373197279581,3739.053928495464,13.477769066874925,0.14088350236067848,9.560142661809376,0.13122028315493883,0.0
144,67705713.01496682,13719995.897159556,6752238649.547755,281025690.10328025,0.6712394050691503,3673.034755599594,12.159267110085182,0.16895398272497458,11.59148448350332,0.14921157925954479,0.0
145,54097668.65703218,5877564.594753444,7476866906.518393,266410855.37298432,0.6535750703051564,3978.797436608671,3.7147477984202983,0.1076441814567545,7.499084350902431,0.20957011833493583,0.0
146,556.885669252945,35.1358760654354,340655.84837173106,4375.364963647815,0.0758234022278332,3719.507084000903,0.6244329619358886,4.0864674156699206,66.81951838963342,0.25708782106632666,0.0
147,79240010.82854965,18322861.64777389,5474631690.42069,278004762.07175463,0.6492853739388772,3454.717629051939,4.14396497020429,0.07092489948687675,5.128208237943357,0.16472779623725595,0.0
148,27377237.463215776,3813380.475489758,1964567354.1498675,109793995.74284549,0.7836942701236691,2586.3207804569897,133.8273346821056,0.10688212646062256,7.7842246040097365,0.11784806620363932,0.0
149,17723.088585211837,3655.262863734809,1869883.154783701,66761.16976715473,0.4579175168493726,4139.992500308579,1.234669290915372,1.5895207621785836,37.57280183625964,0.29473770514481584,0.0
150,3664.4705279577115,1036.540845277613,992596.8739548298,18452.22988115163,0.6688778013529116,3532.857628347996,0.6289689663135544,0.06325761682954179,4.490675781112761,0.09017858884087757,0.0
151,3177834.1679951567,765924.3824879734,325382857.1724416,12482873.069680955,0.6138892281993236,3915.9019679179073,1.7813943832357497,0.06606496306388605,4.577871406194082,0.366355911700591,0.0
152,43429049.1563697,5490476.760391099,6286737739.275316,216594541.33499312,0.6719105053934156,3064.2876916668642,96.73544023000315,0.23129538516055997,15.945770296602458,0.16993439787444933,0.0
153,597025.8025619228,211051.083450542,14034660.857322335,1452600.0966618087,0.45875816047072593,3954.9860260158803,2.0439686895316567,2.245355754981298,47.441272285757506,0.07337904540096575,0.0
154,10063744.14011072,586735.0725543431,3399928410.731599,69451364.04240748,0.6673461433518046,3659.921644036933,7.277567369964167,0.7744698805669079,18.099288776180078,0.36898222929966057,0.0
155,490438.71754379943,41156.42896392276,105365592.9391935,2775401.9194309292,0.6952508705141509,3508.7732607114262,1.2804588575240787,0.09043597197539262,6.174381723505218,0.33953904518164724,0.0
156,4412.378429261182,606.7979625343878,1552601.4155234944,27481.973400982657,0.6143411292051935,3464.861016345865,0.745847747984517,0.07573786615511864,5.287402012933067,0.2385479362094837,0.0
157,41408143.24476926,5511497.379969817,3993421269.4265623,181311949.82447538,0.657034765644142,4109.297344964405,4.342319063425964,0.12958253945828827,9.099971892366906,0.1626678167166828,0.0
158,6710658.327604978,1032620.6765037294,630815087.2698035,27365245.82347074,0.6826237438386885,3955.462644518432,4.521556710913859,0.16084715540731268,11.006357662010235,0.3044066985721893,0.0
159,5653.389316571929,1255.6162156661098,1520333.4736319184,29310.78395855854,0.6471955909103642,3286.97798747515,1.2091572267005288,0.07174335366249221,5.097778017715049,0.4027879974973456,0.0
160,166481641.13251382,21992897.10897981,17093636555.907404,727381056.5156956,0.6956993701455665,3878.011618201199,367.1598488249095,0.16957547382995566,11.399923764140405,0.2937134593458311,0.0
161,25762261.062920548,5419995.596784687,905780870.0267214,79938432.75383838,0.6866339944551875,3774.751355273522,6.572875809875186,0.09117692097077548,6.620503636753037,0.09327947392391067,0.0
162,141278666.4733624,10395893.116432726,26528580283.99632,806877284.4793117,0.7396470723851587,3839.0194686993746,26.740686862610453,0.045849482278668675,3.4068481044858787,0.17527673291262896,0.0
163,29334037.348568916,5589649.125532747,2234866790.4261694,114984124.2251304,0.7289783767782068,3882.1820233691064,8.497315331833589,0.17638495822470235,12.10236117527702,0.13747075247123075,0.0
164,6518.451970892208,1752.109673581177,1749490.6573886636,33815.29532724309,0.7102746233855675,3533.9993680231078,1.4411439157230794,0.12287593119909479,7.7319925413741,0.20172795028352733,0.0
165,3007734.762199034,368557.7044326972,354727059.2910934,13806167.709569642,0.6621633280095175,4008.008407020178,4.866252085610347,0.08491691119472602,6.038001444339223,0.07109607788757094,0.0
166,137644589.4339063,95044174.91757801,3762605180.368361,304365426.54462916,0.720805121620599,2286.8219922989083,8.017513132992768,0.14034492064625353,9.944847976313415,0.2219155892412727,0.0
167,76546409.39665386,16817597.41483529,7521141188.942154,295591817.1444532,0.688304183696968,3323.445205660858,44.40165496771661,0.0743835090801909,5.305217536607318,0.3739027814613295,0.0
168,126414748.75167826,10484287.591825522,20992788194.29989,683679656.0941013,0.5801105541544127,4191.472942357802,21.633205818620056,0.2275123122483711,15.059553820666276,0.16046706199081165,0.0
169,127330.82033671846,26643.668405918754,10324123.788010659,456860.5107256677,0.7660501776613886,3340.6729596605564,1.94695247511121,0.06196681200545431,4.466650252742413,0.21623961735944555,0.0
170,13940.76560397775,1907.202427110288,3348489.634688924,75917.71611094625,0.7563323433830991,3423.801901792414,2.0155761582471867,0.05479772233385179,3.914431233140564,0.6738914438348693,0.0
171,8910.371966159171,3077.053351953303,1541193.2165879342,37383.46092307927,0.5106103632850669,3667.641742948207,3.5093517947060198,1.6443580407178917,42.56399925945117,0.34544352072580076,0.0
172,8759.655203059414,1455.408127198464,2107528.624843611,45354.000152826506,0.6435631553029574,3728.591515580418,0.9377495051661008,0.04084723215802377,3.114627925893147,0.5445667883835097,0.0
173,8519478.844210843,618203.4856544561,2737846207.557185,56858323.8759802,0.10265995961174759,3383.6962577239374,17.573927804195602,5.509384884157169,93.96354344100772,0.3286053939870809,0.0
174,24541367.02709296,5259118.987919881,708317051.4183308,70252822.26548895,0.6823537052642623,3539.8315336765795,16.48808626469623,0.10283076831421187,7.548810524048127,0.2285579404049141,0.0
175,8324385.394655982,1138358.2552202074,805899240.3580396,36362881.53023203,0.6967998561466274,3475.390131743565,5.195667810170412,0.10744577051354565,7.849694410484604,0.21514891453732796,0.0
176,519203605.15295154,114956993.1246696,17435352788.80053,1523043107.4926467,0.6438319137496931,1960.9959439792783,6.008532381241904,0.11292283143287216,7.938529065034205,0.14237346678025928,0.0
177,4280717.557066885,932208.3065814445,381312590.0471779,16981157.37571249,0.6767881828878762,3310.472227370475,5.995988048197768,0.11466498863010752,8.217256714991933,0.2126541722538167,0.0
178,22959247.634083487,5115506.846467915,1444912146.7474046,83217570.34616013,0.6194256662555403,3714.611628327265,2.528063118535643,0.08374046581423551,5.556036120650376,0.18809808964713828,0.0
179,2509878.621198448,1091701.5354642973,61558311.12050222,5715091.502611134,0.6306782901393475,3875.0473595318854,1.3672597972467861,0.10655935706773878,7.695080246425529,0.11984742917042246,0.0
180,3356.069477723642,409.6241557208317,1234892.4325604264,20824.089400861812,0.4683859947041739,3573.7039278689253,1.1765373677343742,1.482782037893628,31.115555917884194,0.3348142672234018,0.0
181,5902.427281217468,1239.8203188207378,1342554.9008901578,28616.250950207374,0.7058878773094313,3609.875389291825,1.6447378684574288,0.10153397016767932,7.309289067253671,0.3813459536157089,0.0
182,53255677.48177381,8668016.068108816,2707615012.4791656,192417676.4795508,0.6469160902881343,3787.497177921164,3.6688452137581926,0.09313689870979927,6.61900002848576,0.3270034767140807,0.0
183,39716.237961165534,12478.799833899537,3000408.032057782,119167.12028027531,0.7374397614319225,3780.133208877933,3.177927434437425,0.14966890329247412,10.252631459734463,0.30804883955327184,0.0
184,25186517.061163135,3752621.3077198537,2320819815.8278794,106619256.42865951,0.7054960282108798,2832.8022207893773,115.66286964546423,0.12121100377914233,8.658571323835776,0.08724367650002168,0.0
185,7851513.7739000665,1322918.2021760466,644492288.1956521,31282173.38430813,0.7176956931827585,3979.257480473758,12.57574963597971,0.14126393314367566,9.618451074122891,0.28930990416249963,0.0
186,162672746.07372394,15891315.123520326,28875771986.776283,882352675.0821956,0.6534956715604991,3511.902528153677,125.69514559475463,0.11149207548117816,8.374225570165816,0.3086784775924086,0.0
187,20984098.605811737,1092993.1951693732,11018342095.922026,166047109.46558347,0.7979634164538391,3789.8518026967513,7.485548604468691,0.8296900039315581,21.736804296213922,0.1260493836173999,0.0
188,18474277.99863582,2321537.5185497487,2191993821.5916033,84388423.96125664,0.6435668789531929,3589.6979210916697,3.1456961879233014,0.1827860142200147,12.533701172391865,0.1578000923678133,0.0
189,4446768.441258225,628975.6672687366,253753100.7453145,16806595.666652463,0.8061318965415444,2582.690089666905,43.79283590054971,0.16714871598468006,11.971929337631973,0.09307605832078902,0.0
190,115129.52370469035,22724.95209260512,7864415.344608419,402673.1656506094,0.6706140389381966,3425.4875218938028,5.605239189251829,0.11695121432469432,8.553970053992186,0.35830968355409104,0.0
191,129660.43032355754,117297.8166633768,3465187.5455035856,212978.04711390325,0.6663589163021213,3481.484474078022,4.53657930379713,0.09390167350446461,6.670844056797899,0.17683758056069032,0.0
192,822620.2630638126,67099.04938129387,191502719.4821753,4917785.403155512,0.6002941141942901,4109.73796878473,1.639013604582884,0.09331758516399846,6.853250317531268,0.2615202453957534,0.0
193,13978.264531200955,1317.9379406618532,3444759.5669508874,78153.8916387182,0.6556099628027523,4382.0980426923015,1.1779881754735648,0.14482477927302817,10.104310297162634,0.2418529571346035,0.0
194,244310.9895912298,79910.23923076519,11146028.263524018,675878.0740435234,0.6223810992673577,3477.9156638974237,1.9818235672889803,0.11269342520251406,7.007425210506206,0.28393244269339707,0.0
195,476863.7471323178,40060.97368404978,124874567.99263549,2894274.72452505,0.245979477141477,3646.036113525085,1.5421232981439879,2.817189199389346,51.127257674631856,0.2736103785856949,0.0
196,1639412.8508094691,252644.08726532635,72733930.49238798,5716095.095286272,0.23259825452540345,3859.751507690472,2.8536886295490382,3.51057232182225,63.27877417138419,0.048710326700757194,0.0
197,815560.777767548,146252.2172009002,62809293.72658001,3053504.782957336,0.7076914796618634,3947.2577172541833,6.059136568404193,0.13271152918440948,9.2203515945077,0.2996671645210953,0.0
198,15809799.12323146,3723821.9898421266,716567661.8552135,47945789.07549524,0.6567615992610153,3018.4011852705144,64.37396089321277,0.7290499014774394,14.563604916050014,0.17056486667699278,0.0
199,69573.18195809517,32778.85318389054,5374936.03894357,206791.8492202159,0.7155874660859566,3864.157365146475,2.2105199058019642,0.12110206789812708,8.179142366204225,0.213560051812311,0.0
200,25393.235225970857,12171.988372395634,1426581.321376485,61071.425293954555,0.70442215914435,3308.351791791411,1.8931242456365744,0.08943052112922319,6.554413089514743,0.18591896268875938,0.0
201,1701855.195412057,281642.7946688264,95694671.30066708,6076666.409937953,0.684326915696391,3962.4762087406507,3.962696988646942,0.12430581355173072,9.248426736925284,0.09808889757103134,0.0
202,14370.706590074755,1755.0649617694035,2919646.748063928,73146.56746714754,0.7202140748684939,3891.2730989995657,1.6064964359314202,0.06305689669374326,4.372877896074492,0.4967116249577333,0.0
203,8499524.128607351,769269.9115072021,1268369196.4197793,44269416.27422507,0.73867085220777,3229.612142054066,55.09660146095186,0.08325639119006575,6.0527099528571,0.19138867182512295,0.0
204,7518987.415548645,2340343.068800883,155690660.668292,18534538.030610114,0.6988871520353844,3568.9087314484286,25.489516538359265,0.7731059064495542,17.852081548555173,0.2587120312625583,0.0
205,15474.06792802937,3251.626883115917,3794063.4891718114,79499.90380484569,0.7235931286902654,3433.914377886717,3.031202159050282,0.06573389897401709,4.701979059174576,0.19378489847176902,0.0
206,28145516.83368203,4658101.152117639,1438415099.265034,99562437.92651813,0.6897136932008212,3808.980618738725,11.166041197463791,0.7444552263724071,15.837171243265525,0.2489188309356959,0.0
207,765555.4845039556,103793.43131603564,66882630.02242599,3148918.01327896,0.7480641712930103,3726.5053830260167,6.836937121357612,0.06935391933793804,4.987397776736763,0.3891259355491859,0.0
208,68991204.04234786,11142551.065338025,10484874587.6405,340198711.46430844,0.6950567115579896,3154.6000934539206,126.5362020906859,0.12772266836866822,9.553995685860214,0.1688141239113555,0.0
209,78059673.94264516,12390835.928821528,6039494233.728368,305138001.4789194,0.6667067789286302,3894.34358842038,64.19270024015243,0.17753131498850044,12.6804183546986,0.2313718398826002,0.0
210,15691412.763667237,1227205.567067878,3336036319.5022287,91530050.60023256,0.7631670022039937,3638.5150409078424,95.63618743397696,0.13743721057448477,9.933112007733076,0.2296727416186402,0.0
211,296064018.06803644,88549361.21825072,3590184622.7509947,670722256.3505592,0.3953146388360122,2397.635872537272,21.006125811229676,3.466901898954532,60.33800612789374,0.10459258436595918,0.0
212,8146658.0387611715,2067272.6491878629,510288188.06400573,28643440.582898222,0.530275110378986,3952.479061637113,53.3504317614185,1.5933553896014203,39.088352785816156,0.40479244986613067,0.0
213,105933956.42419039,39567572.73679894,2673280482.9596605,236726706.88579434,0.813549194967204,2724.4737015040387,485.81429945194327,0.15850355933431803,11.658710523324958,0.18892210234049064,0.0
214,48896858.90527317,6722993.880801514,7990125344.00027,243233109.86331925,0.5724885256049124,3811.6847534959206,2.744049380580681,0.10273376008906157,6.88309657048095,0.21375698392051765,0.0
215,1731.5133468799613,207.98845543611415,879854.955358769,12373.441824473557,0.5944506924995114,3759.9920342885357,0.7895346208049857,0.16886109651855846,12.303982810014551,0.3509668363686662,0.0
216,10858.090836809766,3253.0128597079956,2158181.8759338437,48204.713603307595,0.6741084368483957,3540.186532349384,1.3760050280860416,0.09693714298195992,6.547615092801207,0.2551904358216868,0.0
217,12099.063811805248,1875.5937514046695,2071587.7771586527,55502.26619922022,0.6801115178113875,3889.0846594789728,1.8615109371427254,0.14544513193199213,10.300816662314407,0.3016691216235507,0.0
218,216247675.23916215,30336379.925843228,25908219444.434868,992069296.1468998,0.7083585009997545,3495.97314337593,17.252215850226097,0.1816228688994368,12.938934151242844,0.23022432608712456,0.0
219,6952.156336786112,1347.3847087066067,1654392.5719658707,36229.177995575556,0.7378680623484645,3701.779471350025,1.2807229787042829,0.15477279125282495,11.496793842143548,0.35434322044766925,0.0
220,12310440.540552055,964040.5226418462,2442749240.342041,70545078.43262145,0.6942568252918169,2868.8193674450467,73.38115233802463,0.12257256906868141,8.840651205230595,0.22488426311334941,0.0
221,3342.6842798994994,492.09798414204516,1170104.9487789609,19565.8338302211,0.6250900835080931,4065.547553412068,0.8547511506738945,0.157339809687065,10.693070867907242,0.30637785885125374,0.0
222,62821.77100494568,17622.11769490801,2934752.9728403953,179529.5768056945,0.7301524386053092,3504.6940192545026,2.42345752849597,0.05993658278759808,4.128955110422366,0.18174156241358902,0.0
223,98958517.06956808,13220929.05356161,7424279783.7851925,400974069.8085358,0.623119989003255,3732.716152271702,6.097272453087586,0.13945545477861582,9.649869608105611,0.22476765018621328,0.0
224,12030.218467785917,2622.4988490505084,3354688.424225344,64998.032013439704,0.7519360691639856,3475.2019246690934,1.1089449221780676,0.06456178913596614,4.439692132930081,0.49691078095942126,0.0
225,5824831.2446330525,576140.2804248487,1210358536.1857305,32180338.194714867,0.6930982301457094,3762.7690967456165,5.686643095057128,0.8050766925610002,20.035287017546615,0.201615279993387,0.0
226,21761.26556252013,4010.7322828366823,2825824.397871036,88902.61881010643,0.7096114083433294,3756.973590081593,1.957084740800179,0.09357661929668196,6.681341743426522,0.2702890186364558,0.0
227,66125765.77163285,14381600.195397738,3617623415.735659,230638914.91937938,0.76532821360566,3493.7525329348964,14.025091419607818,0.05527156495674372,4.111654050321318,0.11947122504395452,0.0
228,44064541.35655083,4736111.014922471,6514716670.993294,220208967.65530595,0.7079818876798116,3521.5490915179435,78.16915017754,0.18492501711541393,12.896095205928452,0.1914369178469885,0.0
229,105527362.47082356,33528134.063858926,3093336004.255044,286887542.254822,0.6794595984054924,3932.823694849917,7.789150631536017,0.10981607404419887,7.842955209891654,0.1682199673954274,0.0
230,6542.613389615235,685.4855532337895,2115551.147855792,39593.90063647023,0.6329959016025677,4179.029170368719,1.0374010846520603,0.08936668656484174,6.212699516533708,0.3613143919627498,0.0
231,5776.05966411835,484.87166600796945,2227594.8802275276,38326.568945411265,0.6907292121192181,3916.018587043708,1.0685084801049913,0.16260629632366283,10.922833713191078,0.10880035927348523,0.0
232,14684495.201313365,1040409.618730129,4542903918.949898,95082865.98075798,0.787201304626153,3286.701539403589,74.96324527291756,0.12757860997630138,9.399149077350407,0.37408087180552946,0.0
233,115994603.45085776,17266101.556020457,15211486291.72311,561018606.6554095,0.6440636995423363,3479.9259840281184,2.9780307391020355,0.06087374576227509,4.317703204726854,0.09779368009652477,0.0
234,30458237.855759848,10622960.669037564,818819371.8642795,77710295.11035608,0.47340831503933944,3665.9967831727936,5.833975924014358,1.4955758640053904,31.61843430801419,0.09880552408308703,0.0
235,70313.97232654438,65836.73173494931,1468344.4127182893,100636.91663105316,0.6508156110789767,3299.722225758995,1.7337099999015269,0.02017576570914246,1.2353478646507228,0.2547614556360289,0.0
236,4847.102240524329,642.5820935683539,1491043.628407764,28062.647591473196,0.6943697288162147,4091.645484788941,0.7031998292795716,0.0517640382049863,3.581568209424735,0.6629584230029671,0.0
237,10335544.66141131,608431.7227183733,3454709837.61784,70868639.4871007,0.5383311597447193,3182.7157414923013,5.89370873182185,1.5276366016633112,34.42335930375269,0.15755365847704067,0.0
238,120565429.2618051,9658293.931119932,19274704985.86817,652348004.9933679,0.7605463245526661,3562.188285768901,45.52623637478238,0.03111686692141591,2.3637438641707305,0.19801587193291506,0.0
239,26024953.5487754,10275666.277458234,1133134335.6313946,72219382.06380016,0.6938211683840503,3168.307968251097,15.799917346683277,0.11353142988773249,8.61068904139062,0.15175559326249477,0.0
240,851843.7548503183,206486.20557099162,133700911.74735999,3524912.1270302213,0.6070889411490366,3637.4477815623686,9.471190241162288,1.555984033103406,36.5384562258948,0.393257095475507,0.0
241,21848375.08273331,2293545.047917685,4085770283.9624963,116496635.83153072,0.744695275897961,3098.184438846635,141.29651317168234,0.14008916280411315,9.72929097365592,0.143473809751077,0.0
242,11412946.34612279,1165539.3492650713,1650902298.1667788,58314066.96623592,0.6675054822822639,3932.851181185183,5.150787432859755,0.7133954083691353,13.919986079753414,0.2986867009179599,0.0
243,2666.78832648543,331.14314916778665,932224.5571664565,16205.964951685495,0.5692571942610603,3675.6376920572184,0.4031705213146726,0.046777341508218925,3.0597998141064835,0.3354900549945278,0.0
244,10753897.521033803,711627.9209306862,3276521034.0710583,70749720.57421926,0.30606847636367923,3766.382699030262,5.961326906779243,4.119170846776436,69.4631597540479,0.32915492343299857,0.0
245,2200663764.1545415,983865569.5837475,14573390723.916723,3957359481.0320196,0.23030235156566672,673.5784531611046,38.06715202377835,4.085986252279513,67.23000678674627,0.06256113623640329,0.0
246,19669425.384138457,7863122.241991067,620233868.8060906,50253600.0720924,0.7376294120257587,3180.6265428881734,29.354974222160617,0.1510419621797631,10.784076221203364,0.3295047681440213,0.0
247,8353677.7134321835,1348809.56991314,868287254.3112751,35456576.02098299,0.605460678540567,3776.2327031157342,2.2939783097750452,0.13959807803961732,9.636238727928655,0.14339197263892509,0.0
248,16331624.807363281,1095902.7301242435,4279883630.9259596,102771907.51648025,0.5187484164092504,3875.291284249101,9.276202254303605,1.5104100776925566,33.54552249932032,0.451598214409123,0.0
249,55451112.322824754,4964455.040418429,7062894655.5546465,278170709.7676841,0.5722511476225872,3928.9040059163995,3.5839880126670165,0.1325874810929105,9.153177428046474,0.07390059181468568,0.0
250,468725.7299312561,55109.13321551067,50655669.90462498,2135805.8877872513,0.6296164158727493,3685.413372421549,2.573989500872684,0.11060868239126904,7.7168481525368335,0.15268801848107802,0.0
251,471398.745797069,141154.64429704146,54025145.11425072,1928162.927877883,0.6817673824544568,3734.182333492883,3.8666764780374114,0.801135794486374,19.615375284087555,0.14945608519736076,0.0
252,36112004.66054678,6203915.872763071,2055550860.022993,127602182.16720705,0.5881328744969591,3994.018015544303,2.9254480081518235,0.08024757303701283,5.468751372156483,0.1852405524772811,0.0
253,114819.18052866508,50402.88297576968,4339833.730561607,298001.2421708874,0.45499642072907004,3702.1564178661147,1.9665175913869415,1.641365637162665,40.75493789745319,0.217667870875843,0.0
254,50937.68048749726,8393.379365323673,7308717.104365071,228021.4991979538,0.7431333358176383,3829.088663351434,3.6707823201732097,0.06146964818273322,4.506529336809277,0.32661559339851276,0.0
255,48574712.08265335,22754941.617847454,1227532583.368663,115679973.68452588,0.6970307406751152,3588.2482878004225,7.1679241130541085,0.08373081554130027,5.878160265369443,0.10925774599081146,0.0
256,8969107.37973499,1658303.9134955227,1448935855.876302,45710743.87049283,0.4490935994812693,3793.7540728268605,20.760511461875808,1.5719868088362923,37.45315588781269,0.2055546248871283,0.0
257,21487392.33682201,21224543.148090735,121596114.9319916,24790227.805647135,0.7219618167467722,3500.4598906557176,8.641778160853278,0.14096413988248963,9.524935797591647,0.24843539388494584,0.0
258,7133.010235644273,1524.5530663704571,2333542.9944090075,41535.98393474645,0.6824507898409468,3502.936030194259,1.9734725334590322,0.17049585744579962,11.953993395100373,0.07334522666335212,0.0
259,14297661.920403346,2304389.266943485,975253425.4278883,54378846.7276593,0.7004508730461015,3898.165925959178,3.656814964363789,0.1226900321633834,8.494501862893264,0.14511256689452098,0.0
260,59588036.6970402,19466963.86654147,863934490.006306,129809869.66940625,0.5819066353739993,3567.9328464941345,32.01359082666655,0.8687060450388373,24.6035553686892,0.18564375842497152,0.0
261,9274.247648865019,1920.4706671697436,2029537.7635747783,46208.03110979924,0.47630233012870515,3419.456197236321,2.559187345613274,1.512431546508237,33.41893691200777,0.32527960204212886,0.0
262,15228768.23749806,2137597.961361105,1834283347.314038,69717428.80556291,0.6404224184847034,4012.1202082913287,4.4054831278306885,0.12257880462912354,8.782192637366517,0.26220958079415807,0.0
263,38517.221204356414,17562.18136086898,6407499.319675683,156691.30435462276,0.6542203528003282,3460.3654888531464,1.541953375137881,0.8160642180234433,20.662494015710053,0.43667422749682233,0.0
264,62690185.96714524,9955153.170975769,3549960420.4824953,226022592.60412303,0.6574837647936272,4342.560787369346,3.4155689997181526,0.15603937817981475,10.497326259334283,0.0933074637920858,0.0
265,8639.00864030603,6232.4276669536775,1310412.7694701818,27086.395164787777,0.593325919058681,3894.211537732725,0.8414148420578885,0.7621751060008927,16.704526238299003,0.5043422368974172,0.0
266,39106044.320600316,6102630.173468247,4165422427.8578606,170902534.5556168,0.6327490127509393,2977.332639530553,74.75758893561256,0.8276231167179698,21.35677719336585,0.16168646260969607,0.0
267,587043.476034312,98768.62559248359,140865959.9265432,3316686.671854015,0.5469151021977059,3571.5460509741906,11.524913151207336,1.4930249531231712,31.638622261770273,0.31759378201633376,0.0
268,57175801.85454176,25265845.318790317,2164757089.374067,145033721.98955613,0.6923406439166209,3675.8047332254996,7.781933469148065,0.13082236390306035,9.046275070741329,0.11041004634485606,0.0
269,30766425.463133197,4008455.3494292013,2541826249.9854517,129867251.74139753,0.6560939288908002,3545.517384360411,8.467014427472312,0.06146679957279089,4.689217944743376,0.08155816411922256,0.0
270,8501.101703965815,1097.2079445129143,2102664.227418679,45174.98526636738,0.6542405006734994,4224.108168616612,1.549056780130168,0.08976055172368698,6.322358835020433,0.4426995329754914,0.0
271,298146657.2423066,53645070.09605372,9328399136.434244,938120933.6215519,0.5481350561394776,3140.837715510529,157.69166181156348,1.5527566726654618,36.16392368370644,0.018722358243389057,0.0
272,3663.6441084026737,1830.6362407046795,972845.2751450014,16824.92264946904,0.6377199029830642,3901.214956104507,0.658061566888283,0.7641883209614311,17.069884021990852,0.11578415009383347,0.0
273,18035690.08828648,7144625.543812853,566981365.1015047,46771166.5555275,0.7091698900329954,4170.539128654292,3.2463600502279966,0.11924686320468325,7.857496952547201,0.08419582365188834,0.0
274,16066708.580090543,1300124.9384472982,2756514075.6454973,88755106.39540553,0.6479427086356552,3699.6700835410584,9.634419737559723,0.1203866109044804,8.67507713742821,0.14994500391116478,0.0
275,57460877.63787569,11028969.570759807,3467285115.6342764,207776297.65154403,0.6973006875095729,3420.1973943381104,6.265685591605305,0.05595081772385457,4.079022644501118,0.24018884089766343,0.0
276,23460047.279353306,15405775.785229445,739464134.5249869,48140950.29048384,0.7487896343589405,4030.430874177427,28.52449973713082,0.0949330615130961,6.846660134184629,0.2146151358816815,0.0
277,7766470.101957962,1832655.8447417845,158560082.3964391,20508833.778690133,0.5981677194275261,4150.3540932147625,2.5251532704429502,0.15798538561154096,11.028361256852499,0.07391641632603418,0.0
278,9053855.639939055,1005430.0643074099,1056140179.644017,41982363.92768093,0.6331462571940238,4374.007293026327,3.125613303009423,0.12366962308664302,8.611301332431157,0.31202378373098033,0.0
279,4305.363007961842,2841.063930781401,662415.9581563786,14136.060858439989,0.08509850593415791,3744.9230694511834,1.196023644118874,5.50446505846019,93.55463485559196,0.4022564086396424,0.0
280,2843650.2094640126,641412.0901513279,246212156.30171552,9662072.575345663,0.762910911254857,3422.7863801921962,15.879037127593337,0.12165996197747439,8.947122028918379,0.3319344138917382,0.0
281,41669307.056152955,16137848.316752072,585781885.3380477,93499082.23117395,0.1630840095187553,3610.661129736204,3.297400890282237,4.099154073982528,67.89653306751453,0.09651668648939996,0.0
282,25832501.26088108,3404757.798741485,5357297829.332759,136158872.8504773,0.7340751753998825,3370.6858998900652,39.2430044213655,0.08127144255316088,5.537891525718399,0.25800982339416406,0.0
283,5567.296700810072,2354.1920572826484,1333498.0952134954,25256.764200436905,0.7070573510914138,3508.2414602149775,1.797780958187433,0.1260173748458559,9.348008612124463,0.36711334013117214,0.0
284,10269566.234074136,920715.8368951833,1557611564.7300754,53820045.22553934,0.7779772823182106,3171.947764587793,54.4059130903273,0.11871479671065313,8.442388296341989,0.0894288790340055,0.0
285,8904374.142355276,823874.5595707874,1122100131.0323887,44245077.529265545,0.7212217848873868,3900.719484196312,16.25807639158643,0.11766150962926236,8.621072164480413,0.272844854258389,0.0
286,2331699.499802752,805902.4940776344,93146981.84798847,6653680.990593039,0.7072562907201375,3588.796687472624,3.9188846608373935,0.10492855214550038,7.361062685006722,0.49538399936905886,0.0
287,19248.888401848333,4094.755560255019,2043110.76969255,70230.73291430438,0.6437114085217327,3803.4274221504315,1.7706317711872674,0.7206373324622783,14.209535970149465,0.10044688869510376,0.0
288,16500.1449931021,9534.010585094167,1545179.8349205705,46844.99532036016,0.6769456394599014,3430.5380001595363,0.941625676375105,0.07846398680052902,5.652858334176514,0.26141072723406317,0.0
289,357843.4340159525,202912.3634252313,3033568.497236211,587446.1448717852,0.7776743023185944,2943.433816848965,5.800528098578743,0.8110746275662741,20.687062941485333,0.18359378043465996,0.0
290,32328.366093253506,9484.58565795591,3094300.295515745,115092.54946077988,0.6427914340945661,3371.425300669167,1.9086470632604247,0.7330937826585814,15.046362745474479,0.22494024122077932,0.0
291,2247533.982216361,317768.46687470604,271492406.819643,10185906.8039884,0.28862535876292594,4307.013401397402,2.9539449936957705,4.051659023258866,64.33864402041317,0.22212735163641226,0.0
292,3557.7747396747654,1067.2417538238683,893649.216628806,17353.429777380188,0.6457377530962243,3530.402228579065,0.8195533175786297,0.7524014777903955,16.31672682337163,0.23606639147103828,0.0
293,79585773.66399927,11496540.96487812,14073129580.582767,395815225.1959963,0.6453216591528378,3531.92023517739,10.244160561779884,0.12059388705637586,8.160703331205251,0.3231102469409212,0.0
294,34439771.93526179,6469455.683131853,1886973626.0724664,123422285.87755665,0.6930595541453342,3782.070319719431,7.208232811254278,0.115204362571325,8.275707146108928,0.09291920239704461,0.0
295,1542675.456574895,200233.48389892597,180069802.7305402,7101390.5183583945,0.6770814126606367,3957.737373845222,5.942044812782538,0.09342931928898653,5.919566016868766,0.10811242560360389,0.0
296,9077.490735166804,1709.040923606742,1856288.8319068938,43679.16006563594,0.6571889586204331,3648.958558018995,0.962843649746396,0.05132989486158675,3.6283576507613717,0.16557074954697124,0.0
297,237976.55730454816,25594.83753308074,39154608.70028137,1209003.9826962715,0.6634716032581298,4364.418574118453,1.5255270702794297,0.05956275052542148,4.194142264014282,0.24244959002743516,0.0
298,65965645.80495671,10819856.655478176,3752386556.4163904,235522859.6524436,0.7046940130018549,3243.641268464945,43.83437170647096,0.13617283105951622,9.027923356832828,0.26438337116300736,0.0
299,1058049620.5684891,254155216.59939533,97510510552.39633,4173139405.968118,0.6423185441767736,1944.4859359527682,7.369750371393455,0.07628213741270437,4.873587077387867,0.0670085475720422,0.0
300,12959831.219916742,1796434.2645859905,2269618285.3005457,67132140.45968571,0.7677379448059272,3252.1708630200874,77.85629804604424,0.09690568799330368,6.716222200131538,0.21612290676193785,0.0
301,294729656.1162442,290522747.13320553,1071455109.7829491,334800598.339224,0.7188584943924621,1181.8468144593164,11.53943370173891,0.08251594642384985,5.9237933061325565,0.17025002764185293,0.0
302,67864.97111634418,12854.617976494555,4235722.816292805,238090.56462434624,0.37233870885057724,4248.8952365834875,2.0659537643718138,2.8293997303053584,51.97492944807304,0.18968521903743152,0.0
303,31315862.36081936,5944334.792970212,1419220137.760795,106559683.45007017,0.6663282141943937,3665.7972463888623,4.811662773558916,0.1808414584741153,11.766144105279539,0.1787692378213951,0.0
304,10701467.621579882,844560.687697066,2019472929.1883018,60510687.8519842,0.7629026232750938,3069.7149704053923,69.50079415077745,0.09237343262225481,6.963458754370204,0.16717191126384429,0.0
305,960360471.3196379,613038115.8467453,23533168768.906506,1793622291.0412784,0.6739254544254641,1133.0433939436316,162.5071057083231,0.09549595948652775,6.8996091934240535,0.16447297316364967,0.0
306,11949.09177565773,1447.8310702588628,2263052.8608512403,59381.77110705781,0.6279624994288004,4305.888937839823,1.3502213469681192,0.741821578869396,15.330499071320144,0.4623887157379757,0.0
307,29142.26385900155,5115.3661942172575,3853394.2469820767,123462.46176312468,0.7006673435781928,3603.7008519829114,2.4957221476298477,0.19342900440741398,13.321470520725603,0.5140508539032266,0.0
308,48953.71926241009,19787.624327286474,4782332.361728545,172273.7505249477,0.7255597409439712,3266.72043062562,2.277515310397193,0.18192788383387298,13.542638493429234,0.14697010980923622,0.0
309,15896287.650823275,1080134.5457959692,4150046012.457906,100211663.5131178,0.7788816204530685,3106.354551014469,49.67079158029592,0.06608249299042415,4.587600194038535,0.28075417297751853,0.0
310,14981.509639277598,4712.790863518304,1724166.2342237935,52071.373990449574,0.5890993096216598,3977.404267672925,1.3383683786882146,0.08753659408718475,5.912511244171853,0.2102612083270104,0.0
311,2284510.907846878,388670.94477197726,86235357.62519759,7587521.853028643,0.17444478973442445,2951.6763378315973,8.167784328637488,4.1540936148685565,71.9350212300819,0.1519000011755185,0.0
312,66284699.3505067,6704728.748136811,7042464424.839895,309680698.1437063,0.729502952260582,3744.4321406803697,15.84493255290784,0.12367711646730672,9.19717302207762,0.10863181289140565,0.0
313,334028.83229409205,297496.2921646439,9003536.23728481,584373.9455292497,0.64533525374594,3953.0904326260898,2.673194733156051,0.26802743321994454,18.024955896058366,0.21964304954121083,0.0
314,19336250.713331833,1891769.8816788942,4058346211.808155,108430764.97523053,0.6962072340769314,3162.6103393445874,104.62835072368007,0.1194042125750971,8.848841470509246,0.21203849569950814,0.0
315,6106213.515621891,1945568.7196833384,297139322.7994334,18845065.418064572,0.48353121441161395,3382.0839916131836,6.956856413272031,1.429166193845229,27.301200690688347,0.22581317419877067,0.0
316,2388231900.265069,225110256.42700547,330736668721.93427,12024466288.852522,0.618022033589425,1938.4758633729225,12.182066103611968,0.7489626254313877,16.043304912001283,0.19328752019003842,0.0
317,29173764.856342502,2869027.2819287935,4054088933.9212875,147317261.61555356,0.6169894791215761,4021.6490039110886,5.380273441611197,0.12898675079213104,9.40327326153897,0.22921648806011077,0.0
318,92266209.99197763,13178572.17379684,5135645421.554345,343736671.64346755,0.6273555667444559,3711.8358338045136,4.7232554505030535,0.17307196887809448,11.464979416361356,0.13289335414632233,0.0
319,2139177.994125732,1221941.104535528,134111477.13553567,5032460.373244757,0.7144296812061104,3507.000701653744,9.701314489781312,0.1410248326255174,9.977502717856295,0.1778329236103475,0.0
320,22946981.54610591,3858359.1758586564,1996422333.5461936,93220261.57028857,0.7628307652075687,3332.3216689953024,6.720598275885057,0.061967470901203914,4.389042520828141,0.17459234100259516,0.0
321,29481.32278315656,5024.4080079989435,5982384.146018146,152669.30760184032,0.7130462021311958,3956.664152981306,2.7789027816187994,0.07436421993647366,4.979363357202492,0.5309997240319133,0.0
322,19868841.477529034,1909292.36930572,4230479973.193433,112710372.83351167,0.6849173064336448,3027.464553931279,139.11953457046954,0.106781622988151,7.666313013565815,0.24949797620457,0.0
323,72412.7165485232,25050.62520971431,4974374.46960414,213662.19709945453,0.7226692616380314,3770.8423495146244,2.533929391638519,0.12041470753387325,7.822496557558502,0.36663452204878016,0.0
324,29266977.102718353,5233278.707401443,2361911969.943511,111281941.8683168,0.8259743227863018,3046.184834642023,130.5300272441205,0.17676445329077417,12.960197981535519,0.15918800386626267,0.0
325,15558.882486625027,2348.6475040843725,2650872.6360299042,72365.30581838267,0.6434927316644402,3457.6711784340505,1.1584297976840794,0.14277408038111528,9.79232676836984,0.3237888658328369,0.0
326,11304.943029455013,1104.2362964254994,2824801.785211849,63724.31744287865,0.582964549493,3691.364784191346,1.0357517239145693,0.13643951762726295,9.710801225890858,0.21087225447809502,0.0
327,10180318.91350283,1275467.7843374833,1229068020.0105145,47117619.25042808,0.6461109274277258,3755.4064217582395,4.5313799985664165,0.11910997014745624,8.565270728039964,0.2825808263751076,0.0
328,648669.7332099916,150690.55953757843,21547015.81070774,1846771.0255407696,0.6780659917623101,3782.125434222379,10.90694485341542,0.16576340834521375,11.027585979273903,0.25333037368354455,0.0
329,17783.55188646992,3375.451630014645,3387567.405646751,87099.05617119923,0.615397962291369,3614.9468356985985,1.101178863296645,0.1688530880354077,11.152592050122182,0.16692426683020875,0.0
330,963531.9353664838,72257.67126308037,285392917.22630477,6178699.070827537,0.5327993141782759,3889.008183505188,5.743478479514511,1.5088105573331916,32.82784716361392,0.35314974580091707,0.0
331,4782590.728653975,450297.7861808461,658659538.5292025,24299905.96423792,0.23292870869663754,3692.749585467505,7.04708588331761,4.1711149151690385,73.29855627308598,0.181016642846826,0.0
332,2717.8803606482243,452.40652463210625,880129.614936392,15294.644298895908,0.6726659638586527,3586.4985951051117,1.121178213829317,0.18463570064641957,12.833555375362256,0.2909944733044003,0.0
333,19778608.487376105,3515723.7811378753,952720894.6777277,66650892.34835198,0.6985823908727664,3455.8792719085022,5.957460795868425,0.02516393585324712,1.8474797062134527,0.37502642079916315,0.0
334,267150252.5560484,49079185.298665464,21049550914.794884,1007143324.4929488,0.6318987667653481,3815.888028821116,7.74092042639413,0.16699994608962276,11.860700398513988,0.12156456022844869,0.0
335,9970297.881681656,987549.1283862718,1257762859.4605067,48889577.48911035,0.7154220598409019,3614.382842788532,25.385636113929273,0.10615952237742317,7.875222744644496,0.1147899235599061,0.0
336,47740.671942140136,17652.75787165034,4126599.7129994095,152719.04015903,0.6739511718895587,3880.3565239982345,3.1540030345187686,0.8244838483359416,20.820876181614143,0.20595916743047898,0.0
337,15979.129730839439,2143.127633735074,3059079.6662459136,78971.3097602762,0.5906025224094059,3529.4605770399126,1.8216652344149165,0.06254538753564116,4.0815736626268375,0.46688466177441373,0.0
338,17038185.87010451,8239033.3679961655,717201746.4309428,48014321.74503991,0.6599831133927264,3740.64333245737,2.6685511067685224,0.14643309521631345,9.892015670111173,0.09243834976372609,0.0
339,499287414.5944764,173020180.8001792,6562799404.326288,1059728642.3372577,0.7840104715031381,2568.8719291849866,268.4671077030197,0.11689693732007375,8.649026041933682,0.2160678729195271,0.0
340,25602242.914830744,4092701.8004414514,1224412069.6046247,89888717.8121,0.7386484845086636,3670.7091343221177,23.160230978610848,0.09444717841323155,6.828812512842504,0.22481859108790464,0.0
341,29518054.57667325,6455309.8041655095,1010392656.744633,90197966.36590394,0.6378648536114242,4082.848288119936,5.300725179282245,0.11339046793987731,8.063059131699685,0.09355828469391023,0.0
342,10289.893074355761,1446.6161387394911,2413991.219551971,55217.02171700706,0.7172535054862709,3835.22384000683,1.2358307190574016,0.13436149607468809,9.846331785382345,0.13814229958333682,0.0
343,933.8403846845655,189.44764006116415,441756.36794699094,6163.019526875272,0.2780899571464407,3776.788426790238,0.5561756225888175,3.3717892289339915,53.58366830674182,0.14272736997217897,0.0
344,140932522.90297014,19666514.862518724,13237690590.93921,603078055.4997493,0.5931015830992206,3948.5386993012057,8.749623360546185,0.14783143569352397,10.830514793076434,0.1706458729846223,0.0
345,72968.36351165606,13235.192495054856,8356571.976993473,295016.4372799043,0.7058649188909205,4076.3472568185116,3.192278485350963,0.0861081277787683,5.88878061965724,0.04703990901163183,0.0
346,17928121.28861526,4652276.539696267,314772130.2564527,45154102.85176015,0.7880017542617613,3301.7366593200923,14.862071854908292,0.09970062323711604,7.217599742276616,0.1032054921322499,0.0
347,6846639.577851087,744948.6654907485,727364952.1426795,31768258.636031825,0.7769844491768482,3186.3312127600016,72.8761066257791,0.07239019346408862,5.26897935003201,0.07976416465566658,0.0
348,2115922.910296979,199591.55403169335,359099726.69440407,11171596.400830016,0.6602210570083177,4263.7822581428545,2.7168086592997134,0.15139746376989321,10.746594188695125,0.16774244936936442,0.0
349,14490016.209057102,1046166.026244586,2850045315.9655213,84042665.725193,0.685611543944138,3786.901221363343,10.171969610500424,0.118315260601171,7.620619269693572,0.20597094873761146,0.0
350,7985561.985732118,1355371.047558399,333749479.47964543,27065447.74744741,0.7235020968233106,3545.4988979313002,6.001094101409188,0.14362939578748185,10.547233230731777,0.1184705041303325,0.0
351,907049.1906489102,789687.9212615064,16476229.185333427,1441939.0269644998,0.7437118681508188,3487.0419987326054,5.1903047004577925,0.19374289859488583,13.841139490766967,0.274928431421652,0.0
352,11681235.185815547,836288.0572942321,2537941046.694005,69556088.51466846,0.6888175706390289,2847.4068702764894,34.39595269836495,0.1477909105032998,11.23925266844682,0.2401052216032868,0.0
353,117574305.41738239,13446180.949031156,17171481745.002268,590829631.2513891,0.7181571967139583,3824.519857028573,77.07779985812654,0.14087734591885068,9.959449417042105,0.16899633178891854,0.0
354,67635113.11163469,25786469.104758468,986931191.2413124,145230305.00087506,0.7000163130538748,3464.4593475817946,8.769588624997395,0.1459180525073042,10.647935175789513,0.07919302672702283,0.0
355,1398416613.3751845,345882512.2825683,58038109947.2572,4182715296.233374,0.6999352646412139,2213.1267873833576,20.033231711590737,0.11654524482006412,8.322246713775323,0.08181540964369913,0.0
356,1056156.6155028327,292695.27867973445,36912613.02173956,2963728.1468407204,0.6542937417050082,3632.8211867319587,3.5277992176182575,0.1895215156436393,12.998947699786218,0.12724493657024052,0.0
357,5532903.805479403,1508951.4159945254,244696669.07375774,17006613.535031427,0.6893498547333725,3329.088207200034,8.013878267784376,0.10164801610903237,6.7641202591265,0.22451859463756002,0.0
358,150746.08142964082,25917.23039859209,7992647.99957823,533056.3808934728,0.7666055882862586,3580.8598669081066,0.4466151204811178,0.026637622660759065,1.9790697811607103,0.17168151237147572,0.0
359,2476549.7188785784,489231.9410769975,132564505.21528296,8757237.530280283,0.741200488584478,3721.425023428872,4.341828523260516,0.18703705594121497,13.554459707470581,0.18094340406286416,0.0
360,20769550.279486798,1908612.2683202222,4003935271.6503005,114834807.91211605,0.5684358955501284,3308.4685894471804,620.5170966703075,1.50356040137087,32.66174302162998,0.1963614881937326,0.0
361,440484.2442551235,33766.77763534998,120502147.46820119,2751648.9594379864,0.5143026045896681,3380.1301529121647,3.542990187494675,1.5257139720879749,33.909791328766296,0.21093751092453217,0.0
362,3828042.0583927184,3128024.59222806,32917860.363153003,5155148.033109121,0.7240550077723553,3622.1720499438297,2.7616040114150118,0.14452558764308235,10.211582509844368,0.383720567113701,0.0
363,74970165.27474912,18654316.673747137,3081843314.192423,228458673.55731335,0.6189066438249138,3742.004513329377,3.7662949911481918,0.06240264280986683,4.275623199837982,0.150883109533844,0.0
364,576684.817121438,49526.83231532527,144813025.14214164,3441865.3056410337,0.48018190684231515,3466.1968140263107,3.2382104371715146,1.4914077258540634,31.712652896891324,0.325210708277501,0.0
365,20427966.454876475,1522479.3287450469,4091982140.0994163,118870028.59448986,0.742312826236519,3588.240395741781,20.895159949260478,0.06473730158629092,4.853605454988708,0.2068510085369093,0.0
366,363432.9451650073,34991.4054792628,70221315.66460231,2006039.7571094458,0.38940571127903933,4032.112346529918,5.090247183400978,2.759965101175182,47.87496069401836,0.17939143080552725,0.0
367,6057.030626190894,1264.208634266965,1592079.9928085746,31933.869266760514,0.7028473198604624,3472.6843406984735,1.511790229508663,0.11119678551421038,7.987391755617767,0.416877338468634,0.0
368,38576.63408042742,6298.115815456358,5540153.427452964,175665.6304151491,0.6146411294442287,3943.233017739944,1.544513066977826,0.8349996258604818,20.602492286395353,0.25159755916458665,0.0
369,2073.728573855254,401.67470460144114,863428.4873807549,13258.984564019886,0.4807477380321033,3800.8395994320426,0.7346287280789773,1.5057997852665312,32.32949183104893,0.10881091796477625,0.0
370,233342607.87560248,22882383.86982909,28247358717.091137,1139707940.171355,0.6449644182278799,3687.8226774089835,8.437792814800396,0.1745493284829535,12.592004293213462,0.21339799631133638,0.0
371,8440126.389408382,2502107.7116619432,199808471.59679466,22464906.143268824,0.6623084618779858,3575.810116448468,4.946449796126866,0.14477002589562254,10.321951548951295,0.15821889245744322,0.0
372,6919.532753110274,1024.8503506973507,1731053.259672063,36509.89376579692,0.6472328686922091,3515.9235251404552,0.7580117675078564,0.08497026609131648,5.468401826225029,0.5348613288167545,0.0
373,75594760.2096125,7901280.190286711,8662964556.460638,357841995.7838156,0.6549933421493523,3767.6310697214367,5.844707938758317,0.11964365591765835,8.377625751151506,0.2476095001545662,0.0
374,3957599.4487690576,460139.55396707944,430540752.5848614,18280835.887324218,0.4772509838657967,4048.3551545586934,13.624828836311764,2.1154181853766096,38.848801035651796,0.23978665802190471,0.0
375,2396527.5029464536,501184.77461544826,252368292.7593748,9167581.74703371,0.6934044879892151,3672.9791862050706,7.674245915452898,0.13611537466378998,9.701136283714952,0.3023999812438271,0.0
376,89347709.27735531,6893065.093614551,16961089511.627422,510208116.9311485,0.6445257425354808,4173.805471959939,34.06844421504623,0.1508228870823185,10.30333425012531,0.17902384143666625,0.0
377,26532325.48600078,2166676.1646172805,5530172076.851232,152512161.28963873,0.7167319191664175,3616.350167379195,172.68587548465135,0.14916867910466075,11.023744660045558,0.3172684719484612,0.0
378,14428773.004976058,10118651.201360205,206539876.56893024,28090542.69405659,0.716430386269168,3822.0478449057414,9.85226767297665,0.12081219274215078,8.333765694281505,0.35545172999792607,0.0
379,504435.9783026014,38207.939882964405,160243612.8422882,3267931.847677103,0.5298419202134677,3557.1740947029084,3.286728438840577,1.5105442170079002,32.901807863752914,0.3518380018732109,0.0
380,5152699.251941881,634078.2492439405,546347469.6528156,23132518.89639593,0.6848769175985067,3934.4478246097133,4.340817085256415,0.0911516520709407,6.6166300186378475,0.0891182303869182,0.0
381,27953640.12469883,5206546.748543823,1953228521.5897384,100933403.91200253,0.6458763540483474,2810.567471921803,166.21645797935025,0.9012785764882875,26.9735793547924,0.19424714460666842,0.0
382,3504.6070220542497,689.3556867968389,1257503.2203662128,20909.29149345136,0.6322991768457392,3565.1868490883803,0.8606151799201364,0.7304284264081448,14.82164644626613,0.04301643168525738,0.0
383,16957.99777864368,6093.919995139166,2348416.0103127426,63923.63769597667,0.6683446912979618,3652.552577997051,1.1897981560882276,0.13790677663442885,9.69733963836049,0.15738904734713938,0.0
384,4298154.528573915,544184.570797412,319953851.7427254,17716480.967898063,0.5714892352013354,3433.9277872578496,20.39251254747523,1.5138925123311382,33.55445580838796,0.050918596585125285,0.0
385,1710076.732127975,237890.60601376166,383727370.95814157,9214652.0074861,0.7519024221125555,3853.10397194099,10.818209183542903,0.1498905079952899,10.743452189385806,0.2186835391151216,0.0
386,16667068.050130287,4302304.724974378,275215129.5123328,41321076.26714184,0.6034755310857249,3374.432929075043,8.197940809498979,0.8667626131504163,24.089810067324656,0.04059129531809622,0.0
387,14625961.76133266,1864530.7484425833,1690273148.5299017,67620284.41747741,0.6794111305755497,3877.887725093567,19.845982949896438,0.2139151305066413,14.442023787714357,0.05968084605169666,0.0
388,31402.70345329367,13155.16300262808,2898656.215966534,96366.22179500174,0.6620687158139467,3945.940530053755,2.5072827495191223,0.1946823334819423,12.142730684424011,0.29240155248903305,0.0
389,181883.87080107653,51827.19745910012,9294024.01522936,561298.1282594805,0.3934092368607448,3816.8753307719353,1.5043593710831764,1.5205336149416233,33.84017076723488,0.21990872856066432,0.0
390,10882932.295492526,715569.3737433865,2964473129.867651,69467444.96852024,0.6921818467701945,3948.3554792495956,8.262075386558179,0.8436589323372775,22.744522707063044,0.2997938032976117,0.0
391,13687.736056981132,6741.227008022877,1631456.3626663068,44828.24556200086,0.6608605728054289,3512.4977161655916,0.6667435124586021,0.02723088577925443,1.8293596345150789,0.3658036579461509,0.0
392,23822.27223405149,5023.969241543954,4024713.842830719,110134.57917067684,0.6486711146676851,3514.3484314612806,2.2718302108638952,0.8353615588079124,22.000548767680165,0.24864773418821048,0.0
393,9035441258.659489,2220648911.7472353,202956995650.48038,24259500250.594215,0.7451132071982812,510.4382819495089,16.784755567112963,0.1453934843992953,10.604115013743296,0.04170066670721934,0.0
394,8631.08678306122,2487.352056225619,1741472.805800638,39236.5643617338,0.40396606828409337,3608.858362163446,1.9719921927538857,2.151806594435647,41.409704642617385,0.44567901834118534,0.0
395,65045.89337468975,25494.659098946177,7651308.961706961,231708.95944100228,0.7416550198174658,3591.227836373313,10.020396207187796,0.141293938551971,9.660864152334176,0.4080844970212431,0.0
396,2211219.976605493,804302.0829644368,118815124.67170279,7193965.079329242,0.7573895302761022,3496.4337249334394,5.02463947102464,0.13111327747061932,9.208255478072982,0.4874778301937127,0.0
397,24952118.502489224,1719209.2044571266,8023736476.133913,165634122.80783075,0.7423809487561988,3484.2482810243328,128.98518418171028,0.7305054670171425,14.429261851470148,0.25140748666862806,0.0
398,40721687.33971134,5786922.507114398,3754033577.966643,173996355.12423795,0.39680957689028595,3920.857033772552,4.915522005818754,2.262347035188058,48.70081224893581,0.09524198545000194,0.0
399,2140.307698064834,380.2875097152949,876969.9613524781,13561.461675064264,0.4580054794703853,3730.0883592478835,1.0619917670595236,1.5070630188272598,32.761960334977246,0.2705494415510916,0.0
400,113988497.46833396,102586945.47779313,1846562420.3184323,172781083.72567156,0.696214995596615,2400.2394415001563,25.601542411558526,0.15400473987314528,10.173797797712952,0.21153548319148882,0.0
401,20524107.350654483,6799365.128784886,1434171208.4507918,70781926.09424649,0.6376416160280751,3592.906221551739,3.4397257579683744,0.075273920036242,5.1454666708162975,0.33159088363013806,0.0
402,800684.5661942716,146635.87106369273,35922208.160281256,2681555.4801361524,0.6391661395707453,3689.5493981688332,3.5933723496301666,0.09491227570227583,6.69318983527957,0.2012373783744644,0.0
403,101861439.52302402,8154500.96272932,19253910092.50373,571987285.4657972,0.6552711040311986,4151.524785564809,5.898550372916,0.17082082604599041,11.521700515408043,0.21162026510264684,0.0
404,895872203.0228249,157229642.54113406,71829556493.7353,3430734033.9314866,0.5791198278935262,1920.5331456245362,3.47707890568983,0.1347036101375009,9.108539288904758,0.18081596669753552,0.0
405,24331928.771141745,5108385.959719614,2172799423.7843523,89511469.14146502,0.7286685805053186,3719.1455467251526,139.61607778177225,0.16841166074576125,12.491751917302228,0.2003933709994545,0.0
406,148763.35185387917,143469.3672650139,2598622.5245487452,199426.44154551585,0.6353016250414371,3865.4874266050133,1.5114328179155416,0.1213237434422008,7.670650475967625,0.3231686994644464,0.0
407,26286108.229791272,3100175.574629559,5396229581.196294,139549723.0206499,0.7616174572675938,3358.9949843394797,85.74567040424034,0.1322580608168237,9.462116461292938,0.32535291804030564,0.0
408,5803094.90504991,1200011.9207966416,247671017.6227973,18631884.17425905,0.6665684640748893,3744.256320342706,3.092928013236689,0.1044616896844568,7.809605722443143,0.18831969973410664,0.0
409,7789983.240348769,879929.4666766064,732176378.1418073,34605810.731920086,0.6454231707978034,3650.5252830576565,5.138627677558753,0.09765680357435569,6.9768907893546,0.3455153683148619,0.0
410,224987881.29549733,20627825.076897778,27142112168.922215,1108860784.9543707,0.7608029669410812,3675.145666640873,59.87626703905505,0.09670838296272369,6.821457968043374,0.08360432508121408,0.0
411,476899.541353088,40706.26952799775,119527136.05173859,2850523.321241322,0.4839315522929411,3910.484977406672,2.1458398201518367,1.4819989645472138,30.935303211053593,0.3016631163128745,0.0
412,370015462.44955873,32169743.827951662,53267941903.039925,1924811759.364734,0.613069598405293,3964.365494057709,7.128569203868445,0.1614117693376536,10.85194419809169,0.16641143209649492,0.0
413,4901030.854405434,574041.5846173682,375061964.8115526,20647096.589922115,0.5835268758582699,3742.704082610005,9.79965061946247,0.19855558782230548,13.38313275261072,0.12772533063671243,0.0
414,11830.921304191497,4768.584202720851,1491069.471584762,39381.11896690218,0.6649081008441247,3343.5742925285813,1.2981850719767112,0.03919178744256859,2.878541730897082,0.4540673290144079,0.0
415,2331609.929490043,301336.3904791267,144718629.4489563,9137255.103861818,0.26485616868825795,3663.5353624182953,3.5953304841857405,3.4460057950776877,59.2207857471476,0.3491204239849597,0.0
416,16528506.622948905,1189045.164518916,4223174396.060817,103182801.93202545,0.6765118330872946,3466.9550736259635,59.8572729165628,0.7407551389611282,15.464671325652478,0.271426680059911,0.0
417,623219293.415601,192499841.4056113,11987430017.79613,1477135738.1128135,0.7234899244506292,2511.013390466065,10.818989867524817,0.05785582574483676,4.44597322536695,0.0658292786011489,0.0
418,81168304.63704917,20148831.511428855,3762435405.220763,266283148.97431153,0.6970942023531929,3861.090879398672,8.824273007358322,0.13855496341919693,9.869284137118417,0.023767916212143917,0.0
419,5850796.052967938,2046604.9842992178,202869302.35739693,13665574.060422938,0.31866240103680193,3609.1461069122897,12.562200961945113,4.136722398198876,70.55571512969625,0.37385000744857927,0.0
420,12202297.980405372,1905605.7461910076,795266686.9436085,46612052.64742028,0.7023384390540384,3837.5414955175183,10.02074084580568,0.12484566775152457,9.458101256715313,0.18274601838396018,0.0
421,17031264.369717617,3382397.676459084,602746434.2061851,51693316.464212134,0.743443013178714,3957.6382097507703,6.649973403522306,0.10560927748437736,7.712013802166271,0.29591889266020227,0.0
422,85476.98172207907,20440.948927927002,5889056.200961816,280457.0426849524,0.692381212042234,3067.4099120562823,1.4422213202940877,0.07468935406462567,5.355578548471376,0.0863811606256116,0.0
423,26226203.203325085,3232847.5167991417,4591509268.098183,133155757.27642378,0.7494982753612927,4001.8258892620624,75.6581224358045,0.15949420548629717,10.907802535314948,0.40911377519510006,0.0
424,99821.37832078003,11873.734033777098,16543199.850146612,503977.153036417,0.7476290932353786,3751.3534759089994,3.7357338061081977,0.045665474210861756,3.3952831947557898,0.3501202091732053,0.0
425,8623.175910953923,2691.0544971925606,2061582.1383006615,41877.75580810751,0.6966575041710423,3762.9176183086443,1.4532436174268217,0.09461256247087553,6.843171778101512,0.07095303356429813,0.0
426,342728579.2615241,112877114.99899748,8099972409.788075,845282359.8158772,0.7115769827524234,2441.937238298545,8.710636244087048,0.07657577486461582,5.414105014960029,0.16217677767498972,0.0
427,6754.422855997783,1259.1675541736906,1851003.3170033782,36447.4913816619,0.6448137771668452,3568.431382039073,1.3522824860419407,0.044236539716188704,3.2655853716072456,0.07735222090091508,0.0
428,63018078.71134673,7710196.723677812,4312813643.625555,256520583.07118583,0.6924380230403149,3650.829305489133,16.952408522437935,0.07529767670345917,5.133573539421597,0.13008605628581654,0.0
429,10357.407918258968,1011.5192315497565,2973114.3692296473,61506.66802011749,0.6370077909082371,3530.783834429436,0.7019115988115658,0.05646673911404765,3.893851795883569,0.14298102151696587,0.0
430,10728.05292484408,1561.393426440476,2775366.618164914,58301.51192902275,0.6994933849344022,3653.8569322130115,1.925955483331805,0.07386127863881882,5.439202279637341,0.32756795954748974,0.0
431,10690.985452074141,2532.568504051029,2096008.2192690454,49072.338697610125,0.64152323272367,3315.7516512225247,0.953810263590728,0.030060012981063887,2.055985734956478,0.4386823441071448,0.0
432,15333223.04502148,2556301.216069226,1097609092.1911368,58063966.49952199,0.7242595641389806,3085.303372341972,45.52166327894844,0.12139788588135136,8.718017682045438,0.25688880104669937,0.0
433,2433373.4730135044,329565.6983996482,182670757.48090693,9941049.50828,0.691657152860719,3590.070563900643,6.4613227847733485,0.12592380648588772,8.97892726839822,0.2291722470666954,0.0
434,4258.448260623372,580.0690137867148,1404036.1631607318,25503.49246745467,0.6765425210785248,3507.9908071219797,1.1346961403799118,0.05597400358397868,4.162440192496158,0.1805999174823432,0.0
435,20319426.95340585,3010654.8090799125,1055095177.9567562,74520061.83634004,0.6903598651999268,4160.673263362706,4.704441837361649,0.13465707638658025,9.502327584520511,0.03485406174914013,0.0
436,4441.846519787745,596.7036715586977,1515069.1644833046,26323.558828838053,0.6708643379554765,3681.9038106447406,1.3836831006481398,0.20074756319699222,13.391891377246116,0.3941441827780717,0.0
437,13474798.834821964,7118945.66637938,287390785.57058287,25032297.3764651,0.7070860738783811,3674.9041139545716,34.852548951451006,0.19064232182180235,13.863423893616607,0.13881474579649336,0.0
438,7948212.215276135,933850.0840973586,857369831.9853554,36808861.258304186,0.6816522481894037,3053.565785456667,16.99294091305912,0.09803649193630681,7.27994896893968,0.14491716488248513,0.0
439,10585929.960505432,1605416.5992766717,625202095.4521061,39967295.74856777,0.5627874875643666,2912.60208116873,78.84536212425664,1.4858706118369636,31.623625403336746,0.22305283147567892,0.0
440,276366.3523994574,40466.65075837565,21676455.95540216,1108979.533137553,0.6832109624640446,3802.3300170471184,2.077261317600803,0.10649304865686648,7.639620683319149,0.1454630782893768,0.0
441,13163621.748141319,1485168.1428740518,1342179741.853428,60217183.64102657,0.7333926983846834,3450.4400031431137,41.61576955545568,0.18003303800328077,12.38689282992934,0.0798038377870442,0.0
442,757511.1692885087,74015.80903981093,86845678.94928885,3601651.668669629,0.47523142580924593,3305.5853328083094,4.918512308768168,2.174990102158618,43.00024666814775,0.2362469308859046,0.0
443,15134907.853834063,1566575.9565523877,2794230373.816751,80786740.89802048,0.695984291307296,3733.3780569964915,35.872895732350806,0.7390613331872847,15.393406965872106,0.2443966453361136,0.0
444,6453.964754161134,1549.3702815935653,1600767.1744621377,32655.248902444157,0.6650046822344116,3490.0129770270732,1.44976720787301,0.054766238480993046,3.9674674851294185,0.3318698005775771,0.0
445,5676002.395046843,1466542.940618019,346410109.8877771,19792110.22649392,0.6645463617206119,3719.970172581705,5.013549563382886,0.1543761958580423,10.553457300892521,0.16573183425073973,0.0
446,4306017.083921894,999454.396824111,167918565.38531163,13529260.534324685,0.6327667357715485,3733.801336896571,2.867772417872,0.07981294378649251,5.869897288722764,0.10164773377140451,0.0
447,15486790.875197569,1894852.038064615,1402902339.4105375,66596391.51292394,0.6145982786202706,3672.568130060926,3.6791384168616634,0.06265894311078171,4.471722774247864,0.2119755511756881,0.0
448,11552078.22375274,1574730.6582278288,1281278030.495856,51454260.11091713,0.5479204751475458,4317.4513149899685,1.8909932157019143,0.0790688049877474,5.498899343903858,0.41983446493320015,0.0
449,1409976.6239110655,114576.32114360826,327803230.6885069,8418142.300422326,0.696402601965015,3319.9115402190782,12.23972491705377,0.21820235457963583,15.359419056481675,0.3095710390125496,0.0
450,7873877.314218159,1006322.4248395202,792762616.8679918,35080806.30591579,0.7085104835027627,2625.343370237898,50.59304474349245,0.08327597029740383,5.863551375641239,0.1460722108185136,0.0
451,24869581.904209472,1848802.503858352,5151476604.016496,145292597.50040036,0.8250166300007917,3608.6823345154426,31.665087097821228,0.16153371993385662,11.355504618408826,0.23068660506083136,0.0
452,3019744.5071019093,495461.63667851314,192237690.39246666,11256250.593708541,0.4633412720603693,3888.9623089168435,19.608378105694058,1.5137518214409267,33.58516987707412,0.09987617846862634,0.0
453,5526385.022626657,543322.8676637292,839050981.2098699,28641105.32118675,0.4850462213759233,2852.1750703762127,13.443197949705617,2.141112682547889,40.551106566085174,0.07018882203094769,0.0
454,77372608.4002738,26190835.05346734,6098278622.619295,267117970.5281009,0.6826862646782368,3877.0528682220806,4.954272634211729,0.11535001355745492,7.149051705301753,0.1912126598874041,0.0
455,15791515.400115794,1206554.879602077,3830383355.703345,96567409.96313316,0.7084116523035149,3506.251417858309,95.39181309625643,0.2641631590965883,18.18206949415674,0.27243207292296057,0.0
456,1356.6385316687144,141.17024541195744,623278.293415398,9372.638702014989,0.4429680132897393,3418.879365090751,0.6110969135065827,1.4624500221372887,29.805034601649055,0.07549812459471715,0.0
457,31513.342824163417,4817.410874612917,4527118.775244477,144003.23974265534,0.5750517374627182,3833.8740178744865,1.3038834630624336,0.26110333966847843,17.645285752209634,0.19393076772485238,0.0
458,5936064.76369318,681100.4433439785,564764794.2406054,26309874.77583727,0.6620805862768797,3570.6392008186676,3.803273253019782,0.14860431088650516,9.652973656986342,0.18606899628555046,0.0
459,1320913.852008848,179881.19341242863,97443888.70241922,5305035.726893097,0.7056072247147669,3795.220844598005,3.906625670474844,0.1585366552431262,11.351334313263603,0.39741592140411786,0.0
460,83791.47431638857,16328.805158247076,8976250.690494636,341894.8904202018,0.7172759050375309,3637.783921258114,4.366882283093422,0.07232242135700159,5.0400814452570994,0.23693392077730227,0.0
461,10197679.997250874,919230.7748262748,1704059565.1673288,54460588.74144081,0.6055173345343605,3863.8028229025326,7.001770924193673,0.11989439337236271,8.732542210289349,0.2523846781042728,0.0
462,29165729.399200518,3171927.4934741277,3304016646.9633985,137002250.0481639,0.7672282226003365,4079.9130369066274,8.270975791834276,0.08454638516997601,6.123157334685281,0.2250764423879373,0.0
463,166755056.50219423,17131111.701578688,23138389885.525566,832009596.3934225,0.7140520243012808,3796.5145911119052,19.061515237466434,0.1403637995168115,9.757246428124423,0.033531571616988984,0.0
464,1919.9073972395024,308.6318790159165,920857.676587352,12856.67015207533,0.6187688123656943,3697.1323672534713,0.8418458421392387,0.1506605120897529,10.952893606402004,0.38634900776806425,0.0
465,2636193.8756044544,646879.7805681203,134574510.96874326,8364981.42313011,0.7738008011852229,3504.5199342500528,12.080726607915157,0.056647613043799616,4.3277361226397755,0.2427654537258739,0.0
466,1524.6301300879252,131.1307511153464,663699.2059285138,10442.536175112022,0.3338718199149079,4091.130430221921,0.7762448471750979,2.8842458745528874,55.471107370529424,0.2591815764440629,0.0
467,11094.649368347209,1970.9393761812564,2287567.278424927,53152.379538111876,0.6647396591182833,3401.7490581876295,1.4723213253275083,0.13189283543450375,9.271892399788255,0.6259727653573655,0.0
468,7307898.391092102,1263775.9761406633,479302288.542518,27482026.538722493,0.7048374754122689,3349.2643328891704,11.16284342562322,0.08912616939285742,6.244190759063448,0.16327247952277726,0.0
469,140871108.64856806,44776128.30414188,3228297689.5623913,365274560.6491842,0.6305383300372152,4045.454381844471,4.460843959754764,0.18290960122224983,12.347438772843773,0.08467074433339575,0.0
470,47322.24477555645,26216.351100105465,3011824.4090896747,127848.0097930885,0.6464433928917515,3685.2001195367757,1.2482140111715345,0.13102548735393382,8.610418226142968,0.4300152397818806,0.0
471,5367410.771189274,702077.8150463896,419499527.6027972,22335033.900937892,0.645579362465783,3974.0468709362653,3.700125333729686,0.1289250439624376,9.002633959132499,0.0558252569532916,0.0
472,10379060.33162331,1446066.5380457137,921672352.2674248,43516886.57991337,0.6974192343445046,3608.629366104018,60.95967975480163,0.24375161085356467,16.283857880597964,0.18299666581475327,0.0
473,16208.118688691791,7377.059265820292,1738912.8462113347,50983.1879567539,0.6583159075102557,3468.4410948488785,1.9653248554247278,0.027120927475325372,1.9904414862173894,0.13189681068096393,0.0
474,3633671.0133709027,870854.1605070287,95301542.1955038,10137099.013940487,0.6732116123463894,3661.4414748452123,3.29132991446966,0.1785895514587546,12.821565295363234,0.348893522092141,0.0
475,699.680368886494,35.3970391653628,460586.89470285026,5845.568196851457,0.43235164411254196,4067.245697818973,0.4082378444475216,1.5598469300124953,35.82474024808019,0.30469066013330204,0.0
476,53876.22127449382,33614.436724474224,2507478.470687766,116015.13239475913,0.7346224041324902,3312.067686750116,2.023180171053451,0.17226164978355873,12.426502476079765,0.2515215868808323,0.0
477,25051.099940520086,6378.113749209272,2751167.1120322887,96453.72935180286,0.6160602580469382,3859.7460040039605,1.0403597250137882,0.24039695496171118,16.42439259449818,0.38174175981031977,0.0
478,11950530.674169384,713275.4979216123,4511194694.668768,84974223.51985617,0.6744926928811442,3631.3021479805852,12.150359515054994,0.7730156079984241,17.415186456082427,0.3662414701063808,0.0
479,12130360.382113501,653200.9799552409,5068372177.892081,89238223.47790423,0.6488881981914523,3635.6046562176225,2.1968834063565454,0.1431397683198437,9.809826353483276,0.40853382362576046,0.0
480,8964.645322175304,1737.0968303702764,2077504.1866683601,45058.01995255503,0.6903389999985484,3312.3414122342283,2.3186023259603874,0.12558998879096092,9.015505290807676,0.11728136908841247,0.0
481,7540361.5488052815,495193.3989295467,2096161160.8400867,48529733.34487723,0.5114961137686622,3384.2139568814728,6.937827547734352,1.4881890622621028,31.617448416640304,0.4677058561240269,0.0
482,44676543.17961943,6417862.647610851,3972969258.142325,185131092.6209217,0.6441201386939311,4114.347791202323,4.0993466012010416,0.07547464700798896,5.3605852837453964,0.12014971171052134,0.0
483,82363.68352253779,16966.59902934526,6014327.85828876,278929.32601382234,0.6425481962856152,3640.9583504977472,2.0184668754255446,0.1585508469961499,10.658268874702287,0.2776267067747827,0.0
484,10094696.905726096,2703319.895228535,152325165.27547622,24387946.882592954,0.7435172792734447,3733.2911290676193,5.7241152394514225,0.08732035214679881,6.316532085774206,0.1568947315388676,0.0
485,264462.13808921777,44532.03768034365,22027501.228211183,1036076.5809249722,0.8051076368172844,3557.3744863610054,4.18610629882689,0.06393927500078558,4.636870423380557,0.48441294489949305,0.0
486,108935325.91872203,20653487.321778774,3422482624.523224,339844654.19257945,0.6438486541713844,3847.368131083911,5.357528737598307,0.12110496134825599,8.812905944964978,0.061170269645853675,0.0
487,150634982.00437146,11029387.760505209,28357774056.044807,862122992.4453052,0.7074739889812125,3686.2265798326025,68.99563023087754,0.0878050807026983,6.489112316470306,0.20553831360591823,0.0
488,331937.78369397216,43082.862979194164,29865586.167027354,1385324.9257078834,0.7172224743337345,4006.0625882937816,1.7404226900626434,0.07869390830255334,5.394623666775315,0.47391126505780906,0.0
489,8058059.94775139,1562333.0217752135,612965965.9748925,31259398.16066327,0.6315299270145696,3692.098871906267,4.672461830891728,0.057947726942199476,4.3017338383563795,0.24907803065023704,0.0
490,595002.4853448758,45576.61231478029,164133762.09399158,3718744.669365277,0.5596556800689814,3497.3786540171654,6.983547813202578,1.5026957002281591,32.61302714424041,0.3340123301497635,0.0
491,104711705.82263002,30282520.985953204,3172592917.1818514,295608947.76524055,0.5752467307083498,2948.2518627061327,68.2299331630277,1.4345851359482424,27.856058519310274,0.16840648116310178,0.0
492,5919583.259738354,1034359.7821420291,521209738.841689,22061952.45523715,0.7127397338201888,3432.427775537156,10.433079752898182,0.08373232000369253,5.8766022721668865,0.49374354378145535,0.0
493,3708008.0134092085,733830.9797901923,147104219.53386086,11941811.418901466,0.5917602694348125,3860.9110786267997,2.698075524141583,0.1058901385388598,7.357482538014622,0.11295572095415517,0.0
494,6882.296341014173,1151.093737110959,2084702.6288443846,39347.91443147285,0.661562982458632,3779.7114573653157,0.4157821024187472,0.02649449683214682,1.8555501035801782,0.3542326422291498,0.0
495,23569571.27379965,1924492.625884446,4088042271.0776625,129776301.63790102,0.6818697517291553,3237.459695222845,32.89509960246843,0.8000403680490484,19.886686111431725,0.08085933564717396,0.0
496,13295501.042862829,1410503.2681230688,2447206225.2669764,72157467.88823867,0.75432477176937,3189.1596746067275,125.84265647960977,0.12206067377173743,8.658143893069392,0.2356400444596919,0.0
497,3925.822249173577,1802.7921161948445,741806.299955944,15258.468632894608,0.4284020398994956,3551.2387293810298,1.1050199802463896,2.2082846527529307,45.08142749357031,0.18733993291752263,0.0
498,38064299.94977726,7785478.975025882,2650495272.348599,144061000.38951898,0.40134896371856854,3887.3424148749914,6.228538374538671,2.1457305417852726,41.24599870615856,0.14778597757842002,0.0
499,37540482.611656465,7460336.004222256,2784798311.404696,146803267.37893748,0.6944053874665249,3549.5760203078858,7.03285617177149,0.10782632135068511,7.5170485832525715,0.156036710712671,0.0
500,18810338.518285476,3495352.911850583,884969917.3472292,63842764.260989174,0.6529517478043874,3532.540553034604,11.23639954890514,0.08340714404687892,6.215291320746124,0.24811213373016458,0.0
501,41200.169532887216,11490.925138092138,2683012.1759306616,122814.83970102337,0.6808926042986535,3600.1833644154804,1.8670629411804416,0.17301195617970153,12.115578476899355,0.09758970284918655,0.0
502,47290893.68076814,10236853.370385086,3098926322.370965,172400948.7134169,0.6780306945865636,3809.0974035422605,5.151611403520164,0.06199714943840329,4.348810549864211,0.19687403547683419,0.0
503,5921332.906088379,670257.2337119029,689939926.5907829,27764070.772190146,0.5675125747935312,2791.0638268896428,41.997819718318866,1.5089270027321537,32.82285940177489,0.24300825756878222,0.0
504,5843172.243017798,2184198.028367384,286298061.01086056,17793452.86972735,0.7177575841624299,3229.101548082428,5.1750234260295525,0.10457270288799592,7.579121040962089,0.16987042713427106,0.0
505,1894188.8729783155,257621.97310784616,235745385.1158966,8689267.340556003,0.778448227762486,3469.559930963863,33.726000607158966,0.18563887356057024,13.578424787682854,0.10082727533702343,0.0
506,17526130.65258644,3162606.6267922767,955267650.2100172,62647702.890037596,0.6968254311140345,3877.694623042168,5.324026454574372,0.18061034677112228,12.513220190471184,0.1047688288898622,0.0
507,19679635.725637075,1297152.0917103838,4671667935.440346,121403741.28884387,0.5557092925119507,3310.2162953899524,36.7549872018783,1.5036396012336737,32.635035722292336,0.2043604163640919,0.0
508,6510182.3938559685,835949.3614008485,447713171.0373356,26286197.67685773,0.6349216013068342,3833.0781108118426,10.45334602241343,1.4415956349447212,28.195528625483735,0.13111856081711562,0.0
509,9035830258.539433,1450381242.1363502,386767772520.2976,30950652454.596333,0.741261259436983,998.2520010979295,25.437262474325497,0.09137402668403709,6.498311242142397,0.09419276566626703,0.0
510,88831766.11504818,28529751.12362194,2800607741.875018,234960360.36419076,0.6725561960049776,3659.697829908513,8.649776853032815,0.10032583331155527,7.325089753234901,0.13639559546405214,0.0
511,28913807.864932276,5483955.315543343,828857898.4042343,87779862.01065436,0.705979369132036,3622.949425864271,6.351714189268583,0.1902051852126781,13.65367349165616,0.1803615925311082,0.0
512,6919827.216217163,1509756.8385202198,184113536.18356645,20007898.200385373,0.6850863131232038,3616.7077353220893,6.919016067947343,0.15459692996901575,10.290948917115674,0.0861677716802986,0.0
513,1251301.5057891095,259795.72828477918,60735972.429523505,3970495.801393622,0.6134110184235857,4133.107642857052,3.2082854041903492,0.03357409531407969,2.453171597302334,0.19347282236104185,0.0
514,11804.105797555749,1284.984973262069,1904105.7423029256,59031.99981724042,0.08285148606855361,4205.37143844126,1.2044622029608532,5.4004009918889375,86.36637772612866,0.3594699676976756,0.0
515,55934.091247946446,10244.116758489597,7182177.4870619355,239038.74999599188,0.7297597771537111,3979.6360919170515,3.275588917329378,0.05667655563867626,4.0326165149632685,0.3162384784712228,0.0
516,4569782.305774544,1179055.261797071,118833450.16802232,12751192.736253267,0.7455873754881508,3412.1808583902402,6.416108698227826,0.1402220990149073,10.181530653104076,0.387338613498718,0.0
517,28885.946873939945,2757.334176243501,5982578.989633525,154364.3347165621,0.570502021839817,4282.823201921068,1.8086645025038421,0.781027328262699,17.68592175912736,0.20402458381894092,0.0
518,21334.024833168685,6759.7391502886585,2646995.257416766,76097.521621753,0.7002151480767901,3628.923814665362,2.656163696889065,0.09421642940983217,6.515875910403876,0.25543189909528313,0.0
519,372832.61831856123,132314.30506891632,4854092.137219293,764454.0323381337,0.6326981636472182,3614.4251405672585,3.335186679638936,0.8064505132532277,20.31613283086519,0.17396704493214488,0.0
520,9968577.987073023,1960395.8689904187,564551475.3865441,34402038.66147883,0.778838271737291,2676.783580638217,205.843476799768,0.11656854967684219,8.508825458278988,0.21265436092273754,0.0
521,7229.971651410093,684.1661745978514,2152698.2903956613,43058.187982683536,0.65495192994145,3927.0772826887737,0.648749460613195,0.15311492578003866,10.266233315580703,0.4064103658087466,0.0
522,71832276.48414393,7747817.260441819,6598590469.88493,322108357.2529191,0.7013565439037561,3767.884504160797,10.16568817604937,0.166915580060191,12.008793406568161,0.12314862617366296,0.0
523,50705397.81794962,5149199.547206113,5311330441.091555,237040175.76005134,0.688705352118781,3623.7904724737878,11.53103517108301,0.046475472991481845,3.274466901867723,0.25602113761346673,0.0
524,4484244.196921024,476777.1467550931,573365069.3581994,21999750.046736572,0.06173257920953469,3701.7864819978636,19.39304104860039,5.489031775749033,92.17187391318589,0.2402794012523354,0.0
525,16736662.379878366,3147213.7736803973,843621567.2783248,56826177.39188416,0.6361481385362558,3680.196678311684,3.464321769166517,0.1071650323906181,7.831882573109671,0.2896531189992317,0.0
526,5252.606442273311,434.26907936956087,1912246.674628166,34069.065217948155,0.6805322730115184,4007.358139581256,1.2675971118148883,0.17343462808667284,11.291940125244114,0.1177714523561912,0.0
527,9058.138759335,4405.553173387012,1550838.4344223752,34314.78791784589,0.7246574041669149,3524.2509890440424,1.510405465339369,0.11861889283373657,7.931966676373797,0.3408782991769726,0.0
528,445271.3716035571,63344.26405030156,45940768.16010452,1895826.201662743,0.7389620296790802,3778.7079232889355,9.659546544577552,0.11109262125521617,7.76798138799802,0.24566105336020133,0.0
529,1082086.2028666898,175737.38128711178,63128447.624134086,3979984.6588084423,0.664346365650986,3562.2572204093985,6.1463692607405385,0.16825610380828912,11.583013183058206,0.2934005986935404,0.0
530,2691159231.860408,1339975395.8293176,28148822203.324104,4809905552.490453,0.6383703449503078,137.00194884039738,9.092972912533087,0.07957152813862782,5.624455126451319,0.1918089854710778,0.0
531,24240897.36186161,4139907.7711406997,1385011534.7866936,88472306.33763173,0.7181999445107413,3340.8275123768435,17.131456406717195,0.10196563575934539,7.034052109372974,0.22485757807295206,0.0
532,1911712.603673188,325942.96484601276,75518543.17306821,6345787.4458563635,0.7564701890779202,3597.828770489852,7.705763929425647,0.08276148208577316,5.892699606669685,0.19940953698506406,0.0
533,12001232.676024035,2572993.325947692,404143013.63887596,35466069.93786998,0.5974341844123853,3930.787070139424,2.3202885111915403,0.0557637238882462,3.9817099799125844,0.039283097405511926,0.0
534,1145102.903422258,904794.507662074,13853209.167535583,1917147.3913508393,0.6708310426161231,3856.520306868447,4.691290337262993,0.22887103288326854,15.829918023013963,0.35490666821613714,0.0
535,318962423.80382115,28991541.674195327,51526482934.11994,1685023763.0810442,0.7457885906947943,3842.6071995334187,24.197349773241775,0.09580557029712136,7.00931672148482,0.19551019779333384,0.0
536,11899456.470828936,900128.9593147989,2508582654.070224,69658470.54479384,0.7543142684794416,2913.2556346333226,62.12893282863195,0.09183646270679739,6.5921012936727745,0.2076509081159607,0.0
537,2121547.164161784,352931.61895034986,144546114.85678816,8029632.606461565,0.7513120252034806,3625.217952776308,14.392162958998103,0.10957321123470827,7.358748547144702,0.2297130548989155,0.0
538,9712048.31424767,1408247.138612051,912426795.020312,40265364.841469,0.6507631127686253,3694.2002952212297,4.524292552707289,0.19039128981285983,12.776415596156411,0.051012522980254466,0.0
539,113250011.0220521,19395493.7259896,5024428044.702758,385103702.0739255,0.5022976214164696,3016.8474723496665,131.76814607564654,1.4644069134379714,29.473088941304724,0.20889140081318924,0.0
540,4545713.071762959,816933.5967567064,397693387.2032608,17418784.561092485,0.7357328534930903,4062.854820984616,11.829312507601664,0.16887791041372385,12.07047698939844,0.34533655018668297,0.0
541,17598205.592991956,1913821.200290963,3217586721.295612,93041972.20323706,0.6246779569706485,3867.5597856067584,7.234066593361713,0.13677041690810884,9.313027458611788,0.09526098054500844,0.0
542,33097898.250087757,4810596.643118511,2353094974.710702,131158310.46185914,0.6909574743829628,3475.136008978009,8.612861739980017,0.08292401209627434,6.095105697383012,0.29492214730329347,0.0
543,9543.748926075144,1408.9027537897105,2889571.419591428,55380.013184788986,0.7470158982013146,4113.161486150142,1.326414087995997,0.10114918258011851,7.057961749394669,0.2612517268665009,0.0
544,44452134.5908118,6259707.903334123,3633732781.7875414,183173758.6436389,0.6637898921018579,3780.0879414138035,5.813467489535759,0.14853980941421438,10.635376139448033,0.15151199067332838,0.0
545,48125946.678461984,5737640.145198442,5022214462.28703,213298392.04639262,0.733956765815914,3639.504059013566,245.78593853761802,0.14580084169961366,10.70452576705662,0.15625456816129843,0.0
546,20524463.783041574,2648393.797219827,2977508499.6197205,97870231.58451705,0.7050881680403143,3091.0707849754044,36.62279527439239,0.1083821547667478,7.863911949907342,0.1446380736277789,0.0
547,5288.632752377855,743.6209254940404,1924986.1867130226,33306.95822954499,0.6528869202074983,3806.5548178323897,0.9744706610703664,0.7358841370586292,15.308539613829476,0.3459438440293229,0.0
548,410012.3820536919,45383.750645443404,65539202.386124715,2085802.7759639516,0.6891710914335087,3770.585350617918,4.064144453695942,0.1694876684087963,11.64417799007719,0.5576760009861306,0.0
549,3041900.6722178226,749331.0308000395,96757249.34714404,8846310.683541203,0.6590383336045071,3577.350545608707,3.3519089777534763,0.16612387856647057,11.230123142670745,0.22217664578468338,0.0
550,77332.43074767113,67948.43758721752,2172993.0534059657,124960.72447628509,0.666873801894332,3346.101129547692,3.2487676372990206,0.061609257993511246,4.468525711715022,0.1734397624440633,0.0
551,225378523.66658673,26701418.129488617,44071673328.03804,1217874857.9016604,0.6504925324065041,3717.115462226606,12.816833204008638,0.061985459353587215,4.733067105602619,0.25353748527937214,0.0
552,677974277.4819015,151835661.78544447,13865301174.981644,1842287508.6850364,0.7295246556331332,1526.4039513398743,30.9546966119809,0.11258044283655524,8.078010192410936,0.06047424742677139,0.0
553,7544995010.016228,888478828.9902874,654522830994.9241,32441818518.506447,0.699908606457371,1565.2523646364912,74.53995746568997,0.10768108277896245,7.83129777059424,0.0816765396444031,0.0
554,20874498.877952103,3994100.4092728817,2436177094.726041,85575122.84352274,0.7124543760646475,3172.9637667646657,104.30608574312078,0.12147817627229562,8.699624303444502,0.21717124425034176,0.0
555,4665.00691103389,515.1267034452181,1688496.4716933877,29414.265765497763,0.639811853322605,3754.5003635342528,0.7260980491109962,0.802191234355865,18.981203854245024,0.21618414650668072,0.0
556,15669.868074453727,6866.937065414869,1787431.5850622864,48980.37972924272,0.7212411112625736,3734.1966602476245,1.3001654823408237,0.0639274838980497,4.392284069670673,0.18195622551803117,0.0
557,37464.330348841475,15839.691910816318,2042936.634024068,96954.13797665796,0.7279417121669136,3483.8704996634433,2.7303415406555716,0.13965713545975608,10.226775968456113,0.2535985682150579,0.0
558,232696.29848238625,32838.562451433136,21391562.88429291,947459.7260835521,0.6897148874713045,4170.224016706556,3.3043015993067684,0.2140184922487661,14.097627213302621,0.10054589597234102,0.0
559,48532.71806946969,36102.19533309818,1948998.2455580211,95712.11882852875,0.6346202004685276,3309.5009116308156,2.007425540568781,0.10140440110211957,7.202134074578341,0.21209639478764622,0.0
560,17596685.52344812,2411826.104548635,1852955425.0326247,77256389.13287625,0.6437914781121973,3455.6268251432666,2.9882783016798062,0.11144401766070935,8.168621079575853,0.16022284036884138,0.0
561,1324264.9496996256,722197.1449550162,8423378.93341712,2115431.847147421,0.7325665469543365,3376.0710802344192,4.54613141673596,0.16109454301117143,11.816544337739632,0.2044921504956951,0.0
562,2653.6661947900657,506.2318421934034,725455.6086175066,14590.974762372269,0.10033193890935754,3387.6709783147726,0.964147055517819,4.823726918739146,82.12556391434238,0.15539804717199263,0.0
563,5929003.055616753,1855626.458007465,85574236.11181842,13668310.037584122,0.6801885600154182,3752.0887456049995,7.181714845771722,0.8063713137965856,20.275389788639046,0.09619266201576786,0.0
564,43214038.88062715,5088504.9299718095,6640966159.318865,215932907.5148886,0.7023071598442294,3380.0682718772478,61.603060590621546,0.09226375974966024,6.6863425520726265,0.2991385379410189,0.0
565,42731.130729187644,10402.414918957502,2953404.126647272,134232.0545819607,0.6599257511147719,3752.399408726922,2.329628420544063,0.10614344348329947,7.343399469233648,0.3964780177034392,0.0
566,14591870.012448287,1307179.5930759062,2639640576.246484,80152083.85085481,0.7061050264039068,3212.309136137535,80.27489039018252,0.8100384918747927,20.642211185171508,0.2419476811528951,0.0
567,82040960.47030447,8275266.171438137,13341091797.478916,425873522.7707064,0.7483052542181321,2761.2825254771055,248.40704098369855,0.13257541199448833,9.913143576451063,0.02887068701933418,0.0
568,5317.711703059931,930.7037391996313,1672783.3600232615,30349.042314517184,0.6368756604970082,3790.1733859019205,0.849328065276808,0.7421050171931698,15.591867746843501,0.5048512500871828,0.0
569,101482.78114043237,76957.75562770304,1455143.7844578724,145889.85815010915,0.48445917123428944,2900.4335528961365,6.191194134786055,2.8200007606241977,51.81603474114485,0.4758409493001815,0.0
570,63752742.48873476,11816738.830797933,3793902822.5803213,233747991.61928326,0.11021530363479086,3920.5740276917945,6.973418804379865,5.504331315038689,93.3236554506963,0.11225857714370693,0.0
571,73417.10389340637,43404.240905894505,3694869.871082944,171111.17942771042,0.6062316962294131,3393.6976037463405,1.1704925598287292,0.14499391020329097,9.45880097258041,0.11634853097212,0.0
572,8841.23441847022,5728.496924647779,907350.533421915,25206.166784222492,0.5333008846329393,3611.709487867962,2.171536794915748,1.552333343670688,35.64893859497731,0.6367067552298717,0.0
573,7599820.052124562,790093.1035867197,1958376287.2567227,46188868.97737348,0.7579266324823932,3196.7564554434657,9.387249336301045,0.12654249556669406,9.425286840725352,0.2794273876149963,0.0
574,12656405.875554712,2206145.338082306,956856319.5353228,48565635.202923544,0.6297041880621805,3667.8479148106485,2.672318159892047,0.12085935158466601,8.166465897158833,0.4439039672029143,0.0
575,3348.179387299587,921.4824147900611,674566.2658236262,14443.856324559867,0.08003035639997735,3554.0490210460193,1.1789683864898153,5.503846357725102,93.48619783746196,0.5966271668584692,0.0
576,2790.4904077832116,1242.788261622306,857190.3035052452,13564.766678285258,0.6795684989827157,3438.4066513573034,1.0615433599345014,0.16949804559350684,11.994288260236463,0.16699742759476155,0.0
577,29003.549426091224,17858.88046042404,2282990.184747913,77779.13082718877,0.6509780295845969,3452.1888998689174,2.0206431576971333,0.030805240317980508,2.186720660719722,0.2780871592041036,0.0
578,6703160.074708905,463388.0331473587,1825173775.2796512,42665497.46844034,0.6904443178283904,3138.323786688551,14.373165097450663,0.18263095019336584,13.031540344398774,0.2993990164842227,0.0
579,45825271.15834426,8234748.512117177,2012331042.6936595,156137011.0088175,0.6593848037273908,3732.188263520641,6.998649130903753,0.14425939958422535,10.181311696462075,0.19348936624767968,0.0
580,2445329.0156798656,431371.8008141421,89656565.25583151,7904625.674737295,0.7058646874222101,3736.456942526219,4.76906935868614,0.13493732062225366,9.798160924791619,0.38248474711194624,0.0
581,3197784.1844200883,512590.83591591485,261678815.06811222,12776546.367891487,0.6584246175713029,4156.658431564121,1.726106270028096,0.07436729891994717,5.238192238174979,0.2185626801652959,0.0
582,1415170.5450042426,446512.2130659327,26351219.079282828,3392935.537180225,0.6786474411590341,4033.2220162836393,2.415031483058347,0.2038913416202271,13.917154404530033,0.07405810654966717,0.0
583,58659688.05132793,10177138.34706234,2313555104.5841284,193754717.06538573,0.6584961565423709,3699.283849089533,9.989822913618802,0.16258218597251836,11.20650757278732,0.2554444356212606,0.0
584,109403273.35313992,18504046.376489982,9982628206.338032,451143771.1120721,0.6928164654455257,3918.390472503795,13.960369210354198,0.0995293179636108,6.686775640740978,0.12450442687798183,0.0
585,232233.69308222007,54366.50991176527,9661829.956605125,688143.4894023719,0.5415328463962,3686.320145300084,9.683464602634013,1.5106083424688008,33.27345818729886,0.3304447954773121,0.0
586,6076.313424464593,1349.3481001759478,1672988.6007185578,32143.942208733148,0.6999885776722937,3712.5971849398134,0.7231290251312856,0.08407974374103037,5.748891356822848,0.09822430302637428,0.0
587,181531399.42701304,37132877.132500395,7568652262.9754925,599931178.3596526,0.7498805032629905,3699.438142198901,17.50237980270472,0.12026968101587539,8.734002042428408,0.13249015364509004,0.0
588,5127934.212315105,447251.60127422644,986883584.6687772,28618176.729630552,0.5750556878726987,3751.2389605644516,5.258556003880094,0.12859650942441486,9.127888215696288,0.495200097723458,0.0
589,56686.38635572152,17844.89579212842,5307293.00208923,193706.99754217025,0.731589741929773,3804.5522646865556,1.9392935503171609,0.09054171335098866,6.270278546991977,0.3587559034097882,0.0
590,65415447.53124021,24100679.97151692,3939936358.7330656,206810408.56338897,0.7750920437685166,2879.0161835477084,90.70172661381761,0.15620996238467252,11.118940417702806,0.1865366125961407,0.0
591,1323422.6281192803,325069.1151108642,140782280.0756568,5579844.5290973205,0.5773493052111186,4211.074444085989,2.024737117690023,0.13911314924179852,10.1971033797332,0.11469901413514527,0.0
592,2443259.317095418,172732.1757847725,688994231.3867786,15560437.115870971,0.6863489916030958,3561.506468120846,6.739453786121668,0.8273362378121242,21.602804967693615,0.3269435476178981,0.0
593,2867.305283638507,387.41853458242275,798549.2162787914,16023.262552773396,0.09081364517392092,3743.1610491486135,1.192272041472401,5.458559364377271,90.37763277422381,0.3387086598886719,0.0
594,3439.725791541907,637.0736055251042,1189664.448271738,20131.205896648473,0.6741718650792857,4090.379509539631,0.5718023086482918,0.10100030797530764,7.221838791064786,0.45627114925116513,0.0
595,12753727.693704018,1971440.9270650814,761974485.236041,47051957.09245928,0.7283951893141992,3795.057288147872,5.535669049369282,0.060004436876363344,4.399993020531442,0.11547260938988739,0.0
596,8383198.655171191,1016335.2188065896,990818568.2043555,38812980.64197945,0.5902686833044062,4159.212419910995,4.149284433477891,0.7400078668922163,15.558739222688747,0.2998761788520766,0.0
597,898666.2158351695,119661.74060720296,83927200.31498176,3851191.5358203663,0.659090428833305,4128.032299034529,3.0862734127602756,0.13989489405205563,9.212672058169227,0.4105207788131367,0.0
598,19752.032001852724,5766.294982143535,2361742.418574749,74839.36092317627,0.7203794764308421,3475.949463421324,3.0270964422121787,0.08963703073940525,6.436502106426315,0.4034093687783407,0.0
599,47890063.117674425,9778602.728763828,1790840834.6245003,154755793.69575346,0.7063213219610598,3810.1012085348584,6.778397364694114,0.12806666035536685,9.472159376589882,0.15540891040077853,0.0
600,31995.270458377716,4566.889171759767,6388134.746039466,162985.62004867467,0.6730164808146661,4220.525746752999,2.125925231984497,0.12552657644920462,8.266822235062843,0.4448395048041516,0.0
601,12136000.52277587,875320.4615238449,3029737650.6560946,74745385.46451458,0.48465284601247083,2998.640613714213,13.435084381913372,0.08833687623723234,6.3650055376758585,0.2845133221371358,0.0
602,357578553.952236,53728735.7535787,20306223084.46369,1330349867.7258496,0.7734957848265743,3363.4262317435587,1742.8253342884848,0.15866903619812173,11.81764964763054,0.07252044332977024,0.0
603,61046643.99855353,13024552.49931975,3468163112.0431314,208540653.81947935,0.613732207937437,3644.217517753868,4.54036589319264,0.0688934279119012,5.016367371842402,0.15254116536003884,0.0
604,11581828.368510809,904458.9900056111,1991232523.7684684,64162217.48791019,0.714830919907371,3934.2754289563186,10.551247522934672,0.09776076682579857,6.820090951550236,0.21710005947084202,0.0
605,57518.45459407112,10008.429558091686,7107835.188458325,246677.35126217594,0.6824465891488888,3805.9979944817505,2.1720983467061803,0.086086240817243,6.172769650244438,0.22158691928046784,0.0
606,6970743.591191319,600833.8373378672,1294101239.7696888,38633457.103181675,0.7741381976639761,3692.159571862093,5.8733566071957926,0.09342159259585588,6.591735640667714,0.3312685336205788,0.0
607,33467.79654201488,9466.394578925985,3506237.2098054886,128535.61767573799,0.49175820057413666,3925.1343979505173,2.452271187386792,2.150742830295491,41.154039755231985,0.37884991213356045,0.0
608,4644910.174569061,1299189.0479629177,85467392.40320392,11255397.547964506,0.6039463291784529,3633.6994880232564,2.7470510923356524,0.1647173471308295,10.835277453510734,0.14323173631886527,0.0
609,9218290.096788112,1364550.3212410072,796574233.872951,38086269.84172529,0.5980865244340574,3820.3825231867886,3.093836430063625,0.09521459512366937,6.907837774634624,0.03113371692057926,0.0
610,4056.4392832826898,372.2399409784184,1393891.1292351473,25467.366175286425,0.6528318587422539,4336.113384815737,0.8276990041311413,0.08351678628950739,6.083413368239839,0.2398809891544668,0.0
611,55455106.86615074,8523445.507002948,3503699535.8465676,208742964.8410876,0.7001430603900086,3087.6146191365415,147.52634376727474,0.14389723715294506,10.13744296493579,0.18930241841947348,0.0
612,53881814.32671815,7724668.646776481,4441056199.988345,218165336.62210178,0.6510051850432188,4025.027904535694,7.236044148445027,0.10812536418867129,7.593012159217103,0.3028909588512245,0.0
613,1635742.035283041,321082.01193605,79167995.40424353,5480898.786445178,0.6226927117152302,4035.3666421626713,2.7035546684147977,0.7683283428395873,17.342893813082476,0.13309499480940384,0.0
614,206411965.1174933,18563122.788852848,38834729695.82349,1148042816.102976,0.6883062250415382,3221.9244574948348,265.5759921145071,0.17354007215499562,12.428381314087336,0.14516447549450695,0.0
615,10325388.03485114,2124774.447885622,536659383.5232096,34434824.59673772,0.636798334548452,4134.43813804487,2.5241016096793962,0.12769263454770297,8.4279459993681,0.2832129314990399,0.0
616,400273066.00936675,253577740.9407665,6627902327.3019085,757869360.3769552,0.6427629491941459,1763.6557500149859,6.73122306754567,0.14411015978034128,10.070617263280791,0.11461163496707989,0.0
617,614520.0378514321,159867.91257839388,35316468.556145556,1974631.352101008,0.5659365788883399,3732.3938100016057,1.7020498039352543,0.15512810848823239,10.215740159385943,0.23083739188270685,0.0
618,18613860.742378645,1504212.9640422328,4836180313.18341,112078189.94609801,0.5579549155672078,3503.4727661939246,13.50624385943436,1.4816036488054725,31.28062760054143,0.34767703217090634,0.0
619,36502.38425053724,6621.1317062841,3857894.9357462437,142973.20661718337,0.6829769562081847,4174.456892826351,2.8589553592334345,0.1275859905058095,9.261393259544203,0.26592698476031823,0.0
620,9050370.998737575,897683.7299122354,1402850580.2878175,47556090.44713327,0.44641070836022284,3870.936364232912,29.208822291609913,2.819463305751947,51.86987298516226,0.04525960667149851,0.0
621,14123235.217902627,3331045.428188175,358889068.40873605,39922339.93020364,0.6739943537171597,3900.60089188342,6.01241208228661,0.7435150202737499,15.519454550204888,0.04383444501281475,0.0
622,17231944.352458302,2671014.340284709,1003739740.6789528,64047550.07474556,0.6619266037209498,3883.829965818678,5.501830815304661,0.13221973998695685,9.145575682416967,0.11282004726406544,0.0
623,10853816.860520622,1297736.9119567513,876675157.1205912,46269509.29986811,0.822588223996104,3857.848479900457,40.055267140555735,0.06286731385980868,4.710048100332375,0.15355971890669984,0.0
624,15610861.697267745,1092749.7776025175,3335826817.240628,92942037.61323027,0.7098000418298974,3810.7022923487816,30.39547622743534,0.03161101740998529,2.309868526682661,0.21789193574991028,0.0
625,2098.523147174913,164.00281063662118,856022.5586823679,14105.979383159103,0.37683189165486636,3926.1473380692883,0.9301141620605681,1.6614988907669486,43.131798968642,0.4234926414623482,0.0
626,56184.02299246322,15344.300131369813,5327854.118446933,199934.4110063493,0.644042422437334,3405.6639243584214,3.1539056535531693,0.07935608829441972,5.81915118328978,0.25627235544669796,0.0
627,4441187239.669073,760389817.558949,205074260427.95532,15156597061.073242,0.7074577327678562,2128.447909766674,256.2022088866462,0.05346983896703748,3.88224982255403,0.16186908260291258,0.0
628,10648867.903652932,4818535.09971152,417293007.6056112,26457830.604550503,0.632832400689962,3642.2683789602715,9.572049667071452,0.24103825360946374,16.62631625311233,0.2818776919115704,0.0
629,19347488.83264274,4022233.4261425785,840766278.8702524,61991088.794180885,0.7150738066511583,3978.4879287839963,4.446840380225206,0.1341797236163232,9.834329657665034,0.05978222764922763,0.0
630,108451326.09959182,30668322.116532635,5243130146.321313,323783338.1236128,0.5952547709673561,3748.167028870256,2.6704650030724246,0.06513366884139407,4.587576634355365,0.08619665383229526,0.0
631,14573847.20649017,2375862.374388315,1123165792.6586752,57623743.45585797,0.6536229652438039,3795.8639371720774,3.9108512794238175,0.12389998083215473,8.746311151781237,0.13297042343800167,0.0
632,50056865.491036974,10541738.927831965,1543244859.4869106,150394455.930404,0.6838671082542056,3827.619242822953,6.361815917748122,0.11084476857801295,8.126726563006326,0.19573969052276732,0.0
633,19575059.301976256,5660590.975471351,243436401.57000676,44828562.38949432,0.7009205938786081,3536.1296421065945,4.76626107007224,0.09264225086368479,6.8687831856434896,0.24572537675459444,0.0
634,77786.29615618031,67950.62941874936,2189414.1730131656,126957.19994461657,0.7210028082558825,3689.9971215205187,4.630069294894837,0.24272557051663418,16.271800506717682,0.3869613615295326,0.0
635,75374.97692519674,21070.97761756584,11111278.639523098,306882.9639378232,0.6628095494355664,3246.3815127591756,2.0667762149354725,0.1357222579485949,9.753664746742652,0.07731735386506546,0.0
636,11948.899111398354,970.909981555089,3307167.857173484,72876.46598598122,0.21027507675703264,3822.7303845314636,0.8268569260756807,4.083891936658231,66.84188077832809,0.43887620621465606,0.0
637,1106.1178038152689,199.81775107476705,533540.2857962763,7555.274608367225,0.2813858791632339,3966.893280792843,0.564803059584939,4.069638074697856,65.7765875873678,0.09954052767489995,0.0
638,252503.90301129693,34150.81317379976,27707569.25905885,1107585.2570710517,0.6284646965483687,3578.7022328769717,1.6664384842924758,0.11371788066846866,8.530684534037187,0.2826155395113454,0.0
639,20938137.53424164,3009254.7990585193,1458681931.5030189,81298904.67921053,0.7845768738104517,3611.2988232914695,89.11276954905837,0.14945886642882442,10.877142463128111,0.17239175923150127,0.0
640,341241662.52195084,29072626.1867557,64229277375.31913,1902586652.0421555,0.6305256504827695,3665.6741855786286,157.81376046004974,0.768815351615434,17.722077055235303,0.21393000324599185,0.0
641,61903171.90254903,17498657.04138339,3459367248.796949,206897520.36150125,0.658766247238655,3660.394051818841,18.751390665261177,0.06408672138899822,4.648118493846406,0.21144863937580186,0.0
642,10051512.806106398,1018927.8831610184,1328050035.3400445,49630963.10011821,0.7120497668756517,2630.3351827379274,107.89447686980733,0.10033873288407155,7.321122765089309,0.24729088490860301,0.0
643,79641259.09978098,9516758.155386543,7059062470.112143,341152776.5853116,0.72764959063329,3945.642452693123,110.51834277459557,0.18297692843936417,12.91325206832487,0.26004247864702706,0.0
644,6834.01467484287,805.8421627593516,2071970.566846167,40347.96486080719,0.6229492420160451,3611.2487394479285,0.9929871725118694,0.7385475532473075,15.075836085311249,0.2562087849414282,0.0
645,8902451.54978245,1829157.5092411302,764723279.1067423,35292421.14304085,0.7887844623483123,2833.3422360154636,91.61332032309711,0.13477959421965702,9.700070176589978,0.1558271226869346,0.0
646,11119975.50612797,862485.3226196757,3476680029.4452043,72984493.75980873,0.758479432779711,3357.9487755960727,24.28991442312702,0.14344451517266982,9.971965668339003,0.32260669344984144,0.0
647,1966944.0705984347,303942.1126802761,88425599.25260635,6853440.979803955,0.49603250875287436,3694.174843144381,18.237103515918896,2.1903347656084207,44.1698406259958,0.11681986672676412,0.0
648,106554509.6397124,12815543.236760633,8360007634.608403,447742759.50877506,0.3903748835424298,3232.7384195396744,126.48656181228797,2.182709452078254,44.0878686410074,0.2621279432880668,0.0
649,52598.13328125908,9749.98319831627,5332677.097784036,202956.13207810355,0.607678174004411,3954.058153026007,1.3459878651838828,0.11590986359751625,7.9425620421587455,0.17977129856928803,0.0
650,21705457.964749,3617731.4469366586,3461977619.8241434,96901813.69212231,0.7443987581703413,3155.940557229666,82.19801358518339,0.14315347381442028,10.619825253417696,0.36991559497647836,0.0
651,15023.06935746413,10646.749628081812,1302292.7504574745,37912.10706541725,0.7005240219383202,3455.932712001232,0.65334910395846,0.08095194895872009,5.795814612446594,0.1616002817981127,0.0
652,8812621.859154243,1778404.011386263,373854337.63523614,28116853.564279914,0.6261036572150485,4182.254413174884,3.209216383151359,0.10757015519086632,7.600997645052135,0.15746616351625745,0.0
653,28415110.84590139,4529555.50980245,1286475469.6887298,97990781.94969222,0.6802480613881948,3608.5455908974836,11.956990884129302,0.10207275132261336,7.537293989865555,0.18759391805785694,0.0
654,11950988.992010003,954463.2126502817,2313771699.031489,67880852.3280077,0.7149830429103644,3521.366885832155,88.29378849874666,0.7535149645924402,16.53224226773721,0.22763531355711722,0.0
655,54738502.31768221,7703555.318229842,5381333972.424911,230683404.4697856,0.5506921899374948,4144.246622828564,2.6104293186414362,0.09657826270837208,6.737394602615408,0.17175714853343563,0.0
656,15329182.437655712,6623018.025200631,417981997.92302215,35845867.95058661,0.658816942797084,3852.394134893222,6.856779650483121,0.7726580817889261,17.563723682034105,0.19711762360994015,0.0
657,10578133.480608765,1715582.973266296,1408705698.1262057,49413173.04079664,0.6712998497065649,3494.075605118388,3.1309366179312996,0.16463857894522516,11.610955062101187,0.09713819034082005,0.0
658,22316769.783261724,5588765.996159685,369118245.4258287,56266375.66484396,0.7065520039875481,3639.4474823410465,5.548086570343569,0.118896472852044,8.628017694921413,0.12394089171944869,0.0
659,2555773.0972332316,2553656.2128760368,4409722.802997201,2589603.841461062,0.6924959004354867,3594.1560193406626,3.542298708869328,0.192698279248276,13.832186876563032,0.2873298855464232,0.0
660,21725.280270783325,6679.111810777329,2727220.5350904907,84825.10210816967,0.7164290055059459,3734.705891924947,1.3134006949675145,0.13981879743032638,10.249725360147226,0.23666389285404232,0.0
661,13800.432347668695,8104.924304987272,1346375.722289872,37920.40484885729,0.6635010621829249,3531.8083478553435,0.6969323094087487,0.07897005208900518,5.3708840701925,0.3938624698599645,0.0
662,110179.93841968896,57187.03552766647,2621507.2429734524,243306.0430817206,0.2807002320112593,3473.7751363970037,2.0475109726302967,3.4786392758789413,61.46455153725064,0.38207240505279405,0.0
663,23868947.404240135,4732736.500856525,700199911.7591746,72456293.66965783,0.7414167243469542,3715.0479599603955,7.697088818725818,0.13105163148092408,9.063038987399315,0.20812024712486946,0.0
664,11110.31890838887,2971.429290829829,2065764.3641839265,52093.075580941266,0.6450797732481824,3690.2582407066843,1.4302923784349746,0.038668758386091094,2.5961985358357778,0.42049012410394554,0.0
665,22266421.639406268,3930387.9151721923,1252451869.434374,79615126.55265686,0.733105362610696,3821.864465866115,5.095694287624687,0.1374992987703103,9.317459995679659,0.07278698923120057,0.0
666,8393425.210186552,733595.8177034936,1612815909.1875157,46918849.84193681,0.4875719265212012,2823.7988000318983,15.151318341646435,0.1784411528414629,13.09428937400997,0.22575207949353066,0.0
667,18186130.222551893,2560098.396634665,2812737011.3262377,90878733.35723138,0.6800391197894078,3776.67673035997,5.057797833874981,0.0692185796844429,4.693896264599286,0.2932746303391648,0.0
668,46275819.300199494,4626371.327704591,8022093104.86439,243216507.17899424,0.6027050270443912,4312.221359970009,5.300900507983189,0.14506216682190454,10.498516399609269,0.27302905903217917,0.0
669,61925126.86509446,21756984.113517098,1027634274.0605164,144737158.80917317,0.7798678497665057,2909.8485374934753,113.95418393738936,0.1085065418116753,7.780871065352173,0.18596349178069044,0.0
670,758663712.9716808,86320252.64969464,129622075328.79956,3856353492.566713,0.6369033696456339,3091.48178352383,7.991282708065807,0.1272195851170695,9.248143781656795,0.15043987565669753,0.0
671,22270382.002753854,3880542.531993025,2159212671.4182067,93734987.9381702,0.6703168732258502,3707.013127041872,40.74538453954377,0.10340913035465497,7.5318229466154305,0.16742804706567885,0.0
672,4200.458826219858,914.1946892469714,1132490.2585437405,21326.05071383749,0.7336066202097571,3561.208839867497,1.4624748010514619,0.29785694690538617,19.70880256105292,0.4777880640424839,0.0
673,39585001.39045374,6919754.122098285,3313187273.0298986,159547660.16858464,0.7002851104441109,4014.6813200740603,6.101166386898418,0.06084722543044885,4.318463890080906,0.11695193498533353,0.0
674,6170715.925593464,1056697.9576650802,669894133.4871649,27254634.69405929,0.5829880827194952,3800.2734416442863,1.9767597715497158,0.1101629652783263,7.57845200126671,0.1086617079912508,0.0
675,8951.683738355738,2403.818378551233,2603059.0192078636,48751.48651801415,0.6492215656718219,3502.1614162500996,1.41297291233993,0.0737562328954862,5.125617886293372,0.19115523912417057,0.0
676,28394310.656774193,6703092.297896778,771628996.0000746,78557807.42388508,0.68482520460785,3299.9970825434984,74.83468878147191,0.753325284116051,16.407874386508418,0.015515285389836077,0.0
677,35834847.64273034,5676849.90585568,3433792488.268951,149478810.75157738,0.6804449297959552,4074.858485224321,6.216997803738586,0.1489397945146255,9.842793192854591,0.20101648726629204,0.0
678,13274.288841757696,1376.6199537233738,3215838.1623262702,74373.73748788188,0.29363390859571215,3759.659266293782,1.5253725500029163,4.062706368659102,65.67675650011158,0.3400573229892353,0.0
679,11713.084790652649,5970.8742469291155,1912920.369404092,43938.61703699005,0.6786387247384209,3309.030289230899,1.7646754269936094,0.08879849766438497,6.358198133702399,0.2798284659427089,0.0
680,15720828.130557377,2102603.5089402124,1737834706.4612331,69377955.73034759,0.6037361863932853,3630.235972421523,6.864900388705262,0.15004128947153186,10.738245118800425,0.20575791363307838,0.0
681,247883.4350211091,32954.754434868875,30306104.269464023,1102221.8977186999,0.613264938663974,4190.085512262003,2.189678340536104,0.11017645614736278,6.948879185120234,0.11193584139597636,0.0
682,1740.6973957405248,172.59140604935402,751922.318438113,11652.917617605857,0.38543066547989396,3996.585806307573,0.893943007718895,2.169882968811472,42.252722014116436,0.42678947542957346,0.0
683,1088260.874461787,75053.923248104,236061548.89467764,6486619.557992789,0.47459745009115994,3815.742620413267,6.669948973887172,1.514034879906855,33.38742849088074,0.3023158430843924,0.0
684,21209.883079141582,3244.536724531209,2376524.56109178,87875.4499515197,0.42475281999312475,3853.536392466049,1.7339611249513307,1.6168229197471766,39.89659637613903,0.18374090084896758,0.0
685,42869970.215654545,13465225.695515096,891256689.0604696,107769020.70328262,0.7134248628446184,3666.1143595108115,4.328773784972011,0.08682742671761315,6.370701197928284,0.26265986994571394,0.0
686,160380967.2642944,44433565.06401916,5674534549.308161,472750972.8797585,0.6606493111267404,4111.43214978772,9.00675983047113,0.11694457885760157,8.628199111365536,0.09094602286914509,0.0
687,10355846.275247583,877282.5577538373,1864323979.5845642,57084046.0531577,0.7127352045506721,2927.4468131790145,18.190656481587066,0.8349048442308874,22.298002861562562,0.26215097437064244,0.0
688,14577.13620141412,6269.2517905042405,1732471.9729536306,48994.31991508248,0.7337323523725127,3442.0142586125194,1.4517444129089707,0.09078636887053922,6.364426708719195,0.27223607563129326,0.0
689,8076.198009976188,1276.1120610652738,1946179.5545467339,41328.01734207106,0.6226881395394265,3947.3760191458678,1.5024464528034929,0.7964168908000125,19.28256466424819,0.2287558101321035,0.0
690,7438.037840383544,4977.408213112902,1015455.1893070901,23084.527385234273,0.43407474726215795,3570.2231948377857,1.5674968022061035,1.4912682566181399,31.71457322316953,0.31661536018043984,0.0
691,2427.3430549704212,436.2672249770291,963232.1346005701,15256.332117698617,0.607788670770507,3685.378349372737,0.46613062061309085,0.10403410858728845,7.335313345664017,0.32245823399909984,0.0
692,15781030.81378768,1818088.2445993156,1505596521.498877,70481608.07824495,0.5904531014104757,4002.603327124948,4.709657157969225,0.09796097401396855,6.77797797576014,0.03981738466132389,0.0
693,79844712.98394206,14071568.334345257,2814010287.9763165,257478312.0987854,0.743485610802981,2937.605780835089,99.52706266692641,0.12397370906562175,8.96779401940582,0.09326572288208795,0.0
694,3242.2498141346227,281.9159662253246,1474926.2997398423,22697.467196640013,0.6193139253821155,3881.034227870654,0.7401968711419008,0.7116016638436051,13.386463297827913,0.30034447073805404,0.0
695,79643826.99764994,9516768.611015324,7046564233.048357,341149884.66909236,0.7365344665234094,3368.259074129207,153.10667731398917,0.13490225433597985,9.876435301041113,0.25874768098770273,0.0
696,31425733.389407724,4498621.933369359,3761439375.519306,144973774.58140194,0.7003853293190834,3758.0650194976492,5.524955382721363,0.2048429253745235,14.10000936222163,0.19312166205306336,0.0
697,4113.788381362463,496.64461581721406,1439132.7845162484,25701.092111241727,0.6294461024493605,3663.5884290963263,0.929053047580896,0.08230923480582666,6.062380228344485,0.22082656413913027,0.0
698,110233444.98853633,21571989.148046955,10196887593.347342,454061057.9633403,0.5858891844028403,4056.154943909904,3.193025069665399,0.1628107183073218,10.468615854840085,0.07933344685942836,0.0
699,6638811.17244075,773096.1705348572,719443776.4404781,30562175.97402382,0.7035469074969735,4043.5226389187815,16.924896134107378,0.1279630070130537,8.989031802012992,0.1327246085043609,0.0
700,5669666.275671797,509898.72456258425,931891454.3048401,29991726.848811693,0.32569436472775337,3409.907238527827,4.413202222694765,3.4792859876523154,61.32414702232819,0.14540004949140817,0.0
701,14652826.182166502,2309977.925337645,1058471227.2063234,57086469.88188475,0.6605626974757742,3620.226394506022,8.62036799724679,0.0720904103093389,5.365978479156165,0.09841793776713163,0.0
702,4954107.760667683,591680.9435506328,380628811.06388205,20732569.29890121,0.7346073381513992,3558.347569268407,13.844957717998993,0.09553199423917311,7.069890597665105,0.21906695944906268,0.0
703,7204867.529742086,1684983.378063438,158668488.43788534,19636145.278656296,0.6989409890771909,3576.6905665987156,4.582688570518394,0.09617806252136081,7.0843153603527025,0.07524255685912172,0.0
704,108230208.50979765,28197769.361751776,3211480123.4681835,316965953.01172626,0.6948183847256348,3375.901690875331,13.77531388908894,0.10492530488471541,7.641331104773674,0.06847002204783656,0.0
705,13094.799297477584,3415.5839504136193,3219630.3773365896,66745.64838828081,0.7391194026482003,3807.080768497523,2.2733172369772783,0.05920080240178729,4.188252551439734,0.15429892957636734,0.0
706,2224185.5398454806,1283376.1344388644,60198414.60385214,4870236.51634538,0.644202359820056,3659.6349972869893,3.746023892613294,0.8339870313378437,21.77039634366998,0.2059224577485977,0.0
707,32672.037618233968,14101.861409027255,2702267.4817877607,105337.47922247785,0.7636244034425939,3691.2355779426416,3.2991946055518313,0.2001351866129208,13.992189923987581,0.42472690849225686,0.0
708,59292796.813093886,7636576.3333448665,4304121775.8706455,241603740.38254374,0.5942131407645417,3795.2247162979,6.973823084568113,0.20225066976940873,14.853034255024848,0.10962981038080798,0.0
709,14935965.997601781,3430166.981701999,682169786.1785119,49417878.05472796,0.7133842681475775,3550.241963315664,4.318035689797624,0.06090973204039205,4.470251590960009,0.09160099168785407,0.0
710,12728355.533835942,1380422.4571749016,1642325353.7775397,60704221.308725916,0.6814440930306178,3959.0643098037435,72.88215446550481,0.14838477035810752,10.923472420510501,0.22280485851674703,0.0
711,70540362.62622614,7709305.919387373,5977374460.984449,308920569.29788136,0.7740342320415282,3457.5431389184496,53.13271723211404,0.08837705866330277,6.45170529787237,0.10815793077273705,0.0
712,40604333.36276448,8789739.215783287,1393868999.2394936,120726334.55617432,0.7479410537715485,3560.5037106498194,83.44673588183674,0.14068133055563034,10.14924648468244,0.025191700463846157,0.0
713,98684892.2755152,22539488.322952054,6488897791.860662,339641431.2759402,0.6251127545560998,3819.7272018683834,2.2656562324280545,0.12960042660025825,8.639892687143613,0.12240673145101455,0.0
714,230487034.3024748,70074712.51857826,10690105858.648348,710842845.5377562,0.45368330362407416,3359.453736138318,8.119153715386334,1.5135102443041277,32.68804876924012,0.16310415230390188,0.0
715,3315905.1268331157,495612.257090492,258911156.46146375,13151836.288733091,0.754592987733613,3630.631210555474,5.140480277028534,0.06641800777894886,4.540449636514701,0.18853980255360803,0.0
716,15764011.64851417,2287735.5190310823,1298527950.8737493,63159966.47266891,0.6598985001469962,3880.5913046976866,3.3536925918131835,0.1506975537177606,10.091795072531246,0.20484405746042725,0.0
717,12879302.189241787,1159606.6773382926,1765253179.5726044,65880722.18261383,0.4332939459999756,3940.169170093188,7.460278236871505,2.3058126929386455,51.33652043773118,0.3105876910119778,0.0
718,75541.63057815468,13149.710232856989,4041692.7866817983,254230.52369050364,0.6882938562651273,3711.1185871950493,1.923067914226932,0.09183994471564923,6.377392867085087,0.10081902671855611,0.0
719,25264157.098038927,3678270.7423469336,1438812916.2162728,94714817.99994183,0.7316620154986812,3239.9664259179403,41.310192823918655,0.15645426348659636,11.047251138401306,0.22135136761673674,0.0
720,9928938.758222478,2771561.100794545,721503914.3192747,36186552.40003441,0.6739886439593873,3434.3670987204787,5.110682309257029,0.08731600699689021,6.298956179134391,0.2004534185885931,0.0
721,1679311.356224041,279851.98054223025,62470178.56653533,5552674.36490901,0.16394701692719638,3486.3726670631913,4.03655297362085,4.8197330185878835,82.2988473185545,0.12851043443765364,0.0
722,11957.225995063476,3172.2994025803337,2148652.4197945194,53270.919047637515,0.6096559879989342,3749.927929244708,1.0849966591915818,0.10828317582326567,7.348504313660816,0.40544998829253887,0.0
723,130999616.12925358,9722189.352503093,24253179039.179382,745540134.4910576,0.7531802720158384,3794.928591678308,70.64491299055726,0.17642994085166697,12.868096119832453,0.18201822574058138,0.0
724,37813191.60968082,5907302.23869838,1683080039.376354,132085847.50811286,0.7311982434097937,3614.3682974286353,11.999173347023667,0.2695355707595451,18.316920838134156,0.09438659869511522,0.0
725,5631384.286917242,679865.1335887301,748795393.3381842,26330624.820021532,0.7072909733559656,2970.3707992822774,62.037592824681205,0.14009742083147758,10.157641902088866,0.2831923571206615,0.0
726,151160.93322472408,16422.77833327305,25201231.066710927,774148.8056280029,0.6048965219525969,4000.5372271865244,1.880470524466051,0.09861796758947224,6.418179883536122,0.264136315449211,0.0
727,6120.616188374821,991.592519366488,1439932.8917154376,31203.15152431556,0.6520271615488484,3622.3835080652616,0.8681828663866737,0.06843411839965982,4.955750673465149,0.4223578806186418,0.0
728,5184881.024144107,1508116.9432827986,82126844.69156897,12483898.563787282,0.7504390268941947,3646.398950647064,6.906329524609058,0.125999177285592,9.014310653031657,0.09895252913962321,0.0
729,2580022.9872571854,303607.75669949414,219422946.19125062,11092176.368118543,0.6573963457563599,3760.3408681036617,8.277504135899406,0.11724304404388146,8.548495346499362,0.13260823722413767,0.0
730,1106.2708068364595,157.25657114023625,566894.8709175335,7841.316521329291,0.0870693505981689,3936.2330458621836,0.5973998882538603,5.469783779384739,90.9515839908777,0.3043430528357786,0.0
731,5125315.469819756,891899.1398032468,715413063.7202997,23761534.49862809,0.6720984578592223,3338.483484046707,68.71709715660964,0.12773354455578464,9.163387770575259,0.156892832289124,0.0
732,2605285.944041231,402943.1365826805,179231921.03268415,10076815.09520052,0.684570359302254,4142.464333732018,2.738944711850153,0.12730827182197935,8.297517944029517,0.10524714460089087,0.0
733,108931.04022856939,21374.007317796822,8251661.814611649,390747.54753946146,0.7371060197234057,3381.649676124765,5.714031314989832,0.16081722294347456,11.354953589414842,0.3669656191348433,0.0
734,5110.10694085323,1040.8479614928804,1245267.3440098495,25171.55272458771,0.7141432495165697,3861.7523611125685,0.7515896227198282,0.0557897419095096,4.007442134687958,0.33540815282349706,0.0
735,536212.8370340544,55846.78563679165,57112532.241752625,2478692.128362948,0.5070430017820561,3513.971441534024,18.97663754295694,1.4919588733850573,32.153150241882216,0.12216485703257808,0.0
736,9162290.081885401,2447342.857248612,339866038.24341464,26058724.567040488,0.6620152420708132,3884.0495377447523,4.893826449612354,0.08248143865044195,6.166034906311592,0.15241387802275863,0.0
737,10883166458.786037,3603290815.948386,185070488564.81216,25386480529.55983,0.7038835854850034,327.76030547199923,19.601825445932196,0.17660940618103665,12.22658674659895,0.09643114509434393,0.0
738,2396.9421637787223,214.94458822496614,991190.4487524902,16066.861936544778,0.6144439355853278,4000.228786241084,0.605734137369402,0.12175813987779502,8.707814009018476,0.09605944262295707,0.0
739,2982116.7859532083,408649.72686022834,190776034.76304796,11591668.134707075,0.5189644267049837,3043.9829221053033,14.400296225870463,1.4923581492737337,31.75061081617784,0.26105357213198027,0.0
740,32584736.506584246,4706853.16850121,3546201428.3886538,146629849.0992432,0.5954881187710288,3972.7144644545388,4.611461479522812,0.19578021434333834,12.846556947713555,0.26808296287650973,0.0
741,191230478.82810622,17552373.93914605,35797258632.62426,1054738076.8348162,0.5500373949952494,4080.6079554028984,4.33298817529084,0.15018335736468275,10.409029584211734,0.23315738589132462,0.0
742,19260801.55642853,4073525.757351714,616938390.7096984,57150574.84454485,0.7247581914381201,3065.705328810923,89.81160893624006,0.7707645628203635,17.67917786111277,0.1117603328395893,0.0
743,19249931.929187264,3541343.909840177,712030057.1605077,61453655.949441835,0.6596721203461506,3143.8430589307645,81.16482409453073,0.7942478556237983,19.343224042691265,0.29069716644505633,0.0
744,5182573.708326438,517513.0774869863,775389935.0327342,26428942.166057672,0.6572757257810118,3702.1105506090844,3.0666752055386586,0.10042065128855349,7.387198363286463,0.0834152744337676,0.0
745,18443872.9261967,6148035.6657272,179155304.09281987,38462522.650352076,0.7083960798952635,3620.5266623755397,5.051734937160108,0.10172918874212344,7.257698096911406,0.27083682852402047,0.0
746,42817097.3354663,5624384.471460815,2506104732.4475784,165765114.7325033,0.7269327679274199,3619.0542527883417,8.277954358352508,0.02680038127011484,1.9875053641008336,0.18112851719886855,0.0
747,59548884.54447649,7633810.217366887,10142393768.959925,288497708.24747026,0.6738611933408857,3983.9744947221293,82.80535319439028,0.7955653467926858,19.746685821150688,0.40482151361337465,0.0
748,3757002.5113119045,502614.27204833936,249992625.23187795,14822801.204190806,0.5806821432409188,4083.0016830068207,70.7285256908846,1.5668453731494547,36.548153393329585,0.21119974832444918,0.0
749,9222546.55009209,1011743.9263117934,1115493687.177539,43659202.54842003,0.5969236737514391,3826.2411257761805,2.7128932522471287,0.11475774037080307,8.160357153791697,0.11534060816899958,0.0
750,101565897.77513936,34947987.68735464,3428374807.982988,271452874.50005424,0.719003806740424,4066.3083234931687,17.046678532614916,0.07702405634026563,5.617419687573222,0.14165047505677567,0.0
751,3811871.188511809,536031.8398932263,311548135.75022113,15469764.70539318,0.645354467657623,4211.801145215282,3.5232232876632423,0.11052999035633108,7.113849854134027,0.19006085387906116,0.0
752,96990835.00613795,15769777.731048808,9756161701.437534,413856672.285607,0.673398071448611,3741.146913589622,11.142678868489611,0.1692396070164147,11.537584100316797,0.18153322913686465,0.0
753,9435280.354124323,758031.618895076,1730807569.9693913,52803748.59547346,0.5239659738669821,3560.936508133348,28.85553670372915,2.139009468571101,40.724994218221624,0.2810754669186033,0.0
754,4253185.344200496,901604.4726198803,272779892.4708175,15807879.408857372,0.681313352564928,4012.945262919723,3.584821406942612,0.17901423549633205,11.91934802645898,0.15217960594510652,0.0
755,3512776.8297080593,522754.7791233602,276013075.61210847,14260017.276684906,0.4436731259381782,3553.6713896265655,8.422826315082428,2.796705101076784,50.02761220131234,0.21710258174976516,0.0
756,3248.499893022242,718.1286986503015,769292.7750700971,15651.588030596966,0.07545803508050733,3583.921628396032,1.2672121426467264,5.510617862984464,93.85553531401177,0.4842567907518366,0.0
757,402173.70806736394,95794.80678645564,22167579.73886426,1276309.7132705827,0.6669485881525388,3747.2588406518225,2.883393035080692,0.1890469497608569,11.950163793486812,0.1510445862204631,0.0
758,6955585.847134331,1318001.5015358164,302182882.5376729,22934958.372436814,0.6857494400722025,3369.680742728382,5.649147858336198,0.12011507460422025,8.113055698761322,0.12059024070496265,0.0
759,5555.635431909487,575.1975618025111,2282383.2143624844,37839.612843662864,0.6784459366408498,3820.9695358256877,0.32913115299630624,0.08270232604571834,5.763033391434407,0.1695443243993905,0.0
760,93976.10313444838,21629.39525267632,3882987.1290984573,283973.49017519277,0.7333986222067957,3218.6582342631164,3.8102940066227373,0.21180444879894092,15.384987488963736,0.12021559820163184,0.0
761,81208425.70815381,9346692.124859978,10081455178.05521,380030171.11135566,0.6966650469393054,3542.4898114379316,50.29685588897707,0.11403450036204932,8.211989697335337,0.30717332162964817,0.0
762,63061014.90610331,5719007.248228866,8330043036.308098,318348354.82755315,0.6570172883148604,3901.7843278347127,67.5436721471887,0.11986845051057742,8.966122689480418,0.1151075315652962,0.0
763,29110.60342702739,6507.33872405397,3512583.6516347034,121941.30113156287,0.048756518182084964,3345.737575928966,1.4071118704935142,4.816052078513842,81.66296333351009,0.356570469037058,0.0
764,20121912.616355717,2113475.6128610405,2301841806.9402523,95288067.57447925,0.721412364271256,3472.850478329542,8.778147124915188,0.13839454547777041,9.91126698012938,0.16211965768238673,0.0
765,5360.477529122838,2364.124777962942,1220620.0984692473,23569.47584572893,0.6988207217886309,3496.7477833298453,1.4497178745671038,0.07821597767942343,5.832238227114615,0.3370530759564385,0.0
766,5117033.76556202,497471.2219968961,603656247.2658633,24818667.93498971,0.6951332388303395,3609.26564506483,10.084698468844614,0.12442983233787493,9.126214456202899,0.1160183073344807,0.0
767,23283237.73640085,5285903.148205884,797095164.231566,67870953.36794528,0.7587832766609577,3267.12921567635,72.92743056814595,0.138415493603953,10.284341227603978,0.1330750572046325,0.0
768,333310949.82084787,122613176.0349791,14163791184.595108,984805312.7390869,0.7529657211327184,2496.506900766584,168.0495119916076,0.11363992677208579,7.8250451223507484,0.2753911833966204,0.0
769,43563853.287804,8146546.102471868,5571224192.1816225,177633315.97012696,0.7347954579366841,3317.655262922114,29.283299183030753,0.2483617528141581,18.050736897636874,0.37421318710171836,0.0
770,3746312.4642953575,391649.69635516685,921847774.8457787,21686345.300855123,0.6821086105633389,3847.817322560476,21.397464233966776,0.1428344183811899,10.113484844144043,0.43405652152095636,0.0
771,354.3170369920796,15.027604305445658,263217.0778541944,3118.8149825269675,0.10519974747184786,4084.0677065557475,0.45479725990326403,3.8890590753153056,53.425152425804846,0.14796388055934093,0.0
772,4765157.464494169,817309.851643895,306372814.68000776,17584260.955066063,0.6452859605901594,4136.559606167892,7.146690201158598,0.0589590470526276,4.169657967997585,0.27437139671184574,0.0
773,132660692.8368496,15197867.787912061,10468373543.665813,566732527.4953287,0.5528380578490745,3797.9788366410235,6.200155263982007,0.8433485969745709,22.726703657555227,0.12554608852454285,0.0
774,10788.249506586417,1794.5292604556616,2501029.753653235,54858.80498188194,0.6433364595091817,3641.2214407461142,1.7011195036319302,0.04362241665761255,3.0995667468078536,0.1100505112372162,0.0
775,10821932.707271384,2566400.2593521653,547018785.7611406,35177445.09421775,0.691338528428767,3680.1261401992833,5.667057173938586,0.1877407214167654,12.55523975797539,0.1527997875509871,0.0
776,27774279.37488572,5227469.820771879,2081197740.2098823,108664844.6579537,0.7054781217750732,3525.6430432440593,5.2001554379706185,0.11204460819641673,7.950266754555862,0.213819441316582,0.0
777,6358726.6993414415,981437.9578877857,346252904.8779976,23441355.721900888,0.6563532793525142,4137.288651941276,3.611885616032862,0.18683681937702284,12.974302868725028,0.06840589370675305,0.0
778,4150016.2077737614,865135.1332101172,337814121.7431658,15178596.22823416,0.6389480809025477,3795.9541712072078,4.636877806098208,0.19161132051880897,12.881091860069887,0.31211375392689483,0.0
779,1397532.1827691034,341208.99179064034,121545709.40297484,5082684.6036724225,0.6040937355608471,3822.5831211244786,1.8207269585840635,0.11763434140091586,8.16225890812968,0.11037161911798907,0.0
780,15687757.723026127,1002501.8231566822,4800468009.701848,103541253.71366042,0.7323133514656581,3853.535227143142,5.81900086970805,0.16516093833455506,11.112423287785688,0.3425788731376481,0.0
781,10481755.929409346,1890755.0202796503,928488110.2090437,40874411.306763455,0.7711880860888807,2990.6684185643853,133.96652571941854,0.11096851445106788,8.223923133618106,0.1373182644244138,0.0
782,130562453.44938114,53289134.82802954,5033592429.736119,302057240.0314535,0.7074536098932699,3710.494212760388,48.42015995915469,0.2476300850870114,17.202021377349848,0.31192658995788314,0.0
783,5347469.616325228,917711.8385706389,313929687.32475424,18619963.66456399,0.6455990262593805,3421.402364996665,10.362332453863575,0.23366823311942034,16.522111585302877,0.2735024015585076,0.0
784,549622.1802525751,60149.16880879398,137477502.29957196,3235432.0562920487,0.537189861707312,3278.9206067854147,5.159786211669636,1.4863748336528133,31.526147932622138,0.3155650712494451,0.0
785,7785945.012272956,879623.6184412768,725959586.9733846,34566729.180371925,0.6302631106415078,3934.4193362714104,3.8316566734035065,0.10714612686528513,7.517935597367455,0.13404310246471002,0.0
786,3630.6680175067836,602.7351602656905,1273916.7339466065,21645.78581776824,0.6782281695448262,3613.4563726701285,0.6242352024807326,0.058026714672261545,4.211750890775088,0.25928743195281306,0.0
787,96197.03261874105,36777.78006865719,11924465.232609991,369711.31604030466,0.6722529162109738,3599.305953797338,2.206342731334573,0.15137960866086306,10.543958948011388,0.2782686387231989,0.0
788,215571269.79080352,66615166.19197913,5825065228.81257,556573178.2367338,0.6535417683272748,3475.5895141802657,10.409513778324529,0.07655330173686936,5.561249373763457,0.09971106365596376,0.0
789,591279.9180140466,39817.653984623044,210540350.79895777,4035843.5452696136,0.47994403856020273,3488.329177080721,1.6854385780915486,1.4578190823270636,29.435343835562822,0.27766771136294777,0.0
790,11141.580360058151,6513.64406405732,1865206.380672282,40308.65355182786,0.6501876901865693,3301.547665544639,1.296307096697648,0.03759123546131828,2.6617885357845905,0.3452896850043404,0.0
791,15608733.694484595,1443895.5177467922,3480465035.645446,91271739.104125,0.7760199841417337,3163.6925719888304,159.6820970786099,0.1226541728014939,8.798903467171098,0.25199213978859647,0.0
792,10882.966412355407,1248.845071872981,2362559.4256143197,57685.440765969644,0.7302485040866122,3825.211669530314,1.3791015709561252,0.07573036804759914,5.055938969000948,0.23433175216654756,0.0
793,113142.16218306035,24030.627412541966,13331976.248571867,465459.26130095654,0.697285648556469,3865.491978025685,4.4467808477937325,0.04195279902491924,3.1712746796003985,0.2388021687131667,0.0
794,98326488.00898635,36310236.94940603,7143170433.224348,273834772.69783455,0.7009901436946924,3201.121414400156,136.59362955916342,0.16338256026190293,11.314036370639148,0.3631913628968217,0.0
795,31748806.07251408,4553213.123547738,2399260002.9757,126164820.07708208,0.5993375707238883,3815.6051785414543,8.348856267238022,0.0588140188607106,4.521539213766094,0.022114041998747433,0.0
796,8057294.116763534,2154601.934348389,121520345.41274837,19464240.355346963,0.6916315946124303,3702.4900459380096,3.92514730221849,0.11492776018913942,8.256874117798139,0.19825798319440763,0.0
797,4703426.044852014,707211.9037269602,481815798.2519223,20271629.765487008,0.6401379988071576,3972.0204563799534,4.709355769560063,0.8182943953965622,20.949085850126814,0.19181582304797612,0.0
798,31276509.40372652,7415983.178695822,920083172.0217066,87273026.00621901,0.6491905955090035,3795.938500074917,92.74253547160045,0.7876063525391859,18.84631425112749,0.17277663938751753,0.0
799,115343265.7424421,36914585.04916413,4797988119.96062,337244332.97254646,0.7280909098393435,3258.1124073911824,16.065706282938,0.10190047415582085,7.415701175498144,0.0926210193628017,0.0
800,47566.51150956413,17616.466285180137,4363658.310480112,154760.878674776,0.7341426478020161,3555.862577070319,2.219571605046616,0.10420676070507015,7.005066488467132,0.22437802838746024,0.0
801,163449.60005215777,29267.708268881524,16443554.656279465,647546.2661642048,0.4978565682585777,3881.6025057226398,2.579665335264224,1.5146291672194547,33.41971227749424,0.29898881334934946,0.0
802,1854.771066893109,374.34686880804077,632803.3808551844,10626.525030174875,0.08217041816512138,3569.202929794854,1.0230250251933988,5.513772795353075,94.14961465135694,0.37358343073167355,0.0
803,1612283.3905873594,258941.90360293753,206171916.93410027,7210561.433771382,0.6463762289212467,3969.6470010482917,2.6420130841737426,0.12046190085235908,9.020447020468975,0.37944862334651175,0.0
804,15083010.56289672,4868198.097130763,1156810995.2444894,54130494.87374668,0.6748905779551038,3461.800544140558,9.15614092015909,0.09212523676381741,6.428838325952074,0.04933633895055934,0.0
805,5039140.3508973,485519.137358629,559176337.6117224,24019165.80240651,0.46953157414081714,3493.439596758378,16.239199017767625,2.180411639093595,43.59787306421813,0.05518094303454392,0.0
806,56323.8689541866,9781.463059265221,8476454.38001292,256163.4860280732,0.7151023460544645,3985.2339532212864,2.8843356512751646,0.0803211251422872,5.733574599880439,0.3108207938598657,0.0
807,41034856.39299457,4459992.121522,3968169731.1577673,183963391.23813552,0.5758221707920914,3540.895352914815,304.8188482501502,1.5275195243509418,34.436896862962826,0.1650709154813767,0.0
808,167090.41683540915,23831.697310455853,16821628.29232947,691970.7897754377,0.6510599474502199,4118.572512369812,2.9397514057610463,0.1569021670776695,10.006138468635166,0.11072341022786977,0.0
809,5633.781676841548,1297.2418949154376,1147368.1621289256,26261.423411846226,0.4937641694401216,3688.567682440233,1.3612022023025423,1.5188355914215552,33.42622511318809,0.15436931719081626,0.0
810,213523228.08999872,54483456.582715,4892639671.8834095,566604301.3489307,0.7613953773719134,3738.613568316757,20.201821652488256,0.20944432682145156,15.28985031986278,0.18418217561107383,0.0
811,1438513404.1705155,332854040.0357227,65678276235.74817,4461744314.59884,0.7251363135091231,1667.4026211842806,12.531258395073143,0.1542318127804081,11.418552568612288,0.1765842749760212,0.0
812,9952133.538888894,908542.1638210457,1425266310.2163167,51253714.06131124,0.5365704492619823,3270.5696339749884,32.68817552809192,2.1318141472529812,40.04923913165301,0.3864660137407249,0.0
813,49432221.389954254,9877075.105157387,1927359865.392694,156318174.08858258,0.6406651138138878,3950.857982074734,4.440805258181996,0.7947595568931864,19.069759110179742,0.2112886555973338,0.0
814,7664542.759446817,1933974.9524362665,303773526.82892543,22489954.032681797,0.622194389305911,4143.661235143903,2.9689915211490225,0.09210547023475116,6.033678972034588,0.23184362232543254,0.0
815,15409.979727027257,3405.474795622313,2358453.364551681,63446.23181963875,0.6700871557226108,3747.9982763534613,1.7620442609675755,0.09130877983172318,6.511938154983288,0.09516627841926828,0.0
816,9570066.549011257,1351430.0626176987,534741091.7696721,35846776.25640786,0.7362722969272517,3836.760794306327,26.453685859231967,0.1356296059120674,10.101970072812579,0.06414814961155145,0.0
817,6831.248826233661,1198.8088150346107,2080619.5428583995,38725.574675800286,0.7307613618348114,3743.5230765423726,1.1472539779681377,0.0762458167994553,5.6905063590710885,0.31506380030654835,0.0
818,2334484.2774681747,356808.46827107464,153504932.3283938,9108280.91154917,0.7330602986150362,3374.1952222110176,11.253571214427053,0.7972916425393206,19.644067769413823,0.11834331675173748,0.0
819,6036887.026595565,1698472.7623277348,101180877.3991495,14826317.727346554,0.7159346114697993,3726.0641593867963,5.730989803546237,0.10156771404799007,7.337871742212391,0.13319694579516947,0.0
820,25620546.410582297,6315156.710753958,652853789.6026953,70373266.54843773,0.6337927666262956,3642.3311803102097,4.139148088734778,0.11541051447195842,8.279295729011626,0.11640798516671048,0.0
821,3957279.0112552634,460119.60372419405,431107384.756859,18286656.26401949,0.4873596619774645,3414.1523814374946,12.512003195624441,2.1314426533237145,39.86803269735542,0.17535932084791991,0.0
822,70781651.71131204,6440677.325574559,11817508300.265774,377357272.21920407,0.693403122971974,3777.7872009967614,12.944842857511214,0.20552062883565955,14.542763406538807,0.25027534829289805,0.0
823,3964365.5793533856,560843.8120429702,209216444.93834576,14689837.98665474,0.7377745943284961,3585.1227022357252,10.444490674074412,0.0757699855741035,5.502685925298866,0.12094843593713571,0.0
824,9760355.6694961,1666440.7661157362,754816963.0275136,36946204.166254684,0.5640868234362315,3831.05976704315,1.277283917125134,0.044694808275881036,2.8068096448069837,0.26441528338381254,0.0
825,9268.475727841716,5073.512808113035,1371483.511360647,32651.5206973579,0.49226676211145304,3643.9493379834075,2.316504930514072,1.5299594159018797,34.63875649540326,0.19708204577693814,0.0
826,844.0687125803297,45.449771488895934,462580.87230018154,6535.563003848313,0.09572646059465854,3970.4313994986865,0.8382620056828883,4.151640719505038,71.4408377065353,0.2568760866682954,0.0
827,2964832.8643326582,379449.107178244,295257857.5898035,13167147.25121017,0.5729073576177744,3451.399313794782,21.259770959589044,2.157013626394901,41.946475570925614,0.1557967992065391,0.0
828,22070428.170194205,1577427.0062619206,7198075223.138512,146037492.43938974,0.6519478536926091,3532.270719329539,58.99844385753842,0.807833452079598,20.35272301771307,0.46363381142769805,0.0
829,11729.880651284859,2099.918158653629,2302691.422938168,56654.932967881046,0.6711715308038125,3775.029065004368,1.3392888674750147,0.10035723110469048,7.240783117396321,0.11572688230101821,0.0
830,8662394.622663893,2236376.748247598,136620998.82776508,21388867.501391888,0.5434802032494396,3634.973316711702,8.722629796396884,1.511755029953515,33.38447123239159,0.059468581413076635,0.0
831,105857180.25052124,24158266.59865491,4131880426.234849,321822105.0873067,0.583662227691038,3487.1358068019777,28.73138475965727,0.8251601023137362,21.829152446553614,0.1875246334580432,0.0
832,36564468.98990345,8055021.378225582,2529679716.3136,125963948.8321493,0.7122879237255394,3100.247427849363,62.15418103521038,0.09590122432901094,6.8636545480637325,0.27563907037521496,0.0
833,230931.38043017726,120152.0086161877,10357804.069959167,631711.6018330313,0.6491839516425603,3487.692996355183,1.8791103365713453,0.05895593193348336,4.382693453031959,0.20169623874555243,0.0
834,33785162.340343,5998085.193403693,1856238557.020184,121223776.38674287,0.6618717978041285,3801.313402134279,5.521642546868055,0.13878086666731732,9.80895749051897,0.0625299864921348,0.0
835,4310392.919164341,999597.0889248038,172487308.19638973,13596205.690898214,0.6864938859121656,3551.298720955084,4.4148741582195745,0.11305899664330443,8.43855208471518,0.13654782870261997,0.0
836,4466.9670926354465,502.54602332612893,1221258.9332378004,25778.142606942303,0.0914439677877205,3646.077937072753,1.0029506821426475,5.48373619923875,91.92614364486658,0.559060504300866,0.0
837,14314176.857523402,5844292.050226515,97259932.69556166,26123682.64083033,0.6896016592661345,3606.9728258949485,4.769627301693035,0.1431441363500859,10.084865232974625,0.2620075842533753,0.0
838,3213226.202573722,394710.8528046516,471669989.40881604,15990268.687305588,0.6440580264983764,3635.232880404945,10.099059548221943,0.7518268466550555,16.21671342180557,0.30564057196880956,0.0
839,5136859.041562557,492433.29321097926,578340338.0963807,24621510.354175374,0.46395770272994996,3534.5913875858587,33.20960944708306,2.2175140972291265,46.37620063848476,0.13129250089059666,0.0
840,1473309.282904699,307801.0171888339,142063825.4767522,5995873.741069449,0.657294495052103,3800.4410018489652,2.02747106561553,0.13845846846471552,9.318928625304261,0.22869645911630754,0.0
841,59559193.004554644,17484527.076570902,4033258973.2068253,199918246.694488,0.6512439208598084,4203.769077874007,4.185487901088211,0.11109070392385342,7.335355414861434,0.05059210937942769,0.0
842,1866.7627583860594,668.2275255640792,640294.3035535178,9949.659008779252,0.3010551501801094,3686.811876228465,0.9009414205824281,3.478987616560744,61.262538572250264,0.36103408293718425,0.0
843,21077.446364381274,7187.435155388366,2017607.5035771518,74065.62362106147,0.07303317519673141,3571.9638917107027,3.318068013332388,5.47296334876197,91.32439338699173,0.35552805720125547,0.0
844,14692027.760423759,6135450.043095613,444910844.47423697,36826508.127622,0.5953132298241739,3803.4857873624746,2.4613001470749194,0.163520446369876,11.113179546976372,0.04211079595229544,0.0
845,8295.718355608244,1039.4568500899243,1904882.041408354,42822.86489818095,0.7235676101582782,4149.447016113985,1.4031866585974009,0.0704884510513831,5.028125134064661,0.47975192975193504,0.0
846,57985273.092732154,10794430.31665358,2115052751.0894687,186597152.5353344,0.685237631919415,3579.3062933387714,29.359388312850882,0.09832952886002548,6.932620932996576,0.18657614996718166,0.0
847,178245455.1266287,49630405.57668956,6249568100.038584,486748299.0967412,0.6793844453173212,3124.74838895198,43.49100720974249,0.11928761899666522,8.699703656215215,0.2545533461117672,0.0
848,17249353.19208004,4481866.3513459535,1518002339.8435206,66738914.06100799,0.6494562925014418,3738.7737056686647,84.25948402503307,0.22002257397510885,15.382131942406014,0.16527178915659932,0.0
849,1789245.3067435597,236573.49279335374,189712614.74559548,7913364.90181867,0.2988884365432409,3581.2508480989563,7.226826349542003,4.120858640803648,69.45359197909993,0.05017156722171741,0.0
850,1360035.3799211443,198625.2698809419,157470676.8298197,5973405.552682067,0.6541279545702533,4317.948666899807,3.826363635296885,0.1196485205443322,8.304019207454235,0.2776563203906305,0.0
851,81243.89982135486,8873.642626800985,10635666.854601646,381627.5293689304,0.7393438552197613,3934.800914228692,2.447130056644773,0.2300517647632862,16.065524188621715,0.3350885443528351,0.0
852,47466493.2802858,8441344.000830263,3051336886.9905043,178609875.76475993,0.7183434207863613,3589.4066207218248,16.254078506341465,0.09844462811579006,7.35291698916635,0.27030697914138746,0.0
853,12745717.660699364,958437.7236682881,2397416079.1407695,72754564.85837482,0.7574505528849438,3884.988652676125,11.42967934481091,0.08331773524439434,6.12247975670828,0.1946302488320582,0.0
854,6613867.941660826,670567.7708727568,654709063.0493,30568666.286014855,0.6418946533338196,3669.058789751509,5.436895740816525,0.7649920311775167,17.262572729013733,0.13295704972406105,0.0
855,4517.481649365506,753.2729515669987,1482376.3500905572,27185.081283563435,0.6078778691724979,3988.425217567926,1.0587826552887083,0.7892972708341797,18.204917164487494,0.5020113592696513,0.0
856,1029.7860424360947,115.958630381066,509243.694464628,7278.333943448553,0.08154223012647599,3911.842042606234,0.4676994907823998,5.461592067559619,90.26389605165079,0.36361830311691123,0.0
857,55803002.123458624,7851511.748332742,3225665148.1457386,211075361.52232426,0.7609201394429073,3660.9624706796976,349.8679811692798,0.1758241167761546,12.990169915825556,0.16597068354579247,0.0
858,5617950.505276582,794604.6611220046,517207292.4688018,23893186.915776573,0.6920335673885665,3722.0049295444423,11.637643820074999,0.13801651121691155,9.448945999049686,0.18092286895846668,0.0
859,40465.06412149471,10223.014421171794,3712717.5175687573,137086.08394743217,0.6853250583169067,3669.8277261032135,2.89687121027788,0.10038014035615453,6.913884908023034,0.14304523665774385,0.0
860,137358523.04948187,38879991.66102816,6283622962.956704,387902279.44215417,0.6367821246444985,3524.3560939332347,25.332280609480925,0.06465446655589195,4.12967516098829,0.3200340489094492,0.0
861,299823467.8038418,98299450.92914401,5350156508.798814,682132396.5420923,0.6741526440577249,2774.8976040965354,11.486003056147462,0.09802303682578986,6.937925843595183,0.15120174109874499,0.0
862,20959.65627811976,4868.599153623142,3347483.031081238,90693.27557356014,0.6870895299590909,3560.654864737009,1.770120194962958,0.16261765314228072,11.19911591262982,0.11728295176807016,0.0
863,30784686.54491675,3637102.4702489385,3601683745.257085,142559202.16930726,0.6432900730142525,4106.390106492766,5.768770681872905,0.10148874214465194,7.102049201456218,0.05906635390934997,0.0
864,19951153.75711703,2432678.1827929756,2264061166.2587066,92894368.8361779,0.6723751584230312,3763.2959900658466,4.577644820939836,0.08533873905628342,5.949562896870036,0.18533368062443606,0.0
865,5478.337788619562,949.798606732936,1191154.5282475066,27200.36691199629,0.09271581544455405,3785.193616348847,1.9566342817523141,5.454757055615272,90.02171449831226,0.2675551471886187,0.0
866,54730032.959076904,31962984.291612644,2245617909.0991755,146974909.83747816,0.6229678762537276,3726.915976869374,5.992734719201594,0.11471009168052718,8.026874421028467,0.10003260393131927,0.0
867,6337.117728361686,1024.551921192168,1652116.505996837,34294.61319086656,0.6423052689704293,4077.659345312124,0.5257182977201782,0.06909102865294034,4.973834585247869,0.4344814882582502,0.0
868,890808.2043777928,255077.18848549816,17014157.28844457,2116387.464212624,0.5988968753034425,3895.2342971029493,2.2392155501216537,0.8014389773064081,19.756774907423903,0.08474034156158185,0.0
869,16873610.05652719,1223152.0228806876,3669477804.9611216,100102501.49253638,0.6424749919172253,4281.393699007726,11.933205175307602,0.07630592899406397,5.314947965878355,0.21561264625555412,0.0
870,54716.91132005933,25047.82665750561,1642592.4044297333,115287.25753331526,0.4621145017976712,3650.325348619466,2.6403242609933004,1.481299392390803,31.11762674573231,0.2769206768761544,0.0
871,281177.552797682,41494.84763971435,23010269.261822477,1139749.3270479988,0.6634265390439669,3463.6246376648255,3.8865284553615957,0.13113566444970096,9.39854697356036,0.196269290359917,0.0
872,7267074.334454874,802580.0156238899,962827393.1753242,34328421.49733799,0.46880733241489797,3507.3193168015505,21.92652264069571,1.4916275873421683,31.73813515342568,0.16717707130668996,0.0
873,14444.483860856819,1376.304206179253,3826637.10804326,83738.2232250649,0.6746807798828425,4182.037874546137,1.582521529239505,0.7383270626032583,15.293998107280277,0.18448821646453734,0.0
874,279661418.0262388,20518586.160175383,59817657904.61601,1652611670.3431573,0.6301166520935586,3825.7624259619056,18.783970222464216,0.09003231911821023,6.64716381516201,0.19016174978047157,0.0
875,6729.247061268639,567.3556047409056,1714309.261168347,39374.58553607126,0.41929444136413807,4024.8914090771937,1.33750926921512,1.5223367187007613,33.63582233784067,0.3630237781364986,0.0
876,15037444.189729283,2849019.989896361,1175233933.6767454,57631074.32619475,0.47149261375024454,4097.3894190423825,19.598891460448286,1.5883825266506353,37.86120900501669,0.20530754809432472,0.0
877,2462226.0888556,508460.7441197088,130960942.59824571,8200995.22390994,0.6406877147650528,3521.762044963216,2.7450541295465762,0.05770287097394622,4.327346896984357,0.05379775036310982,0.0
878,6890.510223577838,1211.8435917561528,1534770.2544432955,34323.828906357696,0.5296745956163496,3978.408200458467,1.4725343766112624,1.499531320564347,32.30029715693702,0.23126328363327836,0.0
879,10880564.124997804,2525796.3489130693,320069851.3656219,32090281.11954847,0.6881487334501684,3409.7730836866167,7.868982149580975,0.08187210609203097,5.99469767064609,0.12674586336022586,0.0
880,183916972.9465906,35395716.685969114,8421236646.818178,593223528.0666082,0.5863847385309244,3809.1972561352713,28.2309733004899,0.7980181943145954,19.6709597654967,0.19435229980610533,0.0
881,5055632.68267977,470110.0444228731,918451801.3917948,27239090.97367791,0.44965845899581236,3700.005916507409,5.528168117939619,2.1317128470537017,39.98002434022142,0.30192934986711334,0.0
882,1099.2082325903095,217.71577041365313,511981.2841866819,7164.524030189973,0.22174689733932035,3891.515872985459,0.6714931531211668,4.1526150435443485,71.58947774000617,0.34048980943878837,0.0
883,8403946.628024112,1779241.4681526008,859922786.5937052,34727563.706781246,0.7312593180503436,4051.3456129241567,3.6284834739530134,0.1490429831170399,10.038175579618505,0.3344866603579197,0.0
884,186676928.3197679,71221247.38155672,3245567697.9648876,409222391.6709465,0.6548490293462949,3463.0350615598563,6.975806560098945,0.7165247069555664,13.874638155170018,0.13273812170680896,0.0
885,25067899.748117674,2955888.6448901882,3659261255.7265997,124239022.56434357,0.6928653397663349,3752.2801195164393,19.789754333952825,0.139453190977314,9.44186145413708,0.374072085178459,0.0
886,55873064.13580568,11180350.957107646,2331304706.343915,173763611.28976303,0.7652369666415154,3960.265429346123,167.2827909565118,0.24091044015768343,16.492260388300252,0.23036173910783586,0.0
887,25610958.418490276,1957951.5669465824,5001893903.617669,146913994.37408778,0.4769716756393624,3909.684700275885,22.92207794517635,1.559883903750009,36.351821151128746,0.10099711627833624,0.0
888,3250131.35433324,537763.0204558524,147873789.97993314,11200289.798723537,0.816812630047302,3088.1020615292136,37.19276898146742,0.10123242780630388,7.362036767753631,0.13144245335774993,0.0
889,79926456.3350267,9776543.432840174,6706747080.304451,340668927.7399904,0.6836431258518638,3656.8160050331794,5.9467922652913625,0.08925825706738273,6.546901109277019,0.2699003700769746,0.0
890,29904350.95275853,5904914.727896191,1543970695.1068769,105299679.03364451,0.6719758069399727,3832.736654452975,6.935198541538165,0.7440966038448793,15.894809451498014,0.12594269208270115,0.0
891,16091909.350699905,1920038.3806050308,2981788257.6019535,85988720.6514675,0.5003650893282731,2924.7075759368,123.79705314805445,1.595132363078489,39.116637476988764,0.23746582745354863,0.0
892,11783530.38067287,902137.286445752,2532671688.9086823,69245996.71885864,0.7050353390494237,3346.622487362083,14.994875915825002,0.8021749670703396,19.897596706317433,0.2681824396101755,0.0
893,12731.795143166659,3431.931268109924,2427800.609937041,56760.49885062883,0.6955619849300978,3245.1258889106757,5.00675188065354,0.21380459524560314,15.668262179357944,0.3515090581710254,0.0
894,700655264.3226563,210660892.59411067,18867464455.7794,1844799006.1840992,0.6791397800057979,1763.0024503494717,12.758116592937405,0.10065979809302847,7.05679011485457,0.09881712263458822,0.0
895,1856918.327578333,463086.5456150941,75467579.92912993,5731953.117716359,0.7681475176162942,2866.5066148475653,16.70931082795608,0.8138932391363849,20.7907914780322,0.15060211333016343,0.0
896,1511679.2901423264,514008.77810028207,31612932.660917927,3525888.4789797002,0.6555547829918209,3867.5427014262195,3.893806738445348,0.11526544361130657,8.310351318581937,0.04462252883723231,0.0
897,13406.097994139363,5078.8163845982,1606554.749473378,45424.42792596905,0.09348060915949465,3575.9965590307943,2.9069994745911028,5.470911773313935,91.27183530816993,0.40609398476122804,0.0
898,11678374.63168003,835119.9488086957,2537343260.9298654,69548854.64451559,0.6523245772808045,3123.3385258468124,30.747980487241374,0.21699901153023501,15.618155204460118,0.22213487985303604,0.0
899,38839710.27635012,6323784.437344944,1548014014.0663753,130725867.06723516,0.5789253899123814,4013.7791467450124,6.397458653348757,0.10860265272031536,7.48636215225695,0.09572940122872532,0.0
900,39470.61640082382,6270.631118533631,6735870.40014196,190198.34331530542,0.715313436139611,3829.0106567943863,1.7128665825480096,0.04901810979565511,3.41214693326188,0.21809112205256906,0.0
901,222237229.92448443,57630621.072465934,10954891032.739716,683530012.6793277,0.7281832345776872,3069.896272531695,132.75537412487444,0.10952807942393265,7.922799848750299,0.2299884678232073,0.0
902,6974990.973018887,578271.3130205735,1129014350.6754978,37687289.34521325,0.7530948181291728,3738.0848780601755,7.966688979703495,0.060072696292037354,4.287060840190141,0.3921823031997698,0.0
903,10012296.06029899,1135138.4101726073,1368723449.3462212,49349246.694864914,0.23077637879082102,3365.6727204442395,23.266394952022953,3.511319132954532,63.69898365673026,0.09653004487928715,0.0
904,2862.16497979021,197.3615372282624,1451934.2912396903,21156.682928228918,0.5098591543681956,3868.6077432255097,1.4271650472180168,1.5077141403251133,32.79359261769684,0.4248937921018516,0.0
905,9835880.355823409,926763.3153704824,1334574658.6671383,49776884.33516146,0.7452277506169124,2942.8285022608115,49.25343723513833,0.25477168832925107,17.61682218810225,0.23902681052943078,0.0
906,8995.148344203491,2037.3427032733605,1593500.0442132386,40301.4585272956,0.6544683743103062,3374.550437448458,0.522970139895572,0.0228327679530576,1.4450088949181648,0.1648109576505063,0.0
907,9634.854767266414,4959.744078483494,1311574.6080197995,31917.538430797616,0.658782918392571,3363.6118772344917,2.013008387683087,0.17961306687962297,12.785725677595995,0.1315615101634607,0.0
908,1157980.5800514058,126045.05311569376,117755140.47969067,5277752.764333623,0.770233811432882,3863.565892925157,7.277480898519973,0.08322322579564068,6.373609175943497,0.11428166323584175,0.0
909,3365169.393787799,688042.5193294624,147489220.4131414,11192783.507283747,0.7940987277700915,2850.999491066663,80.19682719264462,0.15904317562065443,11.143499393084273,0.4105227152722812,0.0
910,13548432.85755678,2352886.9761695527,842907281.5804744,49191817.416252926,0.7080212047113836,3470.0865369712956,14.741078275045943,0.14494552640010722,10.573759977575445,0.1476968480596345,0.0
911,43439868.266588084,7014277.808916937,3986643312.349537,184446032.7334148,0.6871912499870418,3767.275092747019,2.214830426990568,0.07825560554246173,5.454694661745013,0.2211451847344732,0.0
912,74781933.77993566,11137669.681200624,6416669893.987419,310922525.13281804,0.6714272885614622,4189.941505405213,11.294816024897981,0.14880187521488306,10.721093809687094,0.1911445884280303,0.0
913,857974.1085403811,401024.8464106882,42175156.68816303,2238979.1391858575,0.759496085088084,3550.534097026594,8.18784374476899,0.09960551246317788,6.749662321858774,0.13290086854138522,0.0
914,2384666.629317383,647767.098349255,83785840.66857292,6883958.758052374,0.7158072755565861,3378.680998090861,11.030660115974218,0.11008865028334905,8.00672560862899,0.0738247152180766,0.0
915,157143.85694495527,36383.156925673116,18678281.51476474,650903.6382578912,0.7192881829980644,3563.0194472651747,4.49478516078239,0.028528701095316578,2.0458404087388344,0.14488793067224548,0.0
916,12504451.864103675,1390200.5242910064,1425730349.4135313,58864869.17576502,0.6864208445046738,3756.5510721238657,43.56099791869187,0.08555563169935967,6.056996550228847,0.15185428693880312,0.0
917,13232831.600492015,938354.7098195717,2759672049.0992665,78201176.64500827,0.742170362115868,3856.6868943784884,6.3427401661791025,0.17469750442851764,12.927585237719182,0.2138685692930978,0.0
918,8253.746461169223,1525.2178490636368,1906795.2072002448,40878.10234527379,0.6185031906821168,3627.354638243192,1.018361612888682,0.777874346837651,18.06533313839975,0.13449973472701424,0.0
919,104223.29427073502,77104.27387644589,5975606.5708900215,263802.3232732607,0.6782229287858884,3744.67886965094,2.4656144565963958,0.7874919401520396,18.863086470505955,0.2691238257976144,0.0
920,5723144.099096934,824960.9819719828,639491574.211503,24785052.302744146,0.486180835131856,3411.10088357899,32.83021526843254,1.5229497820669726,34.22592521839569,0.1000784336048965,0.0
921,85130.9049012146,78197.63936935425,2431948.1942164665,128035.45186842438,0.6526716726783472,3683.4474435320453,2.601441250107511,0.690908653629996,11.924942708862234,0.029098858504740283,0.0
922,1910.0300302736773,243.3018617836945,1033038.5555887421,14057.884957218219,0.6303999873503281,3957.3348918187166,0.6757012663382213,0.11218102999518713,8.15754769684301,0.2895739607856092,0.0
923,7491.777686838398,1344.0477803845426,2220176.678153254,42061.751568022046,0.6549038070873889,3490.771994096358,1.1686183158746284,0.049150944381465944,3.5683406661565202,0.11067993462615568,0.0
924,12022183.965666816,1371590.7048637257,1391783602.9315777,55924203.181701764,0.09404585084853195,4156.200123948081,3.5425746404977705,5.397167645849766,86.14902234614362,0.25627626137765513,0.0
925,301634.5136612102,42819.08761174193,37436649.74147718,1341933.847660064,0.7187308542579773,3993.7213079315834,3.272864726996962,0.08686571941829727,5.5241707084411145,0.21751922320946424,0.0
926,36548744.10248724,7548932.58187491,3147656501.248464,146165129.33601704,0.6571821516908763,3938.555055098473,6.023092399695895,0.06608783522374803,4.832038919994849,0.18115017806287223,0.0
927,3996.2305151018095,384.52544100024335,1059689.1899566764,22616.848420891627,0.36463884181225026,4246.727754357918,0.8907110937991011,2.7909696514792826,49.54358883588122,0.2292364066108483,0.0
928,14372993.024217224,1019699.087407149,3359791502.12856,87273632.57847221,0.7426338444250226,3603.906852442583,90.1337568700009,0.15831538252168045,11.131916571317023,0.24534495845558454,0.0
929,1419840.656518179,92193.92347197421,475872728.4872619,9593481.898914572,0.6683304475497998,4242.521941521633,3.1082258239183105,0.15233378981194035,11.01371901930551,0.333845249640612,0.0
930,2174.9450103754934,198.09341265267307,712698.7301440338,13234.297946561372,0.41054553619408446,4091.1438282861263,0.9638041114089111,1.5114599444588803,33.14366730556752,0.4894520221884656,0.0
931,6644503.63404567,2134174.218747764,155820360.6300585,15198761.255269906,0.7175500534534531,3472.2665960716236,10.527144588594833,0.07249037285059315,5.455571459637872,0.3459670068445197,0.0
932,2974254.767603332,720260.4258824966,244107081.0859603,10730213.863880415,0.5720362187859207,3996.3330601343164,2.3025881982428626,0.07956965895511905,5.442255552229653,0.1744695722696878,0.0
933,4947.402972996888,1315.111336196512,1281772.5352931826,24505.083053198865,0.6585655431193393,3559.929789477481,0.6812158228884044,0.054655581631763185,4.020167079832893,0.387626746659431,0.0
934,589279388.2914226,184812980.42981917,7970238257.627126,1321935923.6601634,0.7668768835238196,2448.7805113690765,13.123195711540859,0.08492610146457764,6.225326926380228,0.38435488322287004,0.0
935,10061770.90078946,837484.049784364,1503309161.5741296,53221344.33375381,0.6796787478552482,3904.6766177924546,5.926133373753024,0.06586035994379058,4.882880487427803,0.21509191868669833,0.0
936,3688463844.135993,985670601.0302658,54736748392.314156,8911307552.469313,0.7755460518310195,456.4758224592965,22.43242971995698,0.11775892036197586,8.404139506402654,0.19047509944113739,0.0
937,7508.093640064578,2005.8423654420542,2004586.0433035218,39611.15593661712,0.7337345487249765,3669.6242142729625,1.6130633767525637,0.08473900671107985,5.989960076595158,0.38700092846476153,0.0
938,105090.71788884191,13611.540854974173,9809416.082866335,433166.9542239682,0.5403331530599214,3961.9997282634777,2.4644073406913174,0.7989432314267394,19.35108643565644,0.5793446885751791,0.0
939,4351447.575767278,1119131.7027863315,187989880.16818172,13361814.722100122,0.7475614552741676,3962.698017251004,5.054854664237006,0.1591772118541363,11.737542681464252,0.30969518712998667,0.0
940,6737982.602247313,734097.0103902759,771609893.7709852,31912022.413433082,0.7239145026927782,3221.1846097415223,51.74025798816952,0.8417125331547493,22.446416883241433,0.19718031251959214,0.0
941,33338777.539164465,2829920.8149347594,5673363765.959555,181149777.58320618,0.7142083197015684,3845.7723608255465,7.715148071001353,0.18193918712186702,12.369931952983274,0.18055065164131262,0.0
942,10744515.793305682,867197.370259976,3123927153.4004755,69016307.4466037,0.7376157305209827,3048.711120709547,15.491715628655285,0.1875567839082204,13.665687326784752,0.28160687753876434,0.0
943,3789.5172839052293,469.131772387684,1439327.3177433452,24385.554361999668,0.6159479507135945,3759.544752476614,0.9676110892811384,0.13628378543989078,9.578683842020899,0.4181118359307643,0.0
944,15540198.964027733,1075942.9599894397,3332254017.480521,92738373.33316472,0.684208006329531,4026.251976277538,20.02034224747215,0.06403277390274384,4.308292863908591,0.21226076024582335,0.0
945,8182821.273244594,1178038.755741329,515784047.02661496,31413086.916292567,0.6765065917741024,3706.768623561122,6.356879319715835,0.09071151840943212,6.612596994114694,0.21630833532770968,0.0
946,29435314.230782665,4238223.403217118,2816857539.196746,124185359.14893818,0.701434700050827,3742.1661150375558,107.82361043966522,0.2810240952280759,19.390308044845245,0.26812930175547084,0.0
947,778006.4341585906,139327.36483354564,49603692.478143916,2885158.955596199,0.5926230316645429,3944.010289001454,2.242941984205472,0.15052940664352804,10.396848807101081,0.15182750079187046,0.0
948,844403.7238323411,50839.461083438,338477556.80273527,6019444.613961378,0.478059319096792,3699.4727457304557,3.257439883314161,2.172779166204812,42.986748627881575,0.4555169503846213,0.0
949,987854.3280492636,89816.4916456274,161956969.90956843,5227539.064843983,0.7101740581001574,3405.7112213063238,9.093558238019954,0.12291922567155353,8.89751344243432,0.3627980957351255,0.0
950,2129.523340554232,483.706504462002,679865.7566135925,11741.008670405005,0.303197173825642,3527.139214357074,1.1513026340660886,3.4900233243809757,62.27313953386128,0.20603474569583438,0.0
951,13791339.31637997,1492571.95725672,1379241472.2600985,62857991.63132624,0.6290550495034848,3997.228747853357,4.663289549407105,0.16161842710505772,11.392263678376114,0.19791990459307668,0.0
952,1948119.4837556754,849530.2999852234,18718542.450246703,3632809.1896179714,0.0905628096222445,3814.3990683002567,2.5160673357567616,5.355115226469719,83.13774960601468,0.37666345901083137,0.0
953,20990557.549511638,4069028.8049549535,2914747528.8190103,90530495.79009405,0.7501968396739669,3315.019394052946,37.641234579967914,0.07500022089861424,5.31101248947877,0.3628186319742507,0.0
954,7465.694798224719,1235.6097132015884,1522318.5890230807,37301.77975150674,0.09897186029825521,3797.1953226672167,2.44293745318297,5.5015975329111635,93.29571102161827,0.2699148877212919,0.0
955,3151581.3075709315,469963.1475134436,544488171.3103541,14941830.630199676,0.5824701041047893,3138.5643080041327,11.514920515854696,2.269507473336046,50.05257975101534,0.34208066273209636,0.0
956,3829543.1866396978,455384.950898602,340099319.3525857,16640071.657348376,0.7146264838933973,3461.9247534687656,37.31860681619453,0.14617460616090455,10.856844456219177,0.2243322222726198,0.0
957,78652569.23959918,14214417.290129805,3457786635.567289,268791316.60048854,0.742426464822637,3893.3590944115904,9.107566272128857,0.11604148743803329,8.253992428715724,0.09220836399496316,0.0
958,4680.281361223273,3353.3568338166906,612875.2598468043,13536.941343088616,0.28997352735276716,4052.814805234505,0.9521382576721297,4.079660561426333,66.6487125867967,0.4335929089392546,0.0
959,9862.394095109219,3185.3477398929595,1821069.6920491955,40588.465210861155,0.7209897789854854,3745.166212972247,1.8230450906885542,0.12972012162398228,8.750333132298724,0.2071488831432664,0.0
960,3269.836243700088,688.3526376979111,1034528.6600804363,18312.37321077658,0.657402481913238,3527.481840869228,0.5299144161043381,0.10621817710309545,7.5876760821855,0.2977310975751217,0.0
961,9573.542444408531,913.8667287570655,1918133.0798200264,51430.31041041678,0.385870725633369,4025.908982023144,1.4511522374570909,1.5257377803500873,34.253505488967306,0.6638744050953442,0.0
962,1097054148.6705482,324895557.41586006,41202148052.46532,3121015167.482408,0.7696743411986641,1699.233823490948,212.8772203834035,0.18316518610202442,12.638725961052948,0.08087448644990386,0.0
963,3918588.461621858,390049.4182619473,402923193.1660536,18257018.01351284,0.2946699153021963,3476.3737142948444,2.554231463891744,3.5059018638764976,63.05470162788713,0.20343586819714932,0.0
964,1509182.5535371122,366351.26807822246,32812026.695299916,4035610.0591842392,0.5455856988420326,3037.1071344822903,5.252951961567357,2.188675445181797,44.2721278829804,0.23742120439214143,0.0
965,15936793.258397663,1000681.4500811569,5006567158.583091,106711820.98928471,0.7628482495518496,3708.3026110479605,22.64598804833779,0.18388985371515157,13.224812414757796,0.3379172549377162,0.0
966,19397.362095267144,13471.453582310443,1835283.8053297312,53716.009191786536,0.7413198330103141,3646.557881079034,1.5295059489653553,0.11121100105899737,7.975433667770824,0.36871436377383504,0.0
967,257392402.29018316,74640167.10506135,4428104266.110014,626050145.156708,0.754917620055759,2763.4212139193714,114.88663065415037,0.8059146022570609,20.324315374998474,0.3451670344894919,0.0
968,2337407.004320372,211857.53488411164,472286049.80485857,13103317.942997415,0.6213727012161939,4417.979385603219,2.4221010534334146,0.0876429283828812,5.7269975432348375,0.24991189767730845,0.0
969,2770154.47283305,344209.1367503491,467640471.4922303,13792410.34400482,0.730976460763032,3449.0233926130963,12.426638240124136,0.18718122708917306,13.640752149692588,0.3473896053221542,0.0
970,113160199.34455729,24339481.39759388,5331368875.765017,382122507.1828034,0.7199926948073407,3674.138914302429,8.35075851400968,0.10259440097284803,7.434641937844978,0.052623433496050726,0.0
971,4304648.669666968,495597.7556833729,484243885.1205624,20114152.115739614,0.4526565448327628,2696.8085498936643,71.54783430803474,2.1802368862137973,43.37055322095715,0.19750088814612887,0.0
972,15095.90773139844,1682.7885095202419,3515745.971860449,81292.27265741827,0.6449807483089609,3579.3287785663792,1.2689838592111464,0.09626014963367391,6.209275677783772,0.30914567799648185,0.0
973,6792543.527115183,6126492.296190683,41811532.023329705,8945413.618341299,0.7379049195508232,3506.3220295301126,6.126265703461079,0.08821708275955809,6.004183329634583,0.31806933403068577,0.0
974,525927.2977101215,233803.05755045445,5024867.415536662,927193.9044884365,0.7370615711710568,3768.6249136294964,6.324981763065657,0.13032052190074178,9.471085072160692,0.4008243209019963,0.0
975,851623.0608467826,159226.37242182187,28302060.70198027,2637432.536045116,0.6595490538460558,3760.057967052843,2.501826690291227,0.15071783288119364,10.690198534757421,0.37749315444177994,0.0
976,21904.29532420802,3644.328067390708,3941639.1157970754,108703.76664317073,0.6522624060270228,3631.171836655348,1.3604847147984342,0.09620708455143126,6.902789512061067,0.23637838420016064,0.0
977,988475942.6717768,162932921.5615818,72315190195.60483,3836235330.4161234,0.6415865020444289,1945.8022474944555,17.002535878885485,0.8648095639964698,23.24035807743461,0.14021727186093488,0.0
978,9004782.010014703,2945093.054974459,398047185.5837266,27557438.38829125,0.6068428135346304,3817.44943485516,4.145424297259361,0.7717817025747676,17.815805265620885,0.15846240287244387,0.0
979,15257.936401136312,3702.521521174196,2426483.14261712,64190.83899817256,0.6737138558885355,3484.454206551007,1.3457539115463844,0.11922484331247256,8.353366246424988,0.5999092178733125,0.0
980,75583185.37350854,13559233.982983813,3202248938.787435,252492327.1729021,0.6348810501079788,3713.0262591780674,5.683144032164962,0.08019669094125473,5.851849786287573,0.060780996981159456,0.0
981,6615.363375985842,1676.6960043044674,1598443.0543192541,32285.48357256427,0.603427540661102,4010.4837972359987,1.1631444098466175,0.7584376369583343,16.42131728979038,0.35494111959909463,0.0
982,15544751.36810809,2242928.19702617,1644115465.5502465,69189991.59898902,0.08638059990837402,4297.028018779216,3.531929044167495,5.424066814203188,87.35237319328526,0.22358240236321306,0.0
983,38628365.648214385,7987545.020763643,1688624054.2681937,126028896.24787149,0.7277253101449435,3533.13057381818,8.833156071965982,0.0758582888221289,5.409053107891191,0.2505036945805066,0.0
984,8910010.275847286,3665633.082154139,68425527.75043133,16527768.615355691,0.745338319867165,3338.451215841452,31.060232808256202,0.10406110570416179,7.449172564784158,0.17367965936908616,0.0
985,3921631.579352209,278278.61070780153,798472265.146014,22938818.239237454,0.4420008105447274,3683.2462429330167,37.99491224384122,2.2305767585983443,47.252025073148126,0.21872045285266636,0.0
986,37989766.60409091,4354795.784699647,3914752180.778267,172588655.60967755,0.691643099927939,3734.6869675359194,5.983191089843161,0.16617055655463986,11.751887180854226,0.14624110190501463,0.0
987,6662.817325728252,1407.4344061154875,1874319.0167993493,35244.28707827143,0.6705390696946321,3651.453572986577,0.8642651590119369,0.06868045207568674,5.0786144045734956,0.5506304343927902,0.0
988,40949516.60072757,8892265.089808496,1118313426.2147655,120043728.22911191,0.7271990796231494,3711.491970002339,7.456638870306644,0.10972228215649338,7.946263643781665,0.15671806872017982,0.0
989,4404670533.119093,389594161.6913768,807825182448.5193,23987286797.297737,0.5494464931674763,1394.2590352134264,5.37153050142948,0.10085726909600652,7.167514763667432,0.013674060406773506,0.0
990,33164125.07428385,16655579.313359266,1455437341.6541305,93502158.36700425,0.6648075908652133,4076.770332314072,3.468149342102498,0.11249409184276979,8.152148093700593,0.09025064547763897,0.0
991,17371848.146996934,5005488.330077365,256180538.22205815,40408984.819492325,0.7810206214486635,3990.990381595848,4.851270488520457,0.09647072936738424,7.1598203528921545,0.2325026436314709,0.0
992,32336788.300614007,7132354.550205896,1559059574.3565652,108613492.78700688,0.6042001298288697,3706.2791799833662,3.0647019299306035,0.10831392967208728,7.497657033164605,0.16622678993886533,0.0
993,33464932.02854063,7342485.554818079,987030376.7139428,98649661.15190321,0.7145386484316745,4075.251505313464,4.346876781729708,0.12362128463001625,8.114481353932076,0.07549003577658317,0.0
994,64091966.29517321,7005776.087530108,6103272687.121488,288849032.7573138,0.6897751099483738,3456.2437177289194,13.835054658855292,0.17061784766952998,11.812582240968212,0.32126374307628514,0.0
995,2692087.141139434,789622.7473042997,70184561.095166,6864427.04975008,0.596958899608472,3878.8032945439827,3.016590145135418,0.12048791205142617,8.038171461723294,0.1445717802397788,0.0
996,15034127.18163177,2475855.502895495,3796269296.1492143,85133625.80801067,0.7181547450841008,3900.7521988616745,13.627692668008821,0.15209315326738046,10.821064690499705,0.3723431252417583,0.0
997,9332249.297716256,2548694.2506896066,352539964.3934617,27445170.92469851,0.0859999476881969,3985.861486910143,4.290873448613529,5.475440735069987,91.20972547795392,0.16855141179426789,0.0
998,30806397.84915905,4214137.717371934,5416384742.1094,152614522.08282548,0.7025261155988447,3048.7079723707743,116.30441379031895,0.1567405940960202,11.028255477424453,0.2885465409738924,0.0
999,4555.130861502259,2179.5914166147327,1019142.3158941265,19313.720647306727,0.5333877924757136,3411.3009731931284,1.600921133567699,1.5142717321759551,33.3710493239077,0.5451739078635746,0.0
0,2829.1145781204186,351.7740571903872,1153011.6595658795,18306.47663982637,0.6892669768778321,3826.0274445836603,0.7519835773870853,0.1154169602238662,8.038623705641921,0.04024108282426169,0.0
1,3827236720.264734,1055082255.1012805,70240824258.18767,9353075390.77084,0.6880307734721157,769.4872922614226,138.38202396544875,0.7952680706522115,19.68429495816642,0.0722686003585896,0.0
2,1940521.6285839796,495083.48337433534,57435391.30703757,5461724.313337085,0.6162143904147164,4095.2048136390713,2.701901923740561,0.11811083151591503,8.61010025315168,0.048799546075576565,0.0
3,147103365.79669178,80197436.10149255,7270674628.203097,398830626.09766275,0.6739255631488634,3695.538033888579,7.9610501450086355,0.21478561243707892,14.521344467817963,0.2044622439172929,0.0
4,18051.118777567153,4625.565221790786,2237117.1434367024,69111.5526548228,0.6420728204385756,3469.384823332464,0.9562733840452019,0.03682165725895521,2.585670482659661,0.3685785914169819,0.0
5,18436434.50014748,4759761.21075082,337737006.1532985,46034581.538001224,0.7128239752777581,4257.631257701669,6.57969780809414,0.10740839211974337,7.752815485297631,0.1789816287377581,0.0
6,15187.751581900564,2110.432854850089,2002037.2128885004,69498.91538692862,0.3992894799793576,3981.1587815792536,1.013253102797916,1.516672195618153,32.83192063536358,0.24878514747654953,0.0
7,1420273.8006994647,167528.41387997146,166899169.5720167,6608467.06299409,0.7117517349432454,4119.9519550532195,2.356837404266091,0.08543608356796976,5.932345100575968,0.1886393158844911,0.0
8,9468225.186403591,664611.6463254006,2531040328.848139,59658857.53704214,0.6444014867245963,3820.2786221127267,6.378674812143291,0.7280558251707603,14.694672662700873,0.4569290601020218,0.0
9,18113.719397245626,7980.615786100554,2036277.1899958756,59396.21679828935,0.639587439609374,3529.619515375942,2.2993890854079106,0.7677343367977557,17.164022612181768,0.315097999431918,0.0
10,14425692.088864222,1172700.2679383159,2581627728.80533,80083470.69389704,0.5869824094003879,2585.1844766876366,65.556346293329,2.2360334528272903,47.458022387382236,0.19503593846141373,0.0
11,224929693.3210314,32032864.66745184,20104359362.595284,949192424.4442418,0.7170327402994217,3782.212769235211,9.1228443779583,0.14899405936213644,10.367299240200456,0.2033583888435253,0.0
12,53936835.61265956,7238010.660221268,6700759411.618979,246437703.47433782,0.6195468663507754,3804.9008784307925,4.725213642887868,0.108744652765506,7.806918846706049,0.2436497540713999,0.0
13,114503.88149524809,53645.02612037594,3711564.0829127207,255878.3712387144,0.6909974854715915,3310.801389559754,6.649941210100521,0.17919876651540206,13.402937719410252,0.28462498262326896,0.0
14,21193575.395575438,2002225.2746089785,4201396045.2357583,117885704.77483928,0.7304233734349379,3135.6151034896006,111.15555871347014,0.04261486025754184,3.287305814057889,0.2205975093309809,0.0
15,3993818.941570637,960479.8321055088,109122837.0531896,11035383.680738643,0.6862820156475407,3532.4909505701753,6.9616109158487225,0.11330637434839153,8.2912507887828,0.04854889529762371,0.0
16,10652777.883043168,4659369.658665551,203044847.98397297,23106887.489662282,0.6082088988219527,3789.855434210113,2.3393397653861623,0.16367932323596096,11.78929028084116,0.14911200595940802,0.0
17,30687.893109432363,25350.307393118557,1997762.5237847522,69004.38531548965,0.6519253570654893,3516.894682739904,2.0336535780696754,0.7665355125878829,17.366342033702836,0.2849602881957147,0.0
18,16248183.142172506,3616539.3321682466,600088934.9969463,49483853.624155685,0.6486198103717801,3622.2976789787126,7.529967039672692,0.08915401850833585,6.4864767002621635,0.25646540109314797,0.0
19,3526965.058155881,674942.9023260683,289836161.0937129,13866357.427773103,0.7493357990538277,3672.18910675551,9.38762615670957,0.027296418082041106,1.8975588959541767,0.08076569541690522,0.0
20,45628503.63984226,4246745.36812081,7028069733.965732,237487815.70083708,0.6256342443935575,3720.401818539709,3.2081700534489395,0.1200338971318855,8.57161187182996,0.22202292336589158,0.0
21,6381172.574744576,942634.573359409,900767895.9891768,29884784.273357294,0.492606096429337,3388.7426950451463,9.558620047947828,1.4922219424070013,31.916255454827297,0.3616690952383217,0.0
22,12265899.967328414,1542630.0511794963,880860904.732579,50208945.83755158,0.7189055270977162,3462.749122205906,5.860044986360295,0.13743868977262874,9.81017442712006,0.17271424548205358,0.0
23,9246885.300961012,909468.849713273,1183836555.6003141,45444588.4495376,0.6833881893131347,3819.843859254892,11.03280388929798,0.03212170529915559,2.3005466669680485,0.11139273221849091,0.0
24,5475499.583661805,1040187.8473145511,212070713.1871376,17714996.392050654,0.6333938420455175,3855.481068665791,4.664487262642449,0.17500817513346884,12.522979023489896,0.1196880487019703,0.0
25,46497.571714206984,8499.537474945153,7250015.991915664,209521.19339990307,0.734439186280162,3746.6207128856868,3.1908622696890374,0.09760615369871059,6.628234047540867,0.2708647952936194,0.0
26,644809.1391049237,57717.96461700633,85441341.65359639,3234493.322484494,0.5108744475688266,3872.7156052023365,5.814044504947294,1.595602817616386,39.133704991211296,0.3040085426909722,0.0
27,96989799.85503712,12070540.082626823,6552882232.821338,393248308.296115,0.6010275308246936,3276.4943149961327,12.895677198024389,0.8300712408112172,21.971922032070143,0.09022963042819969,0.0
28,22096315.188313216,3959323.897672919,1156468030.6644874,78404540.05955666,0.6956438775221667,3649.2346076679914,14.90682122684057,0.10525638652162676,7.770034166796501,0.25633254057146576,0.0
29,8546768.673557164,747420.1097693702,1602005274.9551656,47478188.80753147,0.526878590408095,2942.5992375342357,27.098378555574115,1.5098510599937143,33.13954252098506,0.22086759714393037,0.0
30,3202.408161845261,596.1970704489995,993341.9917847436,17454.748312729593,0.6221315357441679,3370.57447396238,0.3442645575812011,0.013664491456689465,0.9903025465146129,0.39757669861660616,0.0
31,9805.579921751996,1708.3007940163266,2173225.192162986,49366.70525769198,0.6625034215475425,3760.9696173921902,1.5964774643492063,0.1425625472602639,9.980079823853965,0.34405731581010046,0.0
32,49493633.10532671,6535560.932485653,5060092758.658001,221566795.90888453,0.22472883170198252,3829.172111613978,10.586757663993714,3.4767147209489395,60.69956926795862,0.17462266428699383,0.0
33,21835994.787157882,4740804.478614463,1023824964.261514,69146549.68483707,0.6732653142752703,3655.2540962840058,9.94901387306601,0.18675855946668696,13.47227384060314,0.16217943906934695,0.0
34,9373.882615052527,2381.2385307357263,2252125.4282823717,47652.61105171045,0.7327898246877539,4024.6643678606806,1.4062327694244245,0.07273756769726107,5.319413542346607,0.3824956645020682,0.0
35,6487.222709400479,1809.2521776685685,1814074.8298593361,34542.00946460414,0.6722677389164289,3709.4237582932337,1.7939472757500738,0.7721290549492938,17.72694124965566,0.33351054294944893,0.0
36,6308554.465561191,1296357.2671588208,404246053.9750371,20744197.171357162,0.7429539161598465,3520.535357308997,17.864697584741105,0.10657424063502692,7.523950143317388,0.35064824597332317,0.0
37,5097264.637030108,494826.17904343316,915981341.383902,27263054.450305443,0.5049626596057502,3425.5962968221634,20.787897175075173,2.182907007517332,43.86381854227662,0.35944232821183947,0.0
38,134909741.5674586,14268890.83170956,16284814750.172083,648781845.6030279,0.6446146511610473,3725.163906401178,12.510679003974282,0.29536147103146115,19.349232273556595,0.14280248642364216,0.0
39,1250733.467185749,84003.82765435912,292212722.03669864,7636809.915939599,0.4696264336193906,3263.5077458101014,9.672701390393334,1.5351362793306516,34.30140389780286,0.3310122547277133,0.0
40,38659214.9133671,3375501.8424168294,6758828780.187857,211362762.91327935,0.7708061572883267,3293.5373602718837,600.2522932251024,0.13004605937357255,9.64666856070004,0.19530162779075586,0.0
41,42795313.66328472,5525441.031775648,4560130194.289659,193595365.38065186,0.674795902771134,3721.6319480096927,8.084137288466946,0.1581297775029311,11.083972507786402,0.21424227277300395,0.0
42,3204346.3981847567,452218.75035910273,304413380.60570085,13786243.948354345,0.7110082024906181,3773.430349622452,9.697918228611599,0.2398255765965855,16.725836170717336,0.3752956939408802,0.0
43,1154773.6780050006,350840.32121468993,69527014.89607945,3826497.763446428,0.6597875483394431,3954.2299640350775,1.178414179982065,0.0710347524969051,4.8994180668823715,0.29507403286319195,0.0
44,139898324.53950506,12158240.281397063,20429539655.0667,728781548.9952257,0.208574556126449,3888.4170522831873,4.798130917356122,4.090423136889877,67.07912626823706,0.164446591138951,0.0
45,8705.895000107226,2720.276356115006,1548989.6676913819,36118.65818446179,0.642754562906242,3635.7853425011226,1.3823975815874896,0.13163627939059247,9.072419392050382,0.21290406313444635,0.0
46,1535.9985774087622,448.1586372735645,571606.3353950067,8926.897465251079,0.4601629005841829,3980.1491011621547,0.8276409005926576,2.238707216208952,46.96764039894653,0.45812674906485795,0.0
47,28467291.106907643,9789582.12413152,995973062.6683404,78138544.28288874,0.7600320158823141,3646.883942351559,52.167769606571525,0.13027211250064905,9.662777213255165,0.06933636841513384,0.0
48,50129832.00638784,16062352.820529902,1343700668.667639,133754618.24663503,0.6194554632155647,3617.9043915852635,3.3562631871278903,0.06776897744620465,4.937312469947287,0.09475501752196071,0.0
49,18890.07103791005,9453.45764864813,2620530.638254789,69696.58685193627,0.7034684502066227,3567.4257287060764,1.2029435470955814,0.03902308341390315,2.888755664037434,0.3999332874840897,0.0
50,24046784.684655122,3108527.5671577347,1864421670.5547214,99701040.3829382,0.6316530174122503,3821.177401553531,6.215937335124965,0.12034331501101905,8.77182414523911,0.30178549448643754,0.0
51,5168.869621918194,802.6008778671943,1615839.1749676426,29889.009767190837,0.6746087539357302,3871.3476291843026,1.5530920675775917,0.12947985583023894,9.142504325430505,0.33425621639303627,0.0
52,684344.852699477,59240.215887634185,149976304.48662108,3988139.3489165665,0.4460269812540463,3423.53180107971,10.857501156192342,2.247568825990115,48.53889293852451,0.28005153497806917,0.0
53,46086.440681813096,14247.350494418046,6741790.063249754,195955.01817879942,0.6850028876833639,3423.004809395958,1.8033326149791424,0.7807614566927837,18.42689527956529,0.416914932218245,0.0
54,11560.556366087923,2204.745131050125,2634755.8022855194,58055.30219153095,0.6669174856333407,3631.270094220933,1.9613519423210206,0.15221845768640208,10.587050452490631,0.4752451638841893,0.0
55,2827054.885223575,1152113.821697087,23451939.148548458,5221417.20513869,0.638724760193031,3600.5190751590367,3.8426770209656005,0.12768211476624947,9.01485533271245,0.47235692667142387,0.0
56,2422.19451746946,575.2891248161737,868780.5381674158,13664.857115197923,0.5066348258256811,3407.2189811943504,1.0427469792867392,1.526792770791405,34.402069835218846,0.4184809820263479,0.0
57,19250511.23305599,2633321.7822913015,2351401889.0194993,89437076.33229032,0.7209553932816635,2771.926718416177,130.46116369562338,0.1559606190973767,10.932632519592094,0.05161275293439965,0.0
58,28416620.846294254,4529558.894066718,1291291178.5622034,98005008.23714235,0.6920818545356795,3424.8657974663506,14.569812088187124,0.13466519355643305,9.270804216963896,0.24695023279038608,0.0
59,7554824.536113953,513438.78009231517,2147268118.5796638,48792639.34188728,0.7281987026390468,3431.6327020370145,25.617009546055765,0.11432923995319397,8.120393174205798,0.3067805174599579,0.0
60,7287.617496222958,1041.55864760724,1922197.0234990653,38868.94568484612,0.6899691138312943,3920.0173207648877,1.396257599075879,0.08840707773495238,6.188588938346494,0.22297296470116548,0.0
61,29953.407633139625,9329.87873121183,3574757.5420339154,111216.73333918655,0.6883909816554032,3893.1093598960183,1.9712275598688387,0.20716007353324573,13.932753363301932,0.4221466471030227,0.0
62,50081708.9078576,12241736.019496582,4129136184.344201,187458933.78748426,0.6836318890172792,3720.8531667919165,5.781002694431575,0.16127940386148404,11.121275890886382,0.29915711093505665,0.0
63,7263767.671357718,931652.8841800529,701287033.0837407,31709847.333541296,0.47808565148667415,3530.618648576097,8.392040643258676,1.4215619609311476,26.808914542844644,0.18629298340552594,0.0
64,299776.9540580596,34989.527419044585,41890059.922712184,1438454.4717089548,0.680515974633851,4151.033759612688,2.491660434576526,0.16918631134416656,11.02863140384412,0.11775726251338006,0.0
65,27234667.65800681,3174436.5110051767,7943531318.4517765,161779560.96989906,0.5479506471895966,3221.2948712566813,61.13195583907386,1.3895953870696096,24.372003254785305,0.09654038251986048,0.0
66,200676178.71699494,60398052.75004266,5655537618.399032,541811889.4163635,0.7286999081854996,3653.9830657068765,10.391673315210802,0.11807885279818402,8.474298002535878,0.07292245900372928,0.0
67,19576852.19438006,1678306.141953854,4392454097.460013,113363835.70457844,0.739556028938549,3221.508591067766,73.23501650399581,0.13619502164450595,9.529335067096648,0.3303795136144305,0.0
68,2464.9049717223193,581.626656024021,853528.6606203349,13984.325566707997,0.43331433148836596,3518.214708237575,1.3362933441238147,2.1557271642349565,41.805575250052314,0.32947778122326554,0.0
69,401173.4019054292,99991.04750442905,26179606.121660043,1379129.3750223238,0.6942622038611319,3849.0076241323777,2.9631286129495242,0.103347557926881,7.057878650315779,0.15376479391094847,0.0
70,70777850.2545112,6440595.40758449,11750660762.27299,377189374.4067489,0.6014131889630251,3948.3870405685266,8.604478602124,0.21982993501131415,15.202574046494627,0.22588701606641365,0.0
71,69033795.50255993,15682639.432401914,4981289660.437315,248321455.28135672,0.7189288403996236,3616.68251305372,13.180860909617243,0.15012624235835278,9.979520532929637,0.19850793682453474,0.0
72,135558818.54974046,15859443.150661385,17923261656.24367,666906927.0770631,0.6385732977554173,3777.356244208394,5.460778037721461,0.16566805912745286,11.393924838427335,0.1323154351371309,0.0
73,5906990.170173691,629162.3448390347,533937590.429088,26366800.33495105,0.6979413555843859,3695.5235249720017,5.472361667216129,0.07250827798154065,4.99616671243748,0.15598099077939412,0.0
74,12686293.186630355,4792539.875586417,520503412.0559975,37620742.05388656,0.6787010725818521,3680.8478944429676,9.085005624547856,0.2397533734338242,16.949211608749554,0.2802290419911004,0.0
75,160331618.3595814,11266022.190671943,32940295507.750336,944603428.2052498,0.6734072581835766,3784.0218794836064,49.144466993052504,0.05471145831664037,4.1237432753158725,0.20728800321480523,0.0
76,4061261403.2983217,1643583671.9055882,54256968646.52586,7957656090.59583,0.6767433971523014,362.0125833271943,16.277817464057563,0.06774243218328753,5.017091856095869,0.25105337950448237,0.0
77,30785918.52854811,8188151.219483076,504264022.92296076,75109800.54634455,0.6861841044729668,3292.548614892197,21.38554876605725,0.14897557410300202,10.571663135367002,0.25876285161201,0.0
78,15651.095470453269,2968.5979596319876,3336848.591818358,81625.10323905938,0.5927417741195634,3727.6322620571805,0.8662029149393561,0.12529826795906934,8.532228561313634,0.1816449713777914,0.0
79,160034.35607224476,121749.5616908283,3070660.581854306,283497.1230331199,0.37392430777729324,3602.066800538065,1.9760482986253787,2.8226810314508493,51.82231120881761,0.19784819495531564,0.0
80,2880658.1137066092,364553.52441199555,194342653.70187217,11585903.026270408,0.7370305040040006,3766.8243424118227,3.3490260441505932,0.0676120956510303,4.824182552304646,0.11370514915598788,0.0
81,4756.1549066579055,386.5148406493298,1567249.0310448988,30326.845735344512,0.5514178073840641,3844.634229366223,0.34983248514564147,0.08879863907487477,5.651422916650517,0.15766235715824975,0.0
82,14449237.740812179,1232446.0368468969,2149752614.3604608,76102426.25891992,0.7165933566041216,3552.906112650456,15.388530307928285,0.14110153999832367,9.776278536250398,0.10602220447219982,0.0
83,15895028.807767754,1521443.7583932024,4133581069.155505,95049934.08438313,0.7682849130751332,3013.7317045198133,86.98738430174282,0.051300612698646206,3.7235015008949772,0.2086638387531256,0.0
84,32737267.47774475,4912899.4033978805,2265059836.8423066,126902832.6749753,0.7755617603117573,3591.5287815426204,22.24899553362231,0.19328095142367782,13.695814375571956,0.2457645109420704,0.0
85,23142.938523307963,4737.960915580595,7884334.965722881,141384.88629360296,0.6956644951360603,3277.894291951218,5.636675360646962,0.2465949241253938,18.16161718978126,0.2555705177514935,0.0
86,11128.052155023175,2356.5430020488575,2594162.6138596474,56195.301557978906,0.6570935559699554,3787.2431327395243,1.3130953236653253,0.09396823435437893,6.703428710134034,0.21356550655628587,0.0
87,14116043.089565108,1434155.2056103477,1959750796.2544913,70746189.35503753,0.2913469160845276,4210.19304802852,3.093850283733883,4.041567701777899,63.98958296565568,0.21016411537262475,0.0
88,37298.461914695195,5334.6004757665705,4435583.520878869,155536.92347452618,0.6323957748427355,3815.5549333098156,1.771248468069994,0.7193816597044547,13.733752846964085,0.4486020200093671,0.0
89,29509139.365964096,3133738.9791591736,3714780680.856022,141747774.08330005,0.631219514136442,4457.501491077577,3.900798381626024,0.09477376685051438,6.7847959159688305,0.23450089948481065,0.0
90,26908.237728351123,8151.087366853333,2950881.521298098,99388.0192244197,0.662537846045205,3800.2180918943423,1.2502482782282534,0.04034748846533063,2.9194431956540483,0.3407240572537725,0.0
91,10048.176511662567,2612.1281536150077,1794646.3170349672,42155.54449297618,0.6279040958348288,3405.413604644217,0.7824477414967872,0.048662633915941014,3.272396121988018,0.514715799500387,0.0
92,34972972.52625895,4265937.892974183,4109061640.229329,160320044.75149375,0.6334759378003169,3315.127389982635,23.094538072162788,0.16032368142399225,11.069096626142732,0.21145760440747088,0.0
93,13586.206383412917,2812.240995414748,2278379.6011953102,59136.57583389041,0.7434323349900418,3529.5567123826804,2.6420146130123285,0.08257802071318263,6.154031071003034,0.5066469019230736,0.0
94,10209.553989387283,3303.6933331635373,2117828.89916552,47145.48645633758,0.6624971754249938,3556.721069236953,1.779543506636159,0.16358885251208033,11.374890109406554,0.32624037301789227,0.0
95,19435.1926579466,2004.810931167603,5017569.947662443,111798.31957105696,0.7087956045187601,4012.8477389445743,2.8350102702651094,0.07864476251998731,5.62662712629903,0.21536440347244584,0.0
96,37364316.29265848,7987946.584664414,1265024152.5160742,114797096.33024657,0.7011459087367118,3503.36383022886,7.793541351369544,0.08763789336903863,6.3687625036605695,0.33622423563067183,0.0
97,21705058.362544842,1799125.315549861,3709239537.302686,119103685.77574492,0.6688906180075449,3972.3704825725927,6.175195455006253,0.09804574832235566,7.0996354184952795,0.21639656514462524,0.0
98,19781033.719915252,5115186.475142839,311311254.9602704,48843248.36692144,0.7001635903892428,3429.726559674971,4.528379954524667,0.11784918325378921,8.312089505154834,0.21431331522425492,0.0
99,16801.358654903444,1435.097339540419,5002954.333625316,102278.85261605452,0.6221602369487755,3635.7340113615574,1.1791318356505058,0.1487124316576609,9.664457899247214,0.2339273899021287,0.0
100,6065.043770012015,1331.9934208395775,1305739.4407476601,28757.20037619015,0.6810891861623555,3575.3062840342764,0.8619379884980345,0.05672327985993295,4.0864106118002805,0.22131586835311823,0.0
101,31480.035070129194,19590.559190415228,2256275.062141749,79482.32993229516,0.6532221225486572,3598.4661879545215,0.603534222838363,0.013728450490824783,0.9811555259583272,0.2853484555967886,0.0
102,4291298.493755115,944305.2368399983,169449568.688977,13221906.873561388,0.7361246623358197,3580.095033628605,8.867301999737757,0.12739721337202753,8.896440309585923,0.2590752408169326,0.0
103,21217184.445806243,2211090.4216132825,4847970217.842264,124944768.05701725,0.6651031219964365,3240.899161141367,85.43682647725736,0.7679321289931049,17.19727791775582,0.30797081112413144,0.0
104,2286159.49078432,388767.53538119316,90643135.08978608,7611074.211909883,0.6267829166491837,3750.808312727,10.512861116280869,1.4962773966384675,32.082361047290306,0.05108384724371112,0.0
105,8979198.930818949,670558.752197571,1760213833.1426384,51870107.79658479,0.09950116296262265,3796.2973995405478,5.778320797861428,5.507661297756444,93.65300635691055,0.26608913448438193,0.0
106,8040908.954702142,630409.3134390332,1787406214.2857518,47697711.25895092,0.7321318786324367,3723.592399848555,31.23996940343037,0.09723559825436237,7.252323545010275,0.2466091686992972,0.0
107,27533.699838143344,7568.205042924865,2456462.2667044164,94239.16469768286,0.6703534159470708,3594.346254884603,2.0077356553737618,0.16166581962155852,11.449320930611782,0.4082850620644564,0.0
108,13562779.071547056,1332124.8850879534,1962524777.5752873,68637364.62796701,0.6123202721977992,3814.302171866819,3.874200701408517,0.05088607310980038,3.7700166365479744,0.215036111175732,0.0
109,76553320.53897688,16425332.187950876,6697452271.488676,303259862.60862476,0.671027443399982,3363.7599298595064,2.842404549342787,0.032155000264681634,2.2436616493971284,0.043008317798011016,0.0
110,19678.804394899922,14845.563042131302,1446827.6783316373,47769.05728996764,0.6817912012031436,3702.9525922478847,1.5246972245316988,0.1546460409441866,10.622375350591769,0.37071877975523937,0.0
111,3111344.1441802145,1132783.1376092802,73403368.87944612,7654937.969371369,0.6227859081040084,3718.540724898692,6.402137375816024,0.08272345389726743,5.900198247285748,0.06665337334088274,0.0
112,355.63990282659125,15.056666567221324,264764.83734192187,3133.2209945341915,0.10540720867983999,4086.9779697808117,0.4526886000868341,3.8842828219937773,53.12053140276843,0.33835017225461284,0.0
113,31180.866037359003,11425.522209338578,1385097.4412528775,77308.52311609453,0.550600318462108,3392.757729484876,2.620342147295308,1.4683132244991994,30.194311846604943,0.18804990121813966,0.0
114,28587393.06557543,4933480.112726512,2191909215.453717,111374985.75505686,0.6392268400515232,3636.0943401916265,4.514336476311239,0.18666321711314698,12.836830913429647,0.06777995097823333,0.0
115,33952.61387240199,9686.687360986976,2438177.1785977064,114379.51063695826,0.4021241934950218,3825.716947143835,1.2862520313585233,1.5565019893016365,35.99365124803085,0.5487971916978883,0.0
116,26135813.458952226,15506415.494035289,1195548177.6532826,63908816.8651304,0.7711452359026888,3094.3480845241334,73.03726501075332,0.04360621313521777,3.253645344227374,0.25502888059316886,0.0
117,13938836.79774482,1070909.4819176237,2835407248.280095,80466993.776557,0.7179614364525637,3030.526312842894,58.395686058212796,0.08972303057626822,6.52407131773821,0.20452282190137433,0.0
118,14309908.189683333,5844251.650290511,86195589.89759228,26003606.678767487,0.11786351436613245,3700.075566927967,4.431310666315321,5.482773486570252,91.75569744684056,0.10874408644144626,0.0
119,41900731.71182215,4478970.979009382,6345048084.292722,212187511.5993161,0.6509149357152201,3466.0943261711573,10.08646485682497,0.08632119983878281,5.981247029388453,0.24460155431464284,0.0
120,1536284.4217530447,253778.94590257775,75668433.1769134,5413273.771969557,0.7386953316776965,3470.8479781127435,6.822039012412135,0.16996855696006524,12.440602830238863,0.11863528846434705,0.0
121,1088674.623713073,142550.17317377822,281547066.94799423,6511102.453740022,0.687285980550125,3544.3906658486508,8.63141817633523,0.08003827272009642,5.63742374151033,0.17621252229055545,0.0
122,8762.787909680086,1676.347002055197,2053574.527545036,44797.25487929215,0.6821289972111879,3794.8882270992476,1.0329018698241392,0.10225571735989032,6.728778421305814,0.11892811737964042,0.0
123,19173704.444527645,3280316.455591283,1032018187.4273434,68756904.9433453,0.6117894488556102,3727.5638096379034,2.955690617215922,0.12386027333885244,8.420631092234178,0.04039790909428615,0.0
124,7356.10700674257,3610.4749091617186,1374664.8246944125,29516.306337947295,0.6498170585147898,3583.9427744088853,1.2747207844372885,0.1318779809972704,9.487685466247111,0.05140223627748836,0.0
125,136063.0304418265,16253.755413655326,13437217.88604651,591985.446988635,0.6504679094669219,4265.648925270644,1.40256679074363,0.08326155817182039,5.3104156211137745,0.37585812023804,0.0
126,2645227.116908381,418237.2041837424,115274781.14289448,9224414.72024137,0.1666847937443985,3013.7794095261934,9.23280110588199,4.1604585821021915,72.41920197905499,0.0683804847716258,0.0
127,62811343.01462457,22181922.93789337,3118161597.89091,190641291.58538067,0.7840988566188544,3884.7254754270784,6.239773308503502,0.1439462355984494,10.252519946345796,0.18159528669995306,0.0
128,20000083.225823127,2503059.856133103,2105856021.4811826,90223177.47289059,0.6306014316006378,4042.74912769265,3.802634329311346,0.12558736500724627,8.717390827123161,0.14817063534263616,0.0
129,55933.88575491068,7510.831386403035,6877994.129507211,245645.01493261947,0.7122802508135695,3654.025082968555,2.200784414535587,0.04839200470771292,3.4602271749530047,0.19689621998324092,0.0
130,166179820.74823007,29772957.174679197,9335165603.828838,592945322.7821505,0.7269556457336093,3784.9245076536386,11.172032842464786,0.17415962814091665,12.61681513555841,0.20508878773296002,0.0
131,29676.939788313804,2826.9086815588767,6058210.533573746,158868.17961934587,0.6227004644909752,4174.301265533692,2.337800871998734,0.7576947522231283,16.632382286782242,0.3118506753681823,0.0
132,57346402.67410469,8823684.992894735,6175275818.045363,249926818.49677485,0.6338015679637665,3856.619616867296,4.700594260916742,0.09482440324762562,6.901919696443921,0.18175204054335192,0.0
133,17237843.469513975,1450929.27894632,3885609890.7521987,100814747.2920798,0.7096719273899526,3174.624667567548,76.97913543466521,0.07918883296109343,5.6985069003207,0.32359722111619077,0.0
134,5227659.359413828,623645.4171842748,602662127.3611228,23419965.433764927,0.5731310775927854,3675.83574962468,16.07259032389157,1.5313901113322408,34.55938870687982,0.29150470371970316,0.0
135,14641988.630538687,789614.6808621578,5630236044.833757,105484237.10131682,0.5239882528841102,3560.828262337169,46.52228217989716,1.5827126919726155,38.096857591806156,0.4115543980339556,0.0
136,60935296.905171394,8507516.976781,4062526612.182688,241681602.05598077,0.7276368925272751,3128.311393298668,78.69976096317387,0.1306712327152318,9.465270065315003,0.03669254937102369,0.0
137,12153350.44637848,2511895.7397658187,858160893.7112124,44700154.409695804,0.7227796552723504,3942.6632540858163,3.7717997805114134,0.15011390800930516,10.9308437577887,0.20281295799933186,0.0
138,18025420.071710553,1294999.1248505884,3752759648.9367647,106075816.86254928,0.7711595389531251,3901.7418495065417,27.42751380181542,0.035085610296198146,2.4690858199814927,0.22598470622707928,0.0
139,23632.728096014365,4607.761909201992,3317478.323920525,98246.16147919439,0.7336954297902516,4039.0243841690144,1.2432523027719802,0.07898643316021899,5.750452916773282,0.2483019699941521,0.0
140,288155890.9400085,69560682.82552913,21478113340.28437,1034208463.5849403,0.7742717383105601,3625.2432868920805,223.53245789892327,0.10513015572210183,7.782339975180539,0.3718606524897289,0.0
141,13151.75527005762,4012.0460280155007,655643.4912174476,36500.956047553766,0.09384552041824447,3992.2333933026794,0.8643984098102404,5.453596428099801,89.45756193319559,0.3669285486667698,0.0
142,1504491.5532991507,703998.6576066816,57936958.403028786,4134907.1078888783,0.6678067590443898,3474.9615091938485,2.6716389106863323,0.18345657537452062,11.900014277885209,0.11378823954347872,0.0
143,8956522.059587732,797302.4239791493,1208446277.3263154,45593702.68271448,0.5746043751886948,3248.1611812124424,13.177884213622292,1.5596311287938278,36.656866558924285,0.29440064676135486,0.0
144,4673581.885767652,971033.1876489256,286977626.66191244,16524406.114562064,0.6494535432647386,3886.3998169960923,2.79282688058098,0.05091619527764797,3.6692501790387424,0.10083877913561358,0.0
145,61276655.78639829,11794240.030452948,6347245312.994542,255310445.2028068,0.6607229802087742,3533.4790179301713,4.476808221674959,0.13537465029508838,8.93051162519112,0.16367935273909848,0.0
146,3925.469699369155,867.4467334946218,1295649.7618120438,22437.241369566415,0.700085428613623,3611.7522277704215,0.9903622022795209,0.12174219104123081,8.388933991460048,0.4450264384694815,0.0
147,114613642.08968596,14034191.128433451,15276343857.665716,552021651.6534269,0.6376720072579863,3654.2299102162356,5.016215844211337,0.17985270501926715,11.978962170803609,0.16216008801535287,0.0
148,140203.16424669058,63940.73560099614,9916364.62535912,423878.1671401687,0.7659947074050417,3363.7797992720325,2.633620667133755,0.09851356240377793,7.102432828507419,0.25117244665015526,0.0
149,2774042.631191318,311889.43509333994,317194058.6506486,12990540.778416667,0.6522903738841956,3955.20382765451,4.287477374553502,0.8580353041361469,22.77365347965972,0.1775127423979735,0.0
150,6258437.212684897,501821.2483729369,1258365021.3425808,35880430.33759106,0.7230332370622284,3380.4662764666773,59.23517481060499,0.2702320792508832,19.705369581578214,0.14820831667583753,0.0
151,2058.3864377548534,937.3583099226031,483946.3892236367,9376.440388886873,0.27316612268668045,3850.193772936639,0.789042091014603,3.383444096750428,54.1832504269934,0.2607359333752713,0.0
152,10836743.1995964,1118924.6384497005,1579462762.7700412,54405736.50797387,0.618044452161157,3751.290622835494,18.299678749932507,0.825972469807656,21.1861457753645,0.09562181248178814,0.0
153,647743.3408149977,72610.03412616698,64108908.253246546,2904860.422656638,0.6558866589255816,3592.6597903561305,6.205247389276409,0.14660995476673913,10.843165840361747,0.19361492782781178,0.0
154,383660.99010723777,37012.96361438161,73191620.37357564,2034975.6116853755,0.5860635045193641,3701.360787992319,0.953470214293359,0.06265075199898647,4.608357582578158,0.29885125587836436,0.0
155,22937333.559816096,4168931.194604803,1330081834.4537296,83526355.0359398,0.6256346378358041,3646.444519504211,3.5100797143702755,0.11240220415516947,7.720344409117102,0.16046631153479585,0.0
156,11833330.886968035,1677399.1308360642,895914665.1597303,47773181.575680695,0.25211773648204494,4190.321528425773,3.536813966543492,4.185669756646024,74.01426395154367,0.23230350208234354,0.0
157,85663.38805992444,27351.078917148756,5347058.011283634,274022.4622256368,0.5297758569805975,4135.9236443027585,2.774146865047752,1.5596817677448638,36.348463789169756,0.2557375185135438,0.0
158,15686362.685981963,1378056.8730077988,2463770364.8857603,82478919.97453997,0.6711711855233788,4355.6562991264755,4.50989210818947,0.18374822953610687,12.380075273959621,0.17924944356678849,0.0
159,10536141.693513874,783178.5980545797,2564205055.371688,64140248.96094684,0.5533553193931378,3564.2592627617946,14.587144368227479,1.5627212220128577,36.54435379834062,0.3042304211113687,0.0
160,16599275.880421896,1519250.7141056666,3138881043.098788,90475652.66529234,0.7215037086230737,3645.328097363756,12.660602589604924,0.15368287166818,10.934362365029553,0.12119305903919893,0.0
161,123164.29308240037,15852.362519738392,13883216.737748256,544968.1248300999,0.6772716965401858,3948.854395491779,3.4221739891490643,0.2636645790575079,18.346805392625402,0.07382267557017899,0.0
162,6263897.8130721925,650671.5508289483,712688910.436542,29758537.76533574,0.7320177121046807,2593.5825644798506,44.536769379943195,0.09745311851500035,6.922617475031226,0.15026152742983018,0.0
163,50009471.43349986,10408942.609364953,1401991878.9746766,147135775.94112608,0.707847219266819,3330.3098989616874,13.740025004332782,0.0849482826636276,6.2850633476605795,0.3802547519699075,0.0
164,2582.331576198893,283.8566283877564,972677.159469552,16121.432811310267,0.41918364508298805,3731.0177480471407,0.9145047080929313,1.5333816747091682,34.49190405448278,0.40658617999099356,0.0
165,24466664.339159045,5956024.303703646,3888788607.5167146,112573367.79848301,0.7001276943277267,2784.563724917406,177.04751571943737,0.23884903554716982,16.673708887281045,0.2629065434736585,0.0
166,127281638.9957062,9566775.726386037,22671001472.262657,715525079.5838549,0.6555353599344219,3904.071597541095,22.938709790686485,0.0676507692358224,4.597733221955261,0.14279387375774943,0.0
167,3436.9647339350886,245.27606731829846,1213334.7206922395,22743.050926620832,0.46856859855373073,3735.8699653461235,0.939804745995072,1.4776717658470921,30.776697586438,0.3296888955170981,0.0
168,4144124.369849303,1521020.96018866,156302797.75674945,10094523.091485856,0.48044197780621295,3605.7657405951586,7.5352424838724525,1.4889908620129622,31.226779887304996,0.2327968166027397,0.0
169,7797.417311977898,2541.9421289602733,1342675.1805348753,30950.016291834057,0.6645588122887299,3573.942241110126,1.81012858535159,0.12321098739482075,9.054500575903983,0.2957966650042542,0.0
170,3731669.0697450116,823863.5122429279,324111154.619506,12933849.74504373,0.7383917273655871,4007.078333639807,9.244238239123629,0.10440693125141473,7.122165592667367,0.2733122218200486,0.0
171,14319312.3525671,2784286.7600726928,955761349.5197643,53636493.4914326,0.6499124773503255,3556.135549872131,3.5789368994019624,0.08802278370324501,6.307510058269671,0.24087711691658817,0.0
172,2569537.3689469867,773990.5401477014,31853908.615546726,5740378.788222433,0.7370159042790638,3646.582528585024,4.884290014665812,0.10046041749597574,7.206799597732825,0.13891004100872284,0.0
173,3954014.907485853,677890.754140086,226968308.1245912,14259228.611389095,0.6478615715522902,3811.4179752224727,2.794488262535028,0.09410869455583679,6.623333677270186,0.20130877329217126,0.0
174,64407310.02884398,7173734.275957813,5645239431.300141,284270425.68636334,0.6718530517334153,3880.9661481220064,7.991610082962727,0.7751075619676258,18.175288819033703,0.13162033633053852,0.0
175,29494765.206240993,3947523.147563397,1800361882.0837932,114557472.91693687,0.760364623831592,3568.341487377642,43.82573471385958,0.08969733872508749,6.561507037360286,0.07204547722956216,0.0
176,219556.8920272012,126531.77938905454,2404981.44076944,350016.66933068435,0.45480655261930353,3117.118390490974,2.994293768321501,2.076181236353105,35.939663648547096,0.3673864586873826,0.0
177,13016101.34052428,905898.8328257834,2770893983.1282954,77461216.43597153,0.712926407267317,3783.166666666519,9.13700073758174,0.041779136261488506,3.005679138182063,0.21542266779887448,0.0
178,11530592.837003697,1120644.8322199348,2455317897.578645,64274779.460663415,0.735011239982336,3272.74421372493,26.391912397139482,0.15493725863635976,11.101549459490247,0.36092510562897745,0.0
179,14270.369567846228,4084.250748912772,2704826.3700039242,63064.18556083141,0.6297071344832723,3375.8570309978063,1.7740560196951973,0.08133183455551692,5.478039841468908,0.4656979131646936,0.0
180,7392.923390320773,1726.6681500196428,1928441.9140476945,38470.7307423092,0.6612851057484989,3662.2242991688177,1.2740017584177874,0.07972057840653264,5.587375572866608,0.331392714066232,0.0
181,14703118.826977069,2135861.4193802658,1597349185.7811522,64482598.79649083,0.7144000782520441,3809.8863418715764,25.84300924424347,0.18031340549394487,12.114463837935425,0.1458036399652383,0.0
182,8386711.033151108,708756.6877757235,1454502567.9444714,45970268.546932265,0.5375551919793775,3140.406635839672,70.23041913781586,1.4890741426346357,31.655704598848093,0.217651234392993,0.0
183,25169.205933594843,2899.803228210788,4614097.7461072225,125139.70986400926,0.6410190084095865,3898.581874948379,1.8420362755292317,0.11711883471038095,7.4875747327086986,0.24459356470253402,0.0
184,903.7246043068168,63.549493118345254,507461.50838851323,6912.827850203263,0.28524913738972146,4011.7241311901685,0.6629773912765939,4.080831159927519,66.686269380043,0.49136743435494873,0.0
185,42792805.70890723,5525437.969930304,4561880751.322283,193572087.18031344,0.7142078787964112,3753.7020839582083,4.8394999979768425,0.07524900196030782,5.237986423489929,0.13526385574850786,0.0
186,98069739.35617381,36310229.28791041,6887958229.041201,268431892.49534637,0.7197646591359088,3150.7463392818763,129.24053412891362,0.1142572748627182,8.15619397350533,0.4000296584040813,0.0
187,53655507.75384603,7635816.852359804,3389175440.2127504,205362003.56066298,0.7274072848677109,3304.9763116333256,96.63996393133242,0.1654113970895394,11.91010968879526,0.24692244218206005,0.0
188,5706175.805807604,587111.1606049597,760388503.210388,28182361.448814966,0.7495192528407764,3585.682067990143,8.297200753418931,0.07507681898374381,5.473061403431593,0.20037006370501828,0.0
189,357706.17706226395,171984.5912357018,8397025.643333828,725814.7962620968,0.6717286065331974,3557.3701545359145,5.076881040693054,0.048359423698286365,3.4364355085937417,0.5244766211756271,0.0
190,774777400.5818317,131543069.40044475,29801998186.533947,2581622049.8616905,0.7304559532948403,2327.003418942919,224.70859179157975,0.15608775616405665,11.092111956131253,0.1891246193942348,0.0
191,5253034.598209444,747302.8069468087,605308036.3775296,24067660.89888426,0.7584013089091047,3454.1167735923755,24.521970872657672,0.15782309771599703,10.740264698967765,0.25336979480738653,0.0
192,8428732.511331316,1186720.910205877,565801182.7594397,33406898.121249504,0.6214974053016838,3991.0235266569116,3.073582612937327,0.1143474582294873,7.663826026235948,0.1318803958965709,0.0
193,4070352.2121984423,492465.0240574006,387948928.6331995,18009103.437328767,0.7762829461800399,2880.7514391140016,19.303911679915522,0.8378752965205489,21.967768882432882,0.19457230460977615,0.0
194,3011.3488873968454,501.65902328312796,620845.8111857595,15247.93617093286,0.07992208072450659,4017.992176177075,0.9476935227513928,5.410076335409459,87.09065628781833,0.330589053141078,0.0
195,48646946.57708432,6871320.705795459,2680214383.6602182,181946961.875588,0.7085215914560127,3854.6496552972712,6.165338863765003,0.06913554108664419,5.126713246997741,0.24659966362747687,0.0
196,9304668.311436731,3759576.6226658104,433438364.6115692,26489571.301287465,0.5810175544712786,4148.801323360205,2.435421676217748,0.1384473053018315,9.368816564403923,0.1774359497147719,0.0
197,30061.223844016095,4957.023366673495,4266497.436945491,129221.26992435937,0.6692509544122098,3854.5776663976867,1.268877345283159,0.7733703608019621,17.534942784555632,0.2774558746561068,0.0
198,1764922330.4941711,308408036.04037106,134106674608.962,6766124014.77169,0.6281109141961883,1138.1268600295402,13.103898713866096,0.24646732700969834,17.040164901789026,0.08599040405090172,0.0
199,11049528.563794162,867756.8905860608,3421720135.378394,72227760.33810781,0.7372501736368838,3428.600072661923,17.523978183484072,0.1113340752032154,7.9729857889216165,0.3169756095340825,0.0
200,86460429.05345686,8499979.16876273,12625875981.343634,434991233.40243596,0.7026750447640595,3962.211429871304,20.12130842078779,0.1720258519994414,12.203532284360227,0.26255367817091085,0.0
201,20017.241449434096,5309.649774042171,2228640.061894443,76589.14951142413,0.6278558246689003,4139.0129877241925,1.2404268298587091,0.30068105984492616,19.716310159320575,0.28100305830131017,0.0
202,732507.1194167889,59105.53320784768,122596774.98989534,3986288.450492212,0.6978919505480581,3791.267143040942,4.787034651523847,0.1584742230856344,10.562049261069264,0.21316093358339747,0.0
203,140680.43334543734,41112.35235972573,10633780.981312947,516980.8069643198,0.5880808316923009,4067.9769207831346,2.5019178003644345,0.7545409818948341,16.36752854456364,0.2615299187115596,0.0
204,5621831.64908561,685770.0836704151,521271018.42224836,24662130.4913912,0.8100275535909006,2904.9836095069204,40.331139338568825,0.11679217783369573,8.596864129336087,0.12194890222996341,0.0
205,3363.825320968055,619.0132007664348,1109939.1944986794,19191.774490278855,0.6520487146728807,3596.303157605016,0.7790026712506305,0.09925529349698001,6.945738109234581,0.23295769570361183,0.0
206,4081098.9309607646,555148.7443345427,384195755.7817688,17254179.262185104,0.71513434480009,4027.3577752603533,6.224453621339206,0.14364181126539083,10.053226673001179,0.43627471711914945,0.0
207,4411165.900300516,459575.4764725142,740813196.9781611,23053048.965323023,0.7183805927529194,3776.4660772505017,9.564126432949072,0.06043527233571089,4.420047540327365,0.25893378915288623,0.0
208,10068957.774801154,996606.1236003602,1439272988.5367594,51002537.66644858,0.6762199732562951,3467.577640204542,18.19744937955797,0.9136770796159592,26.907245646630134,0.11625375728576683,0.0
209,1517187.9141299953,175244.74105060357,399960323.0806638,9173247.03037263,0.46896403561787886,4162.015788752723,7.372631927834448,2.088715955493187,37.0460926514939,0.36234697306838515,0.0
210,4809.911230862384,1499.6554899193181,1235085.3241858906,23728.719948653055,0.6702544987533217,3310.9633545298925,0.7813520120934454,0.09761713735680208,6.914126408165925,0.17120721692935117,0.0
211,31601.3308517717,5089.790802827195,5341799.030722352,145888.33688263973,0.6927784498393278,3751.749340126069,2.3726395649502154,0.12623054510017626,8.36919982979669,0.04282966813481345,0.0
212,12043111.160372412,1231947.9998329894,1439707011.0548816,57956775.94693538,0.6827455755814373,3939.5781474467076,24.475247466564248,0.17405614552202406,11.75817979746875,0.18075832224122568,0.0
213,2538927.7967726355,661899.1384069817,211250876.2062869,9425939.023414765,0.6626636758173496,3668.9945705050195,4.674258048191489,0.14325134817625243,10.061683734623049,0.32466064673393835,0.0
214,1338569.3986930554,103440.59251336312,303460323.49122226,7920440.221920878,0.6347000929154657,3570.543701724907,7.3754378025188965,0.7894784677910424,19.04879819509275,0.2598369094947841,0.0
215,16932294.127670433,1623198.3914071717,3028511997.715129,90922717.81944823,0.2136210221780543,2878.5040430637196,82.73962933828984,4.218724960631308,76.85269453756105,0.3587215445242246,0.0
216,1303413.175219362,253636.8686753523,115177208.13649003,5075341.385326131,0.5724592440319304,3996.012274284519,2.1728626429163382,0.7560931566603839,16.541454058811226,0.18006686019509024,0.0
217,4506402.997774304,623775.0780656756,272881491.23824537,17413399.82966449,0.10615958072193865,2563.739111107904,9.700613550435017,4.146365343132244,71.44445023013563,0.12332354737358046,0.0
218,3075.0581081737046,293.9981588184661,1231546.7559701372,20026.89164180888,0.6937974272612604,4126.752319454368,1.104508790158862,0.16648249640375096,11.620999009334675,0.19450380210983126,0.0
219,4203.3323204940325,805.646273651572,1149909.8340845157,21803.5591210668,0.6443818127146372,3550.443018507148,0.5935231366352547,0.043448119545139274,3.0237657704990353,0.3018865535423284,0.0
220,15071602.194396472,2842748.0000025355,1579171384.8165898,61146716.63444728,0.7834832772777214,3124.209888444195,102.70143128248813,0.16169219056889544,11.50318115048308,0.20545256257828198,0.0
221,3789.8312289176247,568.2153532981083,1395410.5226166216,23327.25482297886,0.71908409616396,3699.676333219561,1.2383011238322519,0.06596527050615278,4.810960314159784,0.1966583726659937,0.0
222,27597188.233035196,2787264.0356779913,3988921608.8942423,139806597.8516635,0.6970952066134463,3247.026239619998,85.19274112069965,0.037394242228379504,2.871275791099305,0.2510918513272763,0.0
223,2560.203288225655,1172.5724526392162,671991.590711918,11720.595354153342,0.49399289242599387,3509.2402751237078,0.9709618845151976,1.54852254042619,35.65034365288062,0.3943427539838486,0.0
224,2199349663.915695,983752317.7774818,14467928574.568583,3950778246.6282797,0.6762789819677189,437.01445130524826,12.120709695009479,0.08826805804437284,6.4827646618867805,0.26852625654517603,0.0
225,14616.979866854981,2519.6108311256603,2670764.3208568264,67838.98495748229,0.727601052162579,3680.379012454722,1.5988287390217473,0.04950390601169206,3.470536265315313,0.20791114597772067,0.0
226,40708105.79586035,7403025.823607315,1804154186.0021615,138340511.14031273,0.6874417200856465,3567.2353517970473,6.72279381047701,0.09566908859614509,6.328537840260137,0.18521598794779134,0.0
227,168168550.5972138,23035744.378928136,28658141062.48462,854539767.9509518,0.5795197604308986,3799.413962340011,3.1289810803616427,0.14552014204775876,9.944401084738514,0.17955290889612122,0.0
228,12786.260339806617,6250.288556243028,1633480.6878510055,42858.30128149761,0.6224363589588048,3506.921073736926,0.8410133298054655,0.04279517678091453,3.0326041298484983,0.24578966489044923,0.0
229,37449.31839129325,7321.834672403156,5708060.221029856,166734.98348266137,0.6415109197924453,3708.0585820065444,1.9081557524088337,0.058053360549826925,4.274467716107035,0.3502936773888131,0.0
230,9139019.867549526,2083721.8170471708,233747397.81193572,25223318.068808656,0.26692748350388285,4321.878853207024,3.4081209625865734,3.4216759111735913,57.356032016172534,0.1883198603228208,0.0
231,285595.8855026154,112260.31415582793,8366237.641154051,701320.2642890705,0.6887031597222332,3540.14013875164,3.1250117889826767,0.15510111511368646,11.092344685936279,0.059679662728510045,0.0
232,20255280.557333548,2355649.460996365,3155093558.9989586,100756478.58076829,0.7161966868742676,2947.374478863141,142.1421289202444,0.0814402597412494,5.945974000973758,0.1857713085053026,0.0
233,16719892.751080703,3005777.8040491585,778529812.8976653,57599006.57048933,0.4354808951539962,3652.317059885694,4.001016389190096,1.4986574685359844,32.48693539124934,0.42579609065959484,0.0
234,4277502.2227754025,998592.4831105281,307812713.43896997,16033207.1110093,0.5964061079792833,3869.31605522254,2.5446569345437537,0.7833604956347273,18.05314252853093,0.13769947738009736,0.0
235,118086419.02909812,9009721.815505804,25358969902.539406,697550038.3833443,0.7366150044006454,3482.894508272874,11.76901877151926,0.16693334379800717,11.786066518989793,0.26142107258705666,0.0
236,756394.8993750304,61987.99692224042,135872968.70568162,4140681.6587863425,0.5467534938273891,3618.753484908126,8.063118865318975,1.5319261206911203,34.521387452474976,0.22838304897815478,0.0
237,39655297.5650734,6535886.161769713,1873955320.933969,138609714.93579853,0.6021314013068089,3771.636155878077,2.1660322369405933,0.1298025470523215,9.020211780172328,0.2335162615700059,0.0
238,4350.173231897548,2590.858828104062,579165.2433295522,14271.44063623508,0.07765168348148582,3490.1719856024793,1.1431596706919571,4.820610303329419,81.83614029551411,0.28620695059200135,0.0
239,221987089.57496196,107551141.69840702,5685704231.796785,486110139.89516795,0.7058861418798904,2627.2610732041476,81.35176855500971,0.08626348112277364,6.365685432475141,0.24758915765324507,0.0
240,5655760.31517249,605758.7312420983,739659190.7342253,27735867.6171749,0.7804434712741299,2851.7504957474644,43.77909624905789,0.11202074768879813,8.245257869513932,0.16990893643511887,0.0
241,10931591.50558022,862599.6801528502,2250392818.0062246,63184599.607675806,0.5091526219450355,3135.112322827057,85.3620834604703,1.4431584989216684,28.38521456695338,0.12199362337368654,0.0
242,47403189.89958829,6516592.428801378,3620716556.8580236,194397255.99186772,0.7113535693894217,2808.1035902137464,74.44823687519589,0.1334668223441658,9.597758390482966,0.14853761260816328,0.0
243,12767301.19928591,1068401.012242573,1848603687.9007974,66787831.57817243,0.5444261168068307,3962.1067415749712,35.92668750583978,1.5278935488089895,34.367054632531385,0.2035572599837429,0.0
244,223314601.03705496,23106095.14428218,33840431375.090645,1140904669.3945124,0.6723236687960374,3984.7745581219965,12.93448798254621,0.11567380321656122,8.407973044672428,0.21898557704542684,0.0
245,1023469516.5248,323938545.311779,22371730981.835308,2526812572.349943,0.6953343088485162,1794.7439890005799,11.25669736430326,0.11590484721354385,7.7176015415114705,0.16894391262511368,0.0
246,2267401.8189061163,645478.1031532305,92364915.53942224,6648265.798603687,0.6744050241538764,3735.8301345548903,2.780728096449741,0.09766507224782642,6.918636338375691,0.14492724452384312,0.0
247,10413.087548037875,3886.398976879494,2225944.3025344335,48487.37875067738,0.6788701983971132,3623.394412632288,2.1827754399291197,0.14040780984146145,9.881084369365313,0.38520753713323147,0.0
248,2049.1947469253946,349.8245090128765,1012359.6840430144,14523.26761313557,0.6134152412803614,4019.540049474643,0.6839225173367486,0.7795727089549337,17.739788412066666,0.1994740796620846,0.0
249,8221700.408824918,1522517.369355002,622382680.0608572,30731348.413753856,0.6913273402016998,2971.6758849914518,63.86604913480445,0.17548017489527537,12.519298795198036,0.2299195107396084,0.0
250,961937.4137710895,60826.47275124186,325910197.40081984,6556696.933245723,0.6973201949593464,3589.5751523600647,6.596955072043749,0.14649812574971416,10.31495913937363,0.3314918133191895,0.0
251,174969.3358131415,34166.67309793215,11651253.25831647,624674.0318805038,0.6863697288132639,3834.876599130025,5.711518749300054,0.6903211906407128,11.954795958899469,0.2568864225060322,0.0
252,5136026.940031288,490706.5091603742,578615613.787113,24621687.570063274,0.4824943926946787,3586.6132011392865,29.64160924775147,2.2135712993037973,46.19882062613963,0.037226806198162786,0.0
253,3746771.4024655423,823821.4431061953,344222197.60166377,13162224.645407146,0.6699879907131003,3348.4314411882756,8.640858507826298,0.08415928664989387,5.98157437398123,0.37325333987290765,0.0
254,6878.855504099699,1574.9727432006312,1514368.8181770775,33470.07378079124,0.6520921410450802,3615.6142467278287,0.8368129404205923,0.05738261185523914,4.155464206275811,0.04227657904679316,0.0
255,2839.760981728181,656.0479564310333,997746.4517039768,16263.319335747768,0.6809114303947965,3559.5309751147934,0.713934004953353,0.09527670383707934,6.668515774537449,0.18731128154795576,0.0
256,7585.669496511071,1286.141294076547,1775531.8972733624,38916.68224334241,0.6986340405225999,3959.176520343969,1.6071453166900311,0.21376505628490214,14.267108712493297,0.1811741877303,0.0
257,50385403.25764205,11026666.638605032,3979526429.0102677,172493715.36181837,0.7523902902677868,3297.2765304700843,85.21995913430109,0.1244305405561656,9.075869767392993,0.28407419950777313,0.0
258,4646.148276765319,961.6674969861615,1240048.26910786,23675.625684458297,0.6606659425441901,3763.5372265588544,0.7798205915876464,0.07258986630239148,5.00568563346164,0.2940252014255138,0.0
259,6519232.178374557,568047.2401694865,1120467215.904056,35425622.6757346,0.5729029929987822,3393.4641521345525,20.896023516935998,1.4719927686041345,30.547025356251986,0.12201273448278345,0.0
260,7176.007288938496,1497.626078552678,1456574.3221716357,33178.06767622748,0.6549632337105002,3462.39346229095,0.7539367177026101,0.03086225102676101,1.9961431167225896,0.30558797831652,0.0
261,6191833.130767834,1118171.3954325975,320461564.064482,21348390.64934357,0.7119826119184068,3624.3947624912353,8.04525384950992,0.09205966818797488,6.590806985682823,0.2155858490154888,0.0
262,21780.669538663118,6437.776392371672,2938726.5028212164,87228.33484014097,0.7255244498722379,3987.531227119609,1.1162041663400282,0.15904600798061272,11.672437930567115,0.03195332419034141,0.0
263,22722529.792300463,3852042.693286945,3496377972.5314856,99990590.56006715,0.7706722022017558,3546.429383770782,141.18188336327682,0.19137177387438395,13.96035819597212,0.389979811152705,0.0
264,9699.451880534329,1986.1902620067892,1990350.1071161132,46207.91612996508,0.6799144852244039,3354.9999279393,0.9395598998007093,0.09457287352531614,6.450815192668493,0.2930454929686378,0.0
265,4782952.303663005,450301.4343141008,650639930.2250301,24297758.779165424,0.6450303358746308,3831.9405411226517,5.425643849045334,0.7602450196000001,17.117717462929402,0.1656506278556535,0.0
266,4923.274762912685,1299.1281584790365,1096277.8019057766,22457.98467928501,0.6167817419757754,3520.7715718164227,0.7883269068933391,0.7421285545134462,15.616402445715698,0.26478341939388744,0.0
267,16654979.990749622,4301672.321453955,250258104.89159378,41075851.224695936,0.37129499928387966,3910.5085548244742,4.442563972468016,2.22914584184574,46.662036661398375,0.2735583789898768,0.0
268,95726370.72848898,28563505.114738464,4489292196.934567,287587812.3034234,0.6544095256409567,3616.1185196933156,6.667730529369992,0.12037456152208899,8.696311720042145,0.162995264183024,0.0
269,6271610.679651732,5247910.640484626,75417953.47818364,10113436.402648993,0.7120137069028148,3721.4071839887865,4.910367127397872,0.14631051621135827,9.78247011311138,0.20710980866391993,0.0
270,7782232.290669401,905394.6755801185,1230836980.0220544,39215712.69805071,0.6401317361129457,3845.5060995234617,5.1874596152039185,0.14879060656253804,9.966758048248426,0.3445634939929673,0.0
271,91442.25316171652,36118.50479931456,5336662.514037987,244209.67135592955,0.6427310069957106,3774.7036619486316,2.0833360227065403,0.7980596670720008,18.9991588326468,0.4863967373460228,0.0
272,7165001.430309648,1023002.0575179023,461971804.6145277,27340990.21780911,0.672279160992107,4447.99477672198,2.6888819961380004,0.12172554590205706,7.965448660273127,0.34869751193530346,0.0
273,89121.95517052662,31744.95901744061,7503695.779725941,292521.48652619205,0.6471536960847182,3719.9516365786058,1.0355913979718026,0.6855345092704228,11.347269195367296,0.17131817625670137,0.0
274,2260.1043325605524,638.2218777157943,878145.9272354215,13574.048452553014,0.47140601413673344,3925.8483680195513,0.9962015003546928,2.146977544401958,41.12878646955544,0.5008683037259554,0.0
275,32074904.373569738,10624432.151267875,1814999899.008377,96096416.93094058,0.637473850135415,3744.144648079392,4.107275265663834,0.12902404365928738,8.149437016196954,0.0815169786032177,0.0
276,90166339.6371942,13677272.801151898,6558504619.134703,353277419.3111843,0.7608414215462257,3429.6712309879986,10.561732705864921,0.1648919265627587,11.269879670380615,0.18446521625534168,0.0
277,2514.7549157016742,463.4754327855191,1018007.8435703118,15647.32448195107,0.6209133769360224,3701.3277053108914,0.8369141918493088,0.20409393468889575,13.625636628018466,0.16789474439530583,0.0
278,4912.410020375734,1436.904311417176,855930.2956705947,20179.17631789101,0.08347570330322134,3615.711524286787,1.892252269271812,5.489758615618013,92.71000931135485,0.3845461363788908,0.0
279,5785345.528285088,517654.478163411,969723170.4488109,30797867.840472728,0.30254762426024373,3661.516528135745,5.040564617067871,3.4447208575288726,58.79507914990262,0.21763142434142987,0.0
280,36159358.16638456,26221140.240494844,193187946.13150987,50249597.542726144,0.7939254649019,3477.4767133785463,12.496092339293513,0.04939438698906393,3.7736808624408638,0.16048579111069916,0.0
281,3699690.283360849,490652.70177383546,323797695.54138273,15727155.45282958,0.7299470650165368,3215.3995917399457,10.719140644634294,0.07512904750259546,5.550489608186676,0.33452589945558686,0.0
282,2750865.296985516,484731.7423725313,139711136.37251765,9643478.975434672,0.5129047402919005,3307.994342420686,6.1553003740741286,1.4989447130079694,32.429841097574055,0.10862447959035687,0.0
283,29491774.005814083,2158879.5286402297,6022377401.9875965,172560222.5410448,0.7781423133032475,3759.86037151303,17.9929070837438,0.07615961924099457,5.627357178816615,0.2089997624885484,0.0
284,3775742.2443991215,917747.8102336768,102371118.35463145,10585559.592781827,0.45822669272499034,3124.3974365063095,27.440346497510852,2.2684368031858098,49.862264787435166,0.14891047627631857,0.0
285,115028509.0678974,7404687.513183323,28800724595.877373,722643149.1270511,0.6663129865330311,3627.9966035380157,174.48177621744662,0.27323075325349,19.37214904493276,0.1699309195693989,0.0
286,11795611.470884308,1609897.168051735,1286807260.109686,52997640.91244316,0.6767569815458232,3541.471382288343,6.961675943307633,0.13700892758931688,9.709320577457628,0.16317753399846358,0.0
287,13711.76297214346,2154.9490419122694,3431313.19005526,74862.93190297103,0.6725002607146603,3876.0367953717587,2.1298650613624286,0.09723033233867887,7.102096203464095,0.1440779301937476,0.0
288,1498.6929467916339,110.7481671159085,913352.6095696756,11848.927658755787,0.6195927089803343,3951.3039847379578,0.6283438029284125,0.11755798935968435,8.335018426993697,0.0398707490211597,0.0
289,3793.3162360767064,501.4095072209699,1327407.2306292655,22871.01152180513,0.6700467945487202,3962.4171735942527,0.7729013405617237,0.06558085988025679,4.861657275840588,0.24996464401118626,0.0
290,37056811.6640223,5258370.958229493,1925771597.1359386,137521876.53001225,0.6654371571237625,3940.2557610743966,5.035347016494933,0.7434393594273396,15.602566914213622,0.06331105888920997,0.0
291,4761890.021194819,899702.2516161304,269970049.9579809,17452589.808505643,0.04900830906600072,2590.9771957295407,11.482879436326476,4.836289600747856,83.35620389406427,0.13549547710168786,0.0
292,712108428.1529227,210599971.55621618,27161649390.628624,1996208202.9765506,0.671026458628152,2006.3356544989942,6.381607663830586,0.0733768477244789,4.993511479725724,0.08869065049304532,0.0
293,8621761.686370667,1181084.698349521,814108390.7913741,37378568.71972831,0.8496839655224667,3133.3578096449037,137.0360343203713,0.10203601943180338,7.639072805381701,0.22419452036267107,0.0
294,40686361.34637641,4641993.056710108,4603350305.657144,190959688.71186814,0.6499153375485605,4136.8303207930385,5.211311359767119,0.03363351204782798,2.403175060068688,0.1909238124644341,0.0
295,23551.151757526408,7470.607584598205,1985759.3467474736,72008.76951332188,0.707403431716744,3520.5390530324153,3.312842704777465,0.1510336869321643,10.706022313041238,0.32636630726906657,0.0
296,3688451332.9404488,985670642.9810331,54531656837.12028,8910440092.266827,0.7675982804981706,462.75570277318354,24.572431910266197,0.1426262591162671,10.009718247595064,0.10082769572502312,0.0
297,4611.3265153569755,294.6177439153052,2200362.1701940177,33673.78125281997,0.5986959923262531,3715.419848365556,0.9326591203271508,0.13435561448427621,9.768787189635148,0.27152009294925944,0.0
298,11123.067782502576,2214.5203244322065,2504181.0627934495,54533.682710343375,0.6612867084559555,3674.664713223607,2.552399420009446,0.14931765856397955,11.018400801055574,0.49136071015564864,0.0
299,225590.95949413796,46809.66872656951,12010109.934683833,789055.8807082383,0.5321887409478888,3607.361783129845,6.063206475725168,1.5384761876957058,35.14240343264035,0.13550908195579692,0.0
300,4271172.571323416,1397613.9005897085,93865842.87792541,10557220.441929268,0.7253197818969678,3642.038392170154,7.296868979779841,0.07617716456331909,5.552795768468947,0.3583371148979383,0.0
301,3699104.669330173,1760932.795413517,25911322.876240082,6419652.114625822,0.6834950744535273,3558.8352968567515,4.842080748595669,0.12259326193634426,9.017711366185477,0.44248941674471337,0.0
302,17329490.06710396,1268668.4918168816,4355791850.427225,106817652.41115278,0.7683832377970005,3435.785252548155,128.30430384303858,0.08738690513389029,6.714905083125174,0.297066535534352,0.0
303,10111399.83546247,778330.8683895278,1747670279.2016559,56185761.39773963,0.7284417793943541,3952.990615222931,9.823721403127358,0.049324378174484984,3.2940870367653416,0.19148101043428786,0.0
304,24067.57950126629,4307.170644792322,2819202.3883414036,95465.50436731684,0.6290995282271693,4218.590516846605,1.508291830642612,0.137809353202384,9.507473593554334,0.5404731184996604,0.0
305,59156429.28643598,19201304.80860524,4663552301.257968,202858098.32284245,0.6637931997880984,3501.789206916663,7.173091137242571,0.11303517166951353,7.920561385267661,0.12642888787384243,0.0
306,20860704.372428812,2161000.572354167,2728992247.0293894,102235245.5012625,0.7174967005548305,3917.1201859571197,9.405813294811404,0.2045486911839543,14.257937869161804,0.11950892503872418,0.0
307,7921.545453284923,1346.3609568587976,1827278.7695827137,40209.563665556794,0.7038711666698207,3719.484150024875,0.7122868084604512,0.08051371294719374,5.61048981371521,0.12132255033882582,0.0
308,38097055.44918157,5044106.519685147,3646584864.112851,159633988.98615518,0.7477345129106817,4015.2674049684338,107.89239273263387,0.16168891883195924,11.22151677449249,0.25410994196871023,0.0
309,4328.029747044007,692.6975809255945,1565756.445295976,25949.724781123226,0.7532468869441086,3822.649500455711,1.067597005793072,0.07192945338794798,4.858561285350589,0.20856212892493756,0.0
310,14576121.338824028,2375857.784632581,1131484110.416831,57679418.7772097,0.6796406230251282,3873.3807400080773,4.909838449904954,0.08611732849000334,5.974069062697008,0.1832994182071854,0.0
311,53255318.94367522,8668165.10585009,2699943719.156721,192378722.16676658,0.7091030363754143,3647.500887932065,6.222176996613641,0.12949083586542692,9.035429808281739,0.0849146098150875,0.0
312,13376624.945129007,1033830.6331052597,2758929039.9269323,78428044.97187956,0.7052892475866274,3964.0954268128803,8.515012256276234,0.06491992893665088,4.705963565998839,0.3340382536980223,0.0
313,13603.320844205038,1211.711936224542,2779539.6630792823,76186.11583195845,0.27693309226131035,4135.853746959724,1.7475423831487753,4.049157017587831,64.57117546232962,0.3278705714888237,0.0
314,3988289.049573496,500292.58807923214,488415428.56407565,18338160.023953177,0.5229973560229979,3531.5086199023563,10.191780973342823,1.5514716665648096,35.49762214376509,0.20435480771307218,0.0
315,16162496.913480336,3601805.2854286567,3138686522.5518436,82197225.8772006,0.4918547761502956,3543.3875735926995,76.7685777286271,1.6099402496683535,39.13966308734542,0.2246739608813821,0.0
316,2451013.9217154593,357772.2049208811,156692815.1673431,9436467.144312024,0.6273802547961654,3770.087626041408,3.449973888726992,0.14443023282467787,10.02720191206022,0.18434056449852018,0.0
317,76326.44073139157,33873.78888061172,3629236.3245389564,185627.97027546406,0.6488232803590096,3965.1494930920294,1.403734928748015,0.7566453908402221,15.936843980619358,0.22373591696138687,0.0
318,642717.0494492713,59348.82095129532,125816005.62981617,3518526.0785953314,0.6785108260153556,4040.501466497483,3.597784866907295,0.19818000928614915,13.134459181100794,0.13735855180317913,0.0
319,196561309.4894012,18616483.070014846,24956119546.29928,970193356.450752,0.7266601418939066,3930.5748169178023,105.94882284634298,0.1047197271211453,7.277233085155174,0.2848666119046331,0.0
320,8728.788786652289,3172.494591275925,1592969.9966168427,36548.70339529958,0.6541446118842063,3459.79773361236,1.095721322982873,0.0918936615203508,5.910192204083134,0.42973825428009427,0.0
321,44345570.17004912,17904166.55847471,883809404.6115859,100511335.97263834,0.7202658260416609,3391.182046886724,11.882466148105399,0.12588716360429214,9.05895840379918,0.21989158687822047,0.0
322,1586796.208116449,639519.4795903151,13542480.990977207,2962556.068456068,0.7629858491595629,3135.579989088602,12.772606926013937,0.07317059086517208,5.334229653659558,0.3697230872695884,0.0
323,76988335.22045332,29345175.267160643,4347577196.269777,233477956.7373765,0.4746766573934176,3516.6081479574623,4.084576986640983,1.4906433850007144,31.15976667067319,0.060181837987739975,0.0
324,7466.868203574231,607.4713919257164,2971875.726171084,50149.803039746184,0.67047592306043,3748.1629694869575,0.8131615453201855,0.04165973452540852,3.042500660610237,0.4247647173297981,0.0
325,79745389.61343314,8134566.386125259,11670868341.861008,406334974.7701694,0.6369442732097816,3576.941232928112,6.555013279520917,0.17808912496178878,11.762110008500974,0.1836058840273923,0.0
326,22674043.907756224,7812128.484058781,1580779106.1479783,76728934.02529712,0.5648404045752898,3881.8266259160036,4.812516611334154,0.1786867989571718,12.050242946187948,0.17490837631460462,0.0
327,132776130.92173338,49891201.32924904,6607242100.689962,373230804.0053563,0.7138049790655615,3768.595603857162,28.662940598069103,0.15267063136357528,10.921700042277006,0.11668284392620318,0.0
328,3439.1934456624854,609.7760487651459,1139561.4593942165,19901.265244874165,0.6327686862532597,3544.7092568294934,0.5976915478140036,0.05542745863433938,4.194313850011424,0.06711769347296508,0.0
329,28062878.11644442,6966656.003823256,6313493412.544207,142495130.50105977,0.4937951982679751,3382.0505079871373,91.85546855890189,1.5567170771554428,36.28312240740066,0.39333377465704605,0.0
330,8315036.503797613,704334.0030979932,1421840646.055092,45396084.45157038,0.5571937660292288,3613.684078119348,39.24712484194986,1.4744530250419448,30.75262809062798,0.19212305450290101,0.0
331,5556.932267773028,1219.0734646452638,1405571.7353613481,27388.423858912236,0.7478367445343191,3645.24533366492,1.0414901363085034,0.060814322513223475,4.332529639609559,0.2572888301762316,0.0
332,192831.41505645515,57503.12774515948,4437628.196114194,469859.6083678644,0.6437945650416134,3889.4366434953067,1.4976580061266376,0.17121866061272853,11.654013352584181,0.08176554587571169,0.0
333,1016301.3737832848,304849.25019155967,28283827.012652896,2649591.190705964,0.6182438944696285,3787.94577038601,1.2111803546892694,0.08458367417147583,6.174226603881513,0.20238864754890742,0.0
334,896211252.4616,157273925.2140947,71551279997.17157,3431765292.864158,0.6377655389121323,2100.6618795823088,16.085450056239047,0.08516566070527612,6.280701811179223,0.19095067693047,0.0
335,9914806.80567268,734285.5295353929,1966029811.6278749,57520252.860775374,0.6542295553870797,3974.0432355926696,9.273147605343866,0.035230823506364486,2.572299025340551,0.11908427523376455,0.0
336,2513918.773402366,1091916.1604653487,67414975.53272325,5770558.793761718,0.6394371496648359,3776.529562622961,2.9666136288676284,0.13224556288375827,9.245387956282372,0.1820425646484397,0.0
337,7118041.399637403,7104986.374535116,16668875.915743276,7351143.836246798,0.7549970278039223,3908.664097055777,3.9010878814868684,0.07044385778023213,5.160722030342247,0.0856181684822657,0.0
338,29329905.103870522,5589299.074867204,2235377590.9902215,114964929.31342919,0.706300890873069,3600.4251699708966,5.846972079374566,0.07978319912603524,5.6203824546343855,0.12488546134228928,0.0
339,100084841.62283696,10586639.391133223,13192038142.175129,492537306.887539,0.6428364172433547,3726.086185420947,5.432691293058846,0.11825115463557268,8.176644440090294,0.19945823984534722,0.0
340,112598687.90312168,10846511.708313655,12231002087.756142,536229096.3112136,0.681722174178783,3788.075496962354,92.06378197117648,0.1335305696697043,9.728788861042243,0.13051181303438575,0.0
341,9368491.449631741,1359274.3934131966,852961353.3423336,39042596.885266885,0.2676695605329916,3643.835129155619,17.474622482263012,3.4972256663726555,62.383372711792745,0.19763238022014828,0.0
342,6345142.005253123,840086.6322474167,470508153.4588892,25428133.014477625,0.6885635242599427,4090.4182941325917,5.911757525815992,0.05981448471703397,4.171130590886671,0.16277440639327773,0.0
343,134527.97779765265,64334.65008021159,5476723.676372635,332222.6489464673,0.6373132137837324,3542.197765722145,2.4602980148792875,0.11119658424646266,7.316126810218206,0.40473618760742947,0.0
344,1798504.086816907,239103.91470133647,195309654.72044963,7951271.090190038,0.773666657564297,3533.798326189609,6.680872126197655,0.17706159746556285,12.791087245312594,0.17887748074496485,0.0
345,73202867.67046942,13485606.747373262,4765571305.010329,272108328.6424554,0.6668627707809873,3727.01574531387,5.710182994098207,0.10267318268848254,6.80439719214163,0.19190443745123012,0.0
346,73719760.08121482,11252877.565739585,4348105382.202509,276604918.27352196,0.6302923763042652,3599.852282119147,51.68480832570815,0.1782995782542658,12.980755573215166,0.16354356604146014,0.0
347,281149530.3916575,21369492.163147777,64332019477.60858,1672713834.7484765,0.591304638097256,3967.9002136722447,5.759046290274486,0.09365389395342624,6.940607082275898,0.2416474714430469,0.0
348,15793547.806268955,1206761.4252282856,3831262738.010362,96566360.37275344,0.7496924193000325,3359.031724665774,93.17807347963148,0.10649687422811045,7.7344729333563365,0.32026812137497257,0.0
349,25409.198097027376,4438.507527413552,2979722.681867189,100616.17128613817,0.6322753511736711,3950.2811751523104,1.0307304361485718,0.7060390084751348,13.002826781046798,0.1521199571456574,0.0
350,2689.470332372325,644.7310741937654,1026915.7628755823,15998.419181249676,0.6971449091345802,3653.0438599934632,0.44188439730262746,0.06828013275925252,4.852847288735484,0.30643454974051854,0.0
351,14270958.574842762,1090668.1857879853,3147060458.158124,84490952.91796747,0.7694342254574142,3237.7384923475224,95.97373255479211,0.0944174997153496,6.92147167414051,0.23735349041609236,0.0
352,19233.20064426482,3637.7159887818007,3661171.564543283,92424.41468516584,0.6136689884710855,3544.8405769734063,1.8698105486008882,0.10845001477869198,7.581416440813081,0.1308692843534365,0.0
353,12947521.463624332,1512560.1231958393,1681226627.85696,62704776.341258846,0.6050974222180346,3927.068450647014,4.578467622229862,0.1593023673047524,11.783378998020792,0.13298928633794943,0.0
354,4785058.310508779,450327.0993786586,659986639.1493698,24322763.940433055,0.6925275781738351,3781.2021215001196,7.078728200874417,0.1308190173686329,9.68789927006893,0.1613999928659135,0.0
355,547144.7688690366,45190.37067464815,141313204.16800317,3319570.8027098514,0.533965662031084,3934.8500938932957,7.0474801810244045,1.5579614412929974,36.03169040867989,0.1900227490500592,0.0
356,102013332.7107949,17524433.813429065,8326313450.499591,401543068.3554803,0.3209251562579144,4116.430460754842,25.46087569297037,2.176311671128707,43.22038798140833,0.2173452132104366,0.0
357,501385.7576633754,36178.53116334962,159578332.67015177,3284953.054141371,0.49612846326768006,4210.8794191468405,2.199254255394362,1.457322028162783,29.397607975326714,0.4517157171256506,0.0
358,23715632.14805787,6075734.972496738,1603837698.877788,85215838.93953392,0.6541569803658314,3672.6011535978123,5.489552129540009,0.08061636669831485,5.627857409156233,0.17693727482459276,0.0
359,12593847.38812149,1268323.7954832728,2010618915.6859365,65522704.55549896,0.7530996977738379,3014.203191653405,111.34785719176628,0.10624723789275477,7.50765364550954,0.226947959335212,0.0
360,27369589.883261133,8428452.782715503,577387059.1550688,70135198.6174529,0.5909024529196467,3724.135138725015,3.6232652988500336,0.1052526776916923,7.743269765066832,0.09025422331604542,0.0
361,22869741.471368186,3883478.1092895186,1689684122.0011399,88460270.9349548,0.6449413597297207,3543.907149109415,70.75380472000609,0.7640503002364337,17.268732765169762,0.09311081389896525,0.0
362,10536.89856829063,2697.540372870889,2392425.40965006,51246.81609842187,0.6251313425127873,3520.309905075942,1.5591765836571523,0.08465754995487389,6.100243319056348,0.18998704165415006,0.0
363,397.1447847597762,22.736679218028986,304168.67446082097,3509.038339333061,0.09151136728965201,4096.295498924903,0.18380594516893625,5.28720007268364,78.31176559120661,0.2672233499346905,0.0
364,13256.898572425727,1483.8566540216646,3070118.0011236533,70882.10314206935,0.6345449333590822,3710.008780949192,2.4318673531609774,0.13494219466608878,9.461635051734953,0.1879824948479012,0.0
365,10089.406938359785,5484.397903658513,1504381.1432934373,36844.57345087013,0.7238484329314463,3712.9425507767983,1.17759307074136,0.08336494908551924,6.0748882028475375,0.17075739326246267,0.0
366,4628142.997040203,720071.9433487768,332557863.5307586,18085975.727363225,0.6840872798264818,3320.7621787340427,3.5862054218252375,0.16769896283961022,11.69813564953064,0.12893477043562235,0.0
367,2717545.7857839083,410954.3415370403,282422178.2087055,11062254.045770371,0.5455015309033185,3062.7742135792937,25.314580027540607,1.4785828518906723,31.052167731976407,0.3663915608027356,0.0
368,7877.932051417207,3495.4484680368064,1289812.235059803,28088.57766612787,0.7190429445440976,3508.115867895892,1.8321579462256365,0.16048342937276922,10.97470090806359,0.23312077436991863,0.0
369,89050.61729288424,10944.183805705885,11644417.227681544,416314.10725679947,0.6818097913942587,4004.3187181151234,3.650379036121101,0.1811104806206548,12.638689145321685,0.17683278501968558,0.0
370,30744.303716182498,13123.087916307253,2773050.2392589673,92681.85106447278,0.6402752785722318,4074.2276429618923,1.9273396386799717,0.20679209795770098,12.716561247320207,0.24420469833014102,0.0
371,2316069.031324734,360067.19524995046,429773385.2430091,11977214.718946313,0.7066380474382176,3452.1135626406603,26.65940889728342,0.13224642454830962,9.551950621595397,0.332526928664946,0.0
372,4508.475677809863,761.331063156913,1393502.8418405724,25617.537721513356,0.6308655688630221,3606.3530509176044,1.1261126730757227,0.8326182039361061,21.6676682379073,0.15864387699167837,0.0
373,25122821.067442067,4008508.6479858495,1354934022.490793,91777533.5869697,0.6835537170591086,3517.6066551829263,5.152332052891308,0.10400672398793569,7.175214901995695,0.14069090688018046,0.0
374,19263435.169062883,4073517.2173527563,623461169.5945742,57225549.76484899,0.6818489197444845,3261.218163121374,112.68774053979344,0.7999345067140436,19.96591794949674,0.09244979742485866,0.0
375,1423105.3046504029,246897.49089835765,60439441.73593466,4706137.0487492625,0.6701146770678134,4346.843597061947,2.0404166964167167,0.11890635452071958,8.177043654068196,0.054683817653677594,0.0
376,8793.522706226107,1611.506374794703,2194392.3808841025,46248.72387630539,0.7442934896278222,3651.3329492462112,1.265790769641434,0.07573940670726857,5.315746433072134,0.2512677707452193,0.0
377,202337388.2225077,20308996.430932183,24745413679.03023,973920073.4513193,0.6102535762963418,4148.320619431845,7.736820682339407,0.15172147811466336,10.38780781578749,0.2818402071726735,0.0
378,29905453.6962396,5904915.265192492,1547966826.307943,105331776.27253988,0.7125736027319878,3583.5453419514406,7.244447170602554,0.11668048278875665,8.545938748617285,0.14622752976345324,0.0
379,34468.62175144901,25766.15880167527,2424769.609920071,86815.18919769979,0.7183020158535988,3978.4747994672084,1.441428013604464,0.17152594564359216,11.81342366769944,0.3113920693718326,0.0
380,12702017.340110123,1298380.7495888043,2330321823.1468754,69211309.25465551,0.719149009834665,3012.314246617474,154.70175854947095,0.1610493083576851,11.579724579105537,0.22660332689139112,0.0
381,22360674.03860743,2371400.9586195657,3487679065.2849092,114137077.43391478,0.6196360922591956,3728.824410854021,2.385932681560392,0.09231648998971505,6.698024057676915,0.11547713157613895,0.0
382,3923491.428911458,717287.841845315,367935758.67838657,15612143.872978127,0.5136414072384696,3310.3673445168124,31.88847378393776,1.4859201845330732,31.627001157257194,0.11272787019968673,0.0
383,16383.322719139614,1057.2294422330365,6661844.8848882215,115402.23806817066,0.6544636157273256,3836.7588426650923,1.9824392148476115,0.22242047897550377,16.55386765685936,0.5417961084740199,0.0
384,13193285.494373154,930470.1591025457,3122792644.8428864,80469599.69975954,0.759206938113237,3194.6459739347083,92.82711340110218,0.11298203128972739,8.310627744517719,0.2135629747944161,0.0
385,9810.534552082932,3384.912215471976,1827392.4903909273,41959.171762331585,0.6901003020734844,3560.485539749035,1.3375283817212054,0.23888091619164104,16.65304705537228,0.10903385446598453,0.0
386,409791588.6680739,95566113.95517465,18431986091.537594,1290329500.937136,0.6766969340535394,2542.6968823183333,3.623798023464331,0.03732780180217281,2.525580935875331,0.10216466783624278,0.0
387,427479.22809512645,106518.49038004104,25309936.829185966,1364313.7388196294,0.6590165078384678,4015.930875916878,3.783004769793232,0.14197635877323717,9.924309258508504,0.2146544929101524,0.0
388,28024711.61180997,3654152.1431842716,4069175434.490499,131328433.97023802,0.741027583437688,3131.062698785515,124.09484379117104,0.12052715061836228,8.855981665540904,0.266488954911248,0.0
389,4349085.487914161,349420.5348265996,921150787.8246555,25307969.055592082,0.42976175257050986,3653.671413465254,1.651108314099171,1.4568848380621728,29.432234089787663,0.17100426432109112,0.0
390,62598079.853789315,28184163.95259286,2420783684.850986,179356537.05321616,0.6173742890114854,3856.7921614091065,5.377644491165392,0.15342186518807166,10.891526009488404,0.07087611587664554,0.0
391,1330798.3180281674,125708.55514297626,157732761.419596,6434368.028492455,0.5553215040874372,3750.1069506542044,19.85211455730271,1.5177341989982371,33.656654608156494,0.18215943194677886,0.0
392,6470227.808871906,1581520.2919276857,244162336.2550347,19568717.44109702,0.6064355303103888,3954.746181919925,3.2584408669252745,0.09952670786474052,7.190852105555005,0.1394274803694945,0.0
393,5403736.521279015,700035.9631914666,814375138.7435808,26378848.01381538,0.6201509403025021,3925.523597403015,4.9539691169342674,0.13244265785202058,9.261564819228855,0.09341253781038886,0.0
394,47082988.00157447,12940050.272335203,4523222965.380409,180306756.59261432,0.625914400293437,3854.4060719213066,3.8853765932568365,0.1437336678631409,10.092371310432432,0.24353274151848536,0.0
395,105659958.55007102,39519747.07474013,2607791680.6500826,235136098.22031274,0.7983979761657743,2897.8897879517726,270.64194908904335,0.20668410685178076,14.68170971193805,0.19930109049199615,0.0
396,14962978.82255796,3088048.5983274737,934481916.4256235,54493214.316962615,0.6665985549927832,3850.5713029457734,7.635697796672927,0.1471365124984323,10.545890995920342,0.13848421733318922,0.0
397,16976048.35689347,2003316.2398329296,3041963109.270738,89095997.16375248,0.7138373133418145,3046.9784879211397,100.07952046614794,0.11953048871307352,8.677994470555586,0.27539406594041516,0.0
398,118440.76527511797,81079.39599262935,4174824.713264649,259266.36842334588,0.050937641867417324,3302.7926431291266,1.6136268303896963,4.825372696814185,82.52362075546789,0.35512568256453336,0.0
399,4561128.21081417,488090.8420602594,657887775.660207,22588334.333248306,0.6817554253122744,4189.663362595715,5.805817108008798,0.11902585738059734,7.9399741319279284,0.21845430694290702,0.0
400,52474174.4592057,10401201.882343495,5924337112.48232,227268551.92752916,0.7107913866718325,2937.3905950579206,225.22469856926983,0.16324715869752443,11.08715901634329,0.24461374008400244,0.0
401,27012.873132203495,4549.27511657353,3786750.801304488,119946.23800194198,0.6501864201721717,4061.162492546977,0.9845093970672749,0.19595449593257772,13.211337041872762,0.43885514449106217,0.0
402,87360967.5332099,46456453.05143219,1255181742.2197356,165422283.52122042,0.6941330847127836,3781.8193581752403,7.865217244413263,0.6936923302047544,12.091506795815508,0.14503489177507622,0.0
403,5085528.813677045,608313.9477410917,487945720.6386776,22449640.335703537,0.6724793190788864,3749.3806812849607,3.6999542303327715,0.03718327674403765,2.754168182544845,0.03434733206822104,0.0
404,10200371.209855512,2376107.7474155165,1519161774.9510381,48358723.323764145,0.7460856528468668,3513.89881199343,81.32133205917374,0.21032521634445372,15.045883527769888,0.21919854084328022,0.0
405,15548343.62098071,1076564.3867429874,3339437010.9637113,92786307.35430291,0.7379136487488347,4018.3441510017465,18.861345881539165,0.17074804654629316,12.181095285609072,0.122421302680817,0.0
406,394011374.4372879,96943410.88693754,15903235813.643703,1194617380.793446,0.7381535086208788,2714.1161786932103,10.851599470240107,0.06418513739091276,4.453765207482659,0.12225278196099874,0.0
407,24469832.66333244,3759260.1747475984,2874241076.5153265,111117505.29570997,0.6571643317018954,3571.5874428037355,3.979255782742752,0.13884344263860804,9.226650174234454,0.22594346075964017,0.0
408,825392899.3084022,98737839.43799129,68288641880.39476,3504220667.4066787,0.6263671264377274,2741.0543323344227,7.165292552044075,0.7128939837679824,13.315314762459092,0.1511537196424991,0.0
409,520883.25087321934,37448.199380036254,163204382.16659528,3400209.2908160985,0.5211029688991122,3500.8928804490297,2.4300143724799166,1.5191576522127639,33.52633914297001,0.24688371114434463,0.0
410,1505127.2046435496,109665.08060639961,377305014.05071676,9230017.180454297,0.5562159645358984,3611.3451612776616,12.110256935099637,1.4905697339545148,31.597712258085515,0.037566277792921265,0.0
411,45616112.10403407,6668631.281839843,5076093854.166952,203805716.12163588,0.6697780476020252,3485.8349824258185,10.149622774824168,0.10523967044425717,7.162680028209651,0.1889593259698802,0.0
412,425809.7519412458,32072.55196306938,130579750.64174703,2749690.052392874,0.11616359643147071,3590.82982079287,1.8299205173707427,4.095067632196474,67.61673161827488,0.3526056141537531,0.0
413,104956861.75594361,11790517.644532898,10337063205.533916,470828888.45271856,0.7256397321410135,3996.331648675404,94.52067535882256,0.17135585516279894,11.980697195617578,0.15143009142088296,0.0
414,70734403.76620522,13067728.491700228,6081236633.148809,281383152.1828802,0.661776051900449,3721.223986645784,6.002276468417056,0.08881645776528942,6.443152688566181,0.19749719345248018,0.0
415,66634380.91735993,6741020.174945963,7073722690.505521,311912970.6426054,0.6644807144258064,3724.790952893038,27.525231890511176,0.10380550049087711,7.8190057043554075,0.11061822294438135,0.0
416,1759991.6376795818,498129.14014311024,105973895.80625948,5840344.272125447,0.7093011675340762,4249.344152858537,2.6128159571579537,0.07149211382806726,5.057109999009134,0.057947723252371616,0.0
417,23838.635214562753,13002.992886976106,2616241.478594617,77211.28351655407,0.6923547516512387,3756.2214814295094,2.463361482017872,0.09362173886785712,6.5568182049969055,0.350993594027241,0.0
418,3116048771.835477,635930500.8994071,75104326819.74957,8991337235.301989,0.8054003029096883,946.851444919077,213.606121971721,0.25062378068999075,16.7328323080321,0.1239999048933351,0.0
419,2283.902731930214,318.1770828201361,977906.930325238,15022.16392834179,0.6425185901799162,3740.4072342800273,0.6826662514288531,0.0909155750523909,6.453379341392809,0.3036575513841782,0.0
420,36659162.559274316,4290844.217568366,2734222807.888767,153678755.70516613,0.7128732851190377,3900.2309718080523,7.210213469324984,0.10553985664608234,7.382230210424329,0.24381875766542402,0.0
421,51916283.62513555,6971099.832388828,7164506096.504347,252271523.79159275,0.6891850363937906,3379.9270388058267,4.331533059567896,0.05136182973940491,3.7146262363631424,0.03319064030279969,0.0
422,77211556.58981654,8687022.070220772,7176047462.01592,343159706.01923895,0.6909043899103078,3400.8638575338236,36.53276983361293,0.01818778778161336,1.3662523552530075,0.22610902139624,0.0
423,2420.828852116577,250.27258759352185,759637.4165849336,14488.62553643739,0.09626560209674205,3709.3337116987377,0.8201884635342673,4.815389641217843,81.73736349137351,0.5221226036981857,0.0
424,15772144.293527955,1260505.9236755478,3734786732.402137,94340056.01012738,0.7531479458735502,3221.561237509007,120.54392714679314,0.166623509817558,11.945034115534966,0.3005761181572182,0.0
425,17591769.912111945,2916176.448555398,766161759.9035124,60808577.3783281,0.7320225081351912,3665.2571971128873,5.290250281024992,0.15973526305138136,10.970279646295841,0.2090662714654637,0.0
426,6696.614198899008,2007.9587640894144,1846631.9691231507,34632.739717622506,0.6847268906020998,3509.80500875881,1.5838476053155683,0.1398933112553223,9.860888819067343,0.45337076554679506,0.0
427,39144195.22515418,4676221.744031118,2797198398.424398,161853364.51576194,0.6863781241737148,3962.942983617171,9.338599534084116,0.7439189846218691,15.697773586406338,0.09096780591293767,0.0
428,14601242.964174723,2013515.7259299469,1735844918.198822,64876681.46648735,0.22602991399808364,2891.522433158839,66.12489215061237,3.5486441343900843,66.39286590595432,0.1898898499228505,0.0
429,39894520.800218076,4102665.955008091,5227442236.596331,194467676.88373247,0.6480531938760593,4161.505594840507,12.053714864251628,0.1036859483407584,7.828385789363047,0.2710662794860144,0.0
430,3246550.482849452,490652.23033087945,153486955.70284572,11551309.13553724,0.7240740922350957,3500.5916846844225,9.079810755802662,0.07703648053778575,5.3997527048066845,0.10500782997112289,0.0
431,9498331.309638072,1586751.4507686247,808077150.2336146,36349942.12763412,0.7086926111481281,3190.8175809637805,46.3284952118129,0.07557280579908543,5.385895816344906,0.30732033296691225,0.0
432,592842.8104174735,217560.05490725682,39645153.52152311,1797972.320180297,0.7701292379687039,3503.024665490874,2.5888503011653468,0.1561404826845963,11.232589321756699,0.36540757812309427,0.0
433,10177900786.68994,1560339373.787352,439424314866.58685,35617897236.575516,0.6892832298604924,1167.3733977093093,494.96185768769067,0.7908064051971755,18.9583854342033,0.058314617935385796,0.0
434,7959.2546010234555,718.6869164199869,2235639.6571781365,47406.44789414472,0.527492658686783,4059.7586082991484,1.5770638131528638,1.4697271455202432,30.120556689372073,0.12193734008486741,0.0
435,42718615.910434976,5709542.122407373,2925253762.765877,168950526.7800414,0.7378585116248808,3729.883210168875,31.599303362013508,0.13847730879289494,10.110420963400948,0.1124917301300266,0.0
436,35426525.85519703,4176010.678722021,2577031830.5355787,147426519.78741,0.6930798595454951,3583.444885471803,9.850036250499539,0.050488796356994214,3.579019662581021,0.09466362376722945,0.0
437,1395.2157180105428,120.58024800499166,573910.562179626,9194.743346394895,0.41200479668426804,3917.9094783262394,0.4574310206377697,1.4638674455894416,29.473065769714168,0.37816522360698207,0.0
438,22336858.685771376,1874896.7134655577,5763700233.298193,136173447.94757134,0.689225660453717,3148.7666763289303,51.22673159456243,0.016293882866576136,1.099300380686347,0.23289281916356114,0.0
439,388181.6447509536,51182.72875449547,37309686.84105112,1657498.603113321,0.663703232262133,3451.7164898478663,1.8820045580635647,0.11059376492387471,7.777500700813404,0.3351395550168904,0.0
440,14316.381815585564,3805.0812018516117,2447204.005005449,62721.70458713958,0.646485318836189,3963.0426971364504,0.878223716348378,0.036809943465815655,2.7368189986362097,0.21010893889418694,0.0
441,14244.859973391936,11777.62914723082,1187263.9141895105,32345.241675585472,0.7726388306913653,3705.2089648632355,2.709935812260015,0.1692067589700562,12.123712641236503,0.12751793530633726,0.0
442,374046.01577370137,230716.04750863704,6111947.386906494,675730.7918556922,0.6489689371366603,3536.641690075722,3.374246408344061,0.18130567487088553,12.00760310419312,0.2900179089109787,0.0
443,89752185.99198198,43409666.87825544,829129714.5501597,158325569.4968043,0.7887198298368636,2812.74987515719,85.22647635519296,0.15444832632320998,11.564580765982331,0.0994310497138776,0.0
444,43731900.53013085,5816791.0976054175,8523780830.773651,238600490.3909169,0.6786885624431113,3301.002757014055,25.193726751676916,0.08770662561201466,6.317180968522368,0.14305645371459516,0.0
445,17550.109248211065,12029.659497280929,1173086.285313715,40282.82815286172,0.737273969988651,3842.900073364942,1.5708740325151223,0.07703972863881878,5.34339772870418,0.2094055542635721,0.0
446,22660948.356894292,4283167.316178258,2032965580.8073776,89397074.30022082,0.7133840061151999,3075.676634777718,111.82490684551082,0.14438976588213598,10.549769606498554,0.14511835212750152,0.0
447,1479483.0007477896,192799.30158040408,130046858.37538385,6327761.484451039,0.6848892950680152,3795.8393270571914,3.7847025063606012,0.12972552027644194,8.998280563306015,0.14605620045617723,0.0
448,7016.859377557781,1429.7689864068884,2022448.2020774826,38195.530713722634,0.7502426674110518,3528.7335863903822,1.5370994556298718,0.041669397505419425,3.001918222225848,0.2625111041690739,0.0
449,17654580.391524393,1148855.1857633318,6082911944.769775,119717885.97304603,0.20948405470650444,3700.79650855454,42.59193912882826,4.844697372341889,83.86792756383186,0.23664990581301068,0.0
450,53188248.61613097,8266756.667793825,3335303648.6935177,198636848.86675695,0.49204036103667337,3257.8391743705065,84.94461905089324,1.5163529614593747,33.55460868348034,0.034455525737164226,0.0
451,14509316.906339204,1926874.5690818701,1857854823.6794026,69026628.76982445,0.5339859321697891,2868.729265894717,53.91167395887026,1.5364723100696944,35.0414334495763,0.09064452973244322,0.0
452,353205.1471908671,171355.58433875832,7202722.09805394,697776.752427515,0.6481472128124107,3740.384315393158,2.798802138468212,0.7219142397801941,14.14036777831178,0.1940646287439398,0.0
453,5122.00899487091,1065.329990028357,1391985.7063117828,26687.739440248366,0.6483685046502544,3471.6314531525495,0.6166460935497353,0.0365325063312012,2.2480817693412574,0.28239338540977543,0.0
454,46032898.71252872,10257698.844322095,2294630675.193486,154447798.99403384,0.6713182694393757,3736.3218714471636,5.324835373975014,0.07938884195195843,5.635053288813308,0.10263845339894588,0.0
455,29305390.053610913,2345767.0324237808,5967279709.6851845,169563362.95669308,0.6714405054217393,3875.832110200554,41.17983828673486,0.16794639641066994,11.309446629151367,0.21855112315920086,0.0
456,19026.552827715794,15174.053624240894,1190350.307505409,40299.161162245065,0.6870604125368246,3671.292534574699,1.2868530474717093,0.1462269656402178,9.855254199423024,0.47239243409242404,0.0
457,16950063.340486567,2244329.677007245,1669776301.6443799,73356075.15836103,0.620546413132243,3893.343530648573,2.838438566018407,0.0907852037206613,6.8116860145161935,0.11285514805680366,0.0
458,10547.120483682182,2358.2615135202163,2297756.123041564,53619.29457200586,0.7025578727217396,3582.775426584973,2.2322959756701857,0.15383192136002358,10.875539833157328,0.13383465515276838,0.0
459,916538996.967267,184200221.63185483,34464038703.22691,2856148263.7424355,0.6656367813134356,1848.122093411116,9.196540112428462,0.16556037764576131,11.667505535203281,0.11691443577240682,0.0
460,23206613.486179557,5386264.070365569,1086103304.9721634,74563502.27757654,0.6534563250274256,3380.1416578287335,7.307787968466706,0.11059272650750991,7.732128395458813,0.12153953516996732,0.0
461,7389319.006673329,742453.9569938591,1120088061.5220463,37863529.29071624,0.4866550588607887,3815.1171480236426,38.39424589900907,2.1424260437490075,40.79994710188805,0.19487215924508253,0.0
462,6529555.813354405,504140.50482019765,1106119091.5834172,36035478.599310696,0.21669125361246572,3749.8672780569977,4.66629504185627,3.479544233518278,61.373996204450386,0.15728839680755619,0.0
463,63344685.8182082,9299360.376884678,6157791147.036853,273789735.6259223,0.6241593405369525,3822.145772732015,4.218360464795789,0.10956785053855542,7.82592674377279,0.07239890118542908,0.0
464,7085867.639953857,1878473.2094820216,307853792.4208035,20229846.412327223,0.12964662849253047,3624.5608550901425,11.063223832373478,5.527342020736254,95.08556105723514,0.327134161586052,0.0
465,19705.419144458345,10076.28143305059,2608383.494614965,69006.94264981024,0.7245968423237399,3810.9834708472945,2.105476838066207,0.078359171614379,5.590732955363516,0.230210476693061,0.0
466,7951470.898065573,898116.9873658794,1332912106.2332308,42841970.09090338,0.6886819828269989,3855.2043537576183,9.103489368521366,0.09513817282558916,6.704470604037205,0.16799154187859927,0.0
467,19361.04973583507,3742.4320860841785,2048914.3793766652,80723.8582306526,0.08840560222283804,4025.732917738961,0.8926917439078381,5.439407537605285,88.76096119118705,0.23487657825932712,0.0
468,624596.5292901571,66490.2884524852,99282087.61095457,3124659.6110274442,0.5865279159876509,3628.4742311976897,5.887737826058747,1.5616238743188966,36.42895566699998,0.3555154112481037,0.0
469,12883.602181054299,3850.9966397918265,2463287.2955947192,56208.631016288105,0.6559250083910085,3670.2919321141735,2.1807016194770212,0.0977336887317711,6.919772575528311,0.4119362302075282,0.0
470,4788.481283828934,997.9586094399323,1688866.5091498843,28833.97214580978,0.6474976951957544,3574.3072474654723,0.7700532751390067,0.06764165828941548,4.842496554844819,0.14908575684922867,0.0
471,339076.003049571,43598.31315279122,23842852.22999697,1346498.356248647,0.5037767028457683,3763.151787242955,5.468119163689055,1.5366862059403537,34.970576039700255,0.16473020582457026,0.0
472,29631915.806265246,6070240.445313854,1732275137.4276874,103491368.45876619,0.7025595368078654,3993.931951747487,117.9686952795574,0.8138162140360787,20.74583682225059,0.3456418092848305,0.0
473,6906.957236459678,1126.4665408815267,1296606.3868739766,32842.333906577354,0.08699429060599276,3865.5328938408984,1.8718593522057296,5.485324344613987,92.12567671499758,0.0916040099670104,0.0
474,2621.978340722432,764.8181345370072,1005056.738380925,15288.406057867716,0.7117713448774076,3659.9020583748643,0.3597421424550887,0.04002267462387188,2.7581128378062916,0.20261535611490045,0.0
475,3987.308261818106,478.68228437311154,1178453.1507684323,22534.269653633637,0.5839721402504059,3829.1364187842,0.9612298570286744,0.10011457953966615,6.987729910200575,0.37364554282464335,0.0
476,108599.48777902115,32712.88794080272,8442602.648955917,355652.0754996642,0.645823985758146,3911.6048252026862,2.5254532683131616,0.7430234635524074,15.73740893196948,0.3447851486107809,0.0
477,69893290.46584108,8576573.471376847,7805618567.253296,320832960.818226,0.5892759184416654,3335.8470378476145,97.9500895571334,0.8071473044498589,20.12600203075611,0.05630216056717412,0.0
478,31179844.604325376,7416204.649814086,822393906.6160161,85702057.184625,0.6684126739336599,3315.7267586948365,80.15106604949871,0.7932124012665366,19.457626333044864,0.1361588513904656,0.0
479,5176.4516449814155,973.2416028634873,1587775.7005167825,28519.121548379306,0.6702810130297208,3403.3934705421825,1.86817368864593,0.19583523111613851,13.895791217182554,0.19698798233246717,0.0
480,9755574.155626917,923573.5616471509,1131198733.1048672,47323765.882827565,0.6638921323617296,3656.925678065807,12.328387116929248,0.10766752630128576,7.778619059244105,0.13265702229462653,0.0
481,2002727.1447894196,1005635.9594462184,85305115.69876502,5359183.29884525,0.3692737818412291,3804.220814911414,2.3575699911207595,1.5494629375416493,35.602709231944594,0.3296567471252114,0.0
482,160362487.87753588,44433646.82142006,5576364831.054441,472140876.1179689,0.6898739206774761,3636.5374472920544,8.499528007079107,0.09772475063521205,7.22856648609695,0.08146456716572352,0.0
483,15458322.88785634,1510458.623534536,2560931354.335038,80551329.22024396,0.7174734270190088,3385.6577347438006,85.99428566335729,0.16154421133160568,11.413445147179123,0.30134050881604985,0.0
484,11666054.284601556,1280355.6262261618,1610779404.387228,57921539.77156816,0.6821669706752982,3921.654501585773,20.10326726366179,0.12443660821927409,8.94977993627349,0.10166241082253034,0.0
485,471690.1413255835,97193.23694277687,42574907.02458433,1780120.3757411267,0.604697928007565,3916.995555476719,2.284232894319947,0.148338944067069,9.258701090960079,0.2091674452958003,0.0
486,13042.03956161557,3208.5098532929696,3447695.484018293,69626.46778887065,0.670992496549492,3663.0503515030505,2.179785945174778,0.11356477616070978,7.763108436195682,0.4204464248747968,0.0
487,10919.85115617904,1062.1768636266454,2422963.703777199,61409.5293465921,0.3943825466642341,3874.6761024649313,0.8729590441781379,1.5115775517694967,32.307651819501686,0.2078792867234828,0.0
488,38674.17133728509,14779.96132895269,2445935.7739933706,111003.96322473364,0.7822785047370344,3466.7377780471224,4.2127579438758636,0.22189308554978737,15.70658606437928,0.3033452434514459,0.0
489,2435676.068471654,755292.2272015449,50891590.85574609,5754158.869489337,0.7069383455738656,4116.546699132936,3.701788746314413,0.15127013539617806,10.842595677179567,0.3965833538043903,0.0
490,53063511.37372066,6084088.006024304,4888626630.000811,235194893.6644218,0.6217307099871617,3686.3746036817006,4.780420722128404,0.10221845222166177,7.305823654793164,0.12821365214915734,0.0
491,2517.434686446319,1041.4541391914663,876044.7561537368,13529.514825712802,0.6426407734443448,3537.0639610948037,0.7268629427983201,0.13316342503545756,9.798346650084266,0.240936289741658,0.0
492,547176570.5492057,182322348.3655777,5260864887.586222,1142519927.2458954,0.7163374906335102,1609.9786924598536,14.342932089042206,0.11719628913180972,8.605482439674411,0.04806508404129445,0.0
493,2751750.0796281537,181013.96889798949,651744065.1526936,16924775.19386752,0.5023081615818535,3588.5958868884627,28.50214872651933,1.4888738414335576,31.672421028035018,0.11906233222427186,0.0
494,134698.19773086425,46046.51174334084,4984894.613058816,349751.93960206356,0.7714483027519395,3301.8237542677816,4.0829757915362,0.1473939041828297,10.102666445507065,0.1648454396773909,0.0
495,37917776.42660326,7535039.36468661,5110376088.395437,171246153.1096092,0.708092433625842,3277.1103677044284,49.88478630578096,0.10583137119460088,7.60776435107054,0.3209344977111433,0.0
496,55619105.60810065,4946230.495039593,7101764831.594927,279875548.0078239,0.06921968501553796,3988.7209778423903,12.250411262088551,5.480698658045396,91.60785892583282,0.4346860169519682,0.0
497,14189005.302035775,2263673.908060468,1106016132.4469876,55669399.80818025,0.6303771759256552,3802.296775101028,4.056460348675684,0.08307672006948374,5.84383953519662,0.18237611594838252,0.0
498,11049284.422265794,1433186.5391997702,866291719.8866943,46095413.48176267,0.6922996912294531,3611.6978198052193,5.333017367919253,0.1639006788490689,11.733664476656218,0.17685465555013183,0.0
499,2568654.4461614564,774027.0225717446,29943597.93055429,5729346.0364417955,0.7391292878342378,3566.582812769798,3.5941173084401488,0.09760443520938686,7.157449698455478,0.31882585233827593,0.0
500,10184796109.085361,3599856425.27331,88499691467.30423,20501501009.761086,0.7672098777622021,330.4344419638656,28.455099043846865,0.09849228023075991,6.929736864078192,0.03698629834021231,0.0
501,324942.21656834264,80700.66789983999,14226057.268601757,986533.604093089,0.7480237761862504,3881.871595464626,4.731313191024138,0.07368183815892992,5.410251547952366,0.37954942182868806,0.0
502,9741.731457182503,4091.386756543447,1806440.227596439,40058.71742454448,0.6738042249997225,3460.5381084779383,1.5568497515549047,0.0837308715442874,5.886413791164597,0.1971438134278211,0.0
503,22273219.818228368,3430845.9097923795,1884526862.8690686,88133580.95165467,0.585296187660086,3454.6363043513493,38.15001397343198,0.7656912415477948,17.223003734805776,0.21569540518965294,0.0
504,17604.542463123664,5026.064043722528,3476360.9895852134,80200.97000130694,0.7648340624777091,3800.9603628878103,1.7585102193645048,0.047455847454092925,3.2921772177001616,0.1078844309990952,0.0
505,22014623.96494114,3029132.985492411,2353630452.328959,96845125.60045421,0.5906459987170837,3835.9868984969385,1.9674988185774462,0.10113861895420531,6.3991124377471476,0.2425592674349574,0.0
506,195173968.96235508,67802619.81222737,2374985676.4357233,412511236.67412865,0.49093256293853405,3238.436215174924,46.50355564316861,1.4471195079867503,28.65910344609627,0.11145795104584695,0.0
507,304619603.15394413,290531524.1193644,2687816829.2061853,412400312.4702758,0.7434337719007107,1615.3947476809822,16.484660905713163,0.08833208330024434,6.376182889577119,0.037092305171347616,0.0
508,24510266.539194446,3433299.0509339264,2779728975.791994,107828368.19421872,0.6531171392084241,3317.135870983984,48.875298810316934,0.12821974961417873,9.670114152989338,0.19249612625628318,0.0
509,40952208.08293153,10619218.274059553,1045886440.5864273,108613381.18229571,0.7437277739338635,3259.1341483123874,81.84148682124865,0.1103641524214174,8.086558877942043,0.23264092316506152,0.0
510,6519647.1593159055,1206804.789496745,385173042.32322085,23738449.564280853,0.7045891174238099,3331.150162897424,12.886975815463455,0.10310759795418516,7.497343883979278,0.03655677153726283,0.0
511,1727306.4364831683,370224.79086400266,101806716.72259545,6033654.174635063,0.5073801950848089,3960.837448796511,2.9593173499814833,1.5704627890951535,36.83394290244512,0.19886906616709152,0.0
512,4377.979281090901,777.3926860220369,1146790.2528382249,23628.249377100663,0.08989639820470394,3571.2151720659267,1.4422702972498425,5.470035249550738,91.18314072262538,0.13288245682528577,0.0
513,130815990.14926997,48636013.4188817,2718051502.445112,305811852.09659094,0.7004769876132626,3477.177281344705,6.232550676821136,0.13673878353648963,9.640205237918313,0.11140785252419708,0.0
514,2258410676.3249793,984867377.5073458,35148224364.614365,4531690545.958606,0.7140533432475552,1543.5704412635341,168.48785755807796,0.2219038936144037,15.76503068750209,0.26686279582489514,0.0
515,8387.972385598081,3615.132724894151,1053163.5672614272,28667.954872556664,0.49868962241969134,3610.2861458734924,1.7811708016713677,1.517425860574953,33.77750754374643,0.19972512670255982,0.0
516,1556276.4865534743,368691.0484742961,59069006.817432664,4714038.1291083,0.7237968940985712,3525.8356542667143,6.494657535298884,0.1155070031487961,7.6693934085172994,0.3765448706896831,0.0
517,102847150.58644086,15052698.117639255,7385708652.745738,411276789.26305884,0.6517004126297976,3620.375192059412,3.8290058556766438,0.05574239307744762,4.095187210567909,0.1622583914734485,0.0
518,44411252.01407141,11459277.148032198,720220638.4673569,110247087.07927045,0.6701113841725644,4069.765172208102,4.57719089597617,0.24706968217306474,16.200118759436247,0.1471441880713325,0.0
519,17870357.741202664,4646248.88822615,305871435.71717155,44728382.07297261,0.6837014748513053,3794.870173070089,7.270772291579173,0.7798453857930804,18.274791543334885,0.09549583345111418,0.0
520,32825023.141911782,9146444.666316,1476713397.3258185,100026474.42622244,0.643051295064601,4094.765433217309,8.281055759417207,0.12047446704124294,8.449615485502914,0.1877333837226626,0.0
521,18029.680564456175,2172.3244797011407,3585710.4382877336,91941.41804052582,0.6494815384214697,3808.603852093989,1.7802316877128317,0.059064407479493666,4.084431374693983,0.2014759964316773,0.0
522,4308684.970691648,548153.2423971371,320810335.9011375,17750615.800025064,0.6334343883785605,2784.7939280640753,46.86441002664374,1.4993458368631947,32.22090871582829,0.27871526382756223,0.0
523,16651150.49953841,1240013.1275367083,4210039767.4546165,102641937.74307454,0.7015819769022192,3495.1956294799784,59.18003083458079,0.7499744989695405,16.47440772566017,0.26124015299271,0.0
524,270196645.76861286,26355151.20279549,40573325354.68393,1381175779.9699955,0.5453003128595906,4344.618150107049,3.794900865468552,0.16038020734970146,10.580581302470712,0.22002505632876224,0.0
525,7201110.12059548,991359.0434036395,522733711.5209657,29064651.07202252,0.674970008160309,3620.205254170276,5.419725584592663,0.797160066467031,19.85228454527506,0.3372251116190601,0.0
526,30995460.025467973,5917515.224506965,1347998171.1329522,103358003.4275726,0.6771545216396322,3634.3271795242304,6.121889885218156,0.07894104335200333,5.694301900397887,0.24429051479091413,0.0
527,26713.028899826597,15615.969688009467,2005516.8345118116,70534.19972940841,0.6734316096877844,3449.332239180875,2.637160920794444,0.1345657067470361,9.25923037900005,0.3305377161726899,0.0
528,6245909.696420593,3632554.902246283,248038855.68739328,13172364.999600789,0.7917000247860138,3713.6127272162935,23.92983951354263,0.14299548489282304,10.511768314650078,0.2736428850400621,0.0
529,16638778.097932667,1867780.2905142182,3145182060.753604,89492324.24491604,0.5532107534236185,2490.703189675419,280.40874190067683,1.5405259570625245,35.27339195452282,0.28748789020192056,0.0
530,78037835.72253454,10163919.363186419,10742902392.753567,375702950.2980035,0.6177109060158551,3709.8892722203805,3.804894472638078,0.13031930623278445,8.698444616882579,0.14261143257080208,0.0
531,16840.047714361484,3894.3333923292244,3203899.0302008823,79338.2471816898,0.674073001181342,3851.55242861195,1.73636594619378,0.06457224832304007,4.556514257607416,0.39047628127500245,0.0
532,9130840.79250743,2037611.9812656343,404950595.5538481,29927062.233182676,0.7061159197388911,3648.272025498767,5.876934685897516,0.1229898372773734,8.756499691199156,0.11408373125365917,0.0
533,5771732.886255164,891398.9260467186,397723089.19781804,21999891.131360747,0.6292067661108953,3634.2034480412276,3.961210347561582,0.09216918048524976,6.501867756499029,0.2559287417591969,0.0
534,4957267.776057815,478127.0395668666,1180936854.1610923,28981721.076542456,0.7204668903555153,2981.9078506929254,18.37019355988727,0.12506829005159908,9.137384374624137,0.29111810349420425,0.0
535,12043123.66107997,2468414.003285478,592162512.6940311,39507886.651748575,0.7662513224841422,2825.209130965831,87.00871175554151,0.11594480813268912,8.262717188394493,0.1244347136909772,0.0
536,8571243.502426755,623474.426346895,2041249599.8936152,52165963.25377242,0.6884897912742722,3324.4370916850366,14.981392994668663,0.11475228187116401,8.294641013708429,0.2703987969938987,0.0
537,7033.573557155927,1729.667639973446,1543676.197937794,33362.34607677462,0.6345386372312993,3539.697107192437,0.8824807724680593,0.03843489258350328,2.782296302710057,0.17367340935801953,0.0
538,25507.45861372247,6365.425515462593,3096686.832205265,102641.05754389425,0.6104720844288604,4040.5798494570527,1.3007518480128357,0.2050178640836049,14.032840174773394,0.09715498519487678,0.0
539,12427.891312794993,2105.7174769974717,2183232.3327230373,57892.32579169999,0.7061208451319911,3681.200981264088,1.6508007036990833,0.23468297264759103,16.737569313776532,0.18412961211287768,0.0
540,21011502.168803092,4682481.580190899,854406758.6184518,64302730.5348504,0.6869401920968837,3402.396226304028,7.053113884948217,0.15489587572282382,9.946525084942344,0.17904878668996244,0.0
541,12801334.871511666,2239751.411673949,897013475.1521782,48388356.282126404,0.6418062127759124,3563.613309440337,8.351421729507406,0.06005668063605496,4.546610383918475,0.12755336409600856,0.0
542,88832092.32083026,28529298.438469708,2815897527.7604446,235023138.86317307,0.6996442300550975,3608.365659773917,9.514998239683797,0.11334752255062082,8.589931336530526,0.3002273097283733,0.0
543,3118228943.1338725,622480062.5099696,99135843992.02121,9388948358.567625,0.6262526896302776,1199.2273760683627,11.476400686295154,0.02988315710370717,2.013873900655585,0.177698850513201,0.0
544,32446568.595869727,2389758.1220080378,6331388301.765282,187507468.89319584,0.7051023828564007,3683.0801032564195,10.766282103359575,0.03763262006806256,2.70772542461489,0.20374953100033985,0.0
545,1160049.997441548,236676.78475611733,30870763.0172347,3358664.1556371204,0.691870093218175,3412.7726684008057,2.2205952413178918,0.13601578343351967,10.050859654526612,0.2606399628456585,0.0
546,29862613.803220995,5428241.0482458575,2496585264.4043846,121414090.16643456,0.6923495035030842,4158.315167398006,4.73271677003291,0.13269773845134658,9.607383508157243,0.3261851375782828,0.0
547,13177.031211793475,4161.085503987733,2096662.128887558,55489.22253668879,0.6419487572072898,3456.644095686106,2.1366735504072927,0.1092715284870744,7.595249901093602,0.28801372902091704,0.0
548,1321.885181513794,98.86107895722276,580987.5805831176,9237.62738314729,0.10198890924985667,4204.273332562142,0.7768933590797245,5.456435459217127,90.06143548122947,0.3204961834430605,0.0
549,39550451.87162934,6919649.33274935,3258682120.719626,159023814.91841987,0.7071608396143689,3920.473662704637,6.695940846931984,0.14962422523300684,10.595866422627662,0.21168473132293886,0.0
550,6853513.016478029,1498911.6502888151,507778753.5512182,25854527.716996364,0.4815412218886614,3674.6780863652093,7.84876444627303,1.4893216461379688,31.604070640290217,0.3757619767890753,0.0
551,5753127.8146766955,1760998.9121023458,172902460.8343591,15576840.474639976,0.6704525538971174,3877.2643188261795,4.635931995437681,0.11234555509059421,8.162916359934135,0.3918340930572793,0.0
552,4499.235783564822,564.2576440874105,1591193.6126636148,27779.816033554805,0.6906465627259583,3716.583313907615,0.6724833860107695,0.06849707706665323,4.73822650176281,0.2825248772907409,0.0
553,10115740.95733089,2536487.8255099896,268117479.15462524,26603158.91924787,0.36246587804737235,3404.2553566032693,5.521894757723308,2.1322947641640626,40.02119096052696,0.38775517301212786,0.0
554,38052506.54970525,5044130.956952067,3552029604.001523,158677136.4842702,0.7361988118465883,2852.2974340860023,166.2134308957601,0.1830305115973639,13.656843963335263,0.2552803889629508,0.0
555,8921202.471852025,982063.720964252,1112441576.9100652,42597052.53807326,0.7886131388168331,2604.4104534329554,41.27948337365491,0.043644836928716305,3.147388874716621,0.06089185925491173,0.0
556,3607182.9568997817,552276.0095447544,323836139.7183193,15187780.866264155,0.5852496542255727,2768.4036895831514,65.1120186165129,1.493653634719158,31.764271965394283,0.07038159999910146,0.0
557,11825.849891830096,2313.7492720755554,2581827.921902072,57542.616059648186,0.6638039896618091,3529.96573265238,2.137006112286429,0.07645887389798851,5.462677929063266,0.37955620377852634,0.0
558,41856915.054874524,8344105.782731411,4704991047.7528105,176054233.31050366,0.761376970575741,3248.8743490084103,151.92288051838122,0.04111700851594087,3.028342135802757,0.252848027342785,0.0
559,24523.711368115783,14027.273115535738,2923638.6219017804,78388.14716841055,0.6825780126639043,3419.84094062735,2.7335196094955485,0.11344206359482012,8.438450446255713,0.06570468560462962,0.0
560,4923209.3518963335,970058.1154290099,224013823.7336294,16570513.92581504,0.6797580427352725,3532.268764041352,4.1584264313114065,0.050155164658627883,3.548163246312599,0.10611178860894385,0.0
561,10938248.361514796,974203.6225903716,3286912369.392821,69571979.30627073,0.7194528776113627,3367.385099392761,20.083646090908168,0.15669112911862282,10.795068414524481,0.20668770782126794,0.0
562,17600710.80285521,2206256.172529222,2817914709.0582156,85130772.27196679,0.5132121617562916,3373.412076849839,42.88900091387201,1.5503085877116447,36.14248383523022,0.20965715949011732,0.0
563,507652.0794821557,118999.31009564472,21256605.63423442,1578187.2382366625,0.6978180946783786,3364.0213534092645,4.976077372618174,0.13134087092614335,9.286928919241756,0.21948710718053635,0.0
564,16286236.285060514,2859283.4555319785,841460309.1125114,57274385.85408213,0.6298932229329017,3658.491823468463,6.131171857366967,0.09662766374557448,6.911201045682749,0.05547819412318654,0.0
565,6934288.253774755,659814.3855054589,907126974.773082,34624060.41298287,0.5866157980206541,2826.8904222163483,21.5318825971572,1.5204196446019822,33.841110299328946,0.10854868208570329,0.0
566,33501.25793413255,23359.559360602358,2945118.495613844,90618.84433386126,0.7530263322615565,3491.525638831459,2.463698987864996,0.08110245899293744,5.629714298176262,0.23698223126120074,0.0
567,9311.990361979666,925.2919752333876,2429779.5648934864,52944.1532897867,0.6861510138892071,3962.6207497292585,1.0822719921270951,0.07201423386545569,5.201481770963229,0.3085796252169234,0.0
568,157285.8474270361,82012.98283304815,5982208.935403917,359056.58575253666,0.7665700153437387,3446.4388184344707,3.414595310229289,0.14828114924632016,9.534109193591089,0.09539769843674055,0.0
569,1587460.2780460722,92655.90659195748,567630428.4275677,11047375.406926127,0.6586904407978992,4057.1312995692433,7.604700484683934,0.8088327442506197,20.350157026189798,0.37158247371708997,0.0
570,159379532.14900956,10441891.79632058,37909096080.57625,986105100.8072344,0.6967697171141248,4008.9748966281404,57.246504806777516,0.08582421648225216,6.192285730756451,0.23778689421399893,0.0
571,84159602.05478011,19366391.531970132,2301751716.642238,234633804.64085945,0.7443343105428858,2664.498938912945,199.41947054575732,0.09761731419188475,7.5004305118636125,0.11676309516367964,0.0
572,121457.10995493014,27051.435605780844,9582665.897531327,472679.1194476035,0.7228043124907888,3609.0455007709384,3.028161095748815,0.08929509260518778,6.31774251063476,0.10296571174206752,0.0
573,27996759.312034775,3654163.7765930356,4049930988.8607697,130993545.62637086,0.7552467395919432,3352.0155115593116,146.88373776877265,0.122208546368243,8.733686446486244,0.27037038907606387,0.0
574,9054543.585842507,1136839.9952950883,1197924439.3216414,42902982.84885397,0.6524573640803302,3847.9661236820207,4.821756585152118,0.12936360454746687,9.206022996080872,0.3123027493428326,0.0
575,16001802.62910327,2668004.134685454,1042826301.2149185,59559578.3688542,0.7993173709289517,3599.6694676996135,67.12844790788186,0.1312484989868743,9.699887600248147,0.28275152098456746,0.0
576,5653095.677026077,920945.4291280031,387279198.18483436,21673008.097053077,0.7432282648644505,2942.3988876201447,49.47235305402033,0.15023313504058694,10.612622889835965,0.12515019184481876,0.0
577,20695929.853375804,4514544.092131968,2202604238.344376,81293712.23655741,0.7831440112489574,3190.408268344474,194.85636351167514,0.07596466604744379,5.709523022281685,0.2713573046107327,0.0
578,205430475.27636725,36465931.24094571,12366805745.060925,764052673.4637089,0.7698626368961429,3535.120069748416,26.344749762286547,0.09318188080719958,6.859827400718993,0.08287425902777024,0.0
579,5520941.921596796,1077554.6569244158,224517708.14144596,17771984.621093024,0.6778113037260771,3965.6939530910804,6.78613180761846,0.18008309938065495,13.346795397402593,0.029755274530445408,0.0
580,1601708077.8991494,465191646.5196419,58346017837.56702,4534650585.932382,0.5056606710466084,551.420341213973,6.458347843581416,0.1793480369408927,11.78190115573889,0.2103517472643326,0.0
581,45629038.35880993,4247308.69007537,6948615338.238457,237284656.56489864,0.6606119361586602,3871.244922054548,11.596710090814163,0.12386312408430582,9.00250693206799,0.13348591649374536,0.0
582,34197191.64081644,4671196.1251500305,2204046095.753193,132855392.94502035,0.7326616222845642,4212.383870174275,4.521806294528519,0.05939070961596889,4.461176154998753,0.1094192005471957,0.0
583,40366808.761847876,8795888.297146149,1252763984.3053465,117443758.12500553,0.5372859601746143,2933.8012381383533,63.3208659594559,1.4478096803343419,28.715403037836637,0.24744764276017775,0.0
584,1054657380.8613024,255556945.86923623,45468505168.858444,3162890222.9887486,0.7174153706428914,1737.2219751634357,8.607470299220774,0.1445190210202248,10.313122493792882,0.08705373219698884,0.0
585,6486945.829716453,525088.8765274625,1034230422.4347855,35017731.86292671,0.5441254637421725,3784.1168564387044,5.723024683973954,0.056621661620299246,4.197625898466335,0.22052410456721974,0.0
586,85614802.47533417,9911202.28328484,10341167801.950832,397323047.3205175,0.7253629978508294,3486.789096458288,111.56462869348421,0.14443806368941833,10.521301432193084,0.3191525163969973,0.0
587,7603440.680523001,2057855.9899534439,420774740.8815557,23791248.16023577,0.7316955671456287,3714.0227999734198,12.830109085928077,0.139044013091363,9.99339903776802,0.16142842848771716,0.0
588,14760167.446325306,1714010.6457063903,2488749893.449977,76909110.37104167,0.7570791436897704,3195.4122212096154,127.72298942086229,0.11662322287964963,8.490117111142538,0.21810435751822965,0.0
589,7542900.228761412,4350328.830320882,29550347.740452893,11000857.5193728,0.7109793445518979,3700.4914253013403,7.3049150580235285,0.17987626706069387,13.209740411897439,0.23478472392573968,0.0
590,11358777408.554173,4009702908.996492,123624570449.51155,23227104777.03314,0.728955414849595,358.0706357327196,20.000053626549036,0.06337022123709604,4.4469381018276355,0.07250581922449806,0.0
591,69902665.66903932,12017384.435585544,6171355103.60997,289805263.7341398,0.631267969249566,3759.7073739933912,6.291638384218236,0.1261677430757741,9.213444181822831,0.14087075879612243,0.0
592,50541.60293506192,47780.1007694351,1317354.2205159143,71439.76073236976,0.45037084546839135,3762.200267881941,2.6891298595744226,1.4711316517520963,30.32856317507904,0.17553199365417338,0.0
593,89775.63531334611,38015.3312074186,6493754.460573672,262055.47578159795,0.6701197473534262,3542.424433447936,2.1176710490077184,0.7843978409682315,18.248616794014815,0.3489402289838843,0.0
594,6561025.112994489,564987.9888922768,1243948523.4649305,36693859.36621213,0.7367047654410628,3754.785169138417,5.856682004537694,0.14006986826933493,10.312014622426224,0.020027396189099524,0.0
595,3608075.620012507,430129.08554327814,397139345.603176,16720062.44126767,0.5221366523397478,3487.771140107573,34.3838861093155,1.4372006337035599,28.15805848971029,0.13557630086692204,0.0
596,4932.659994315024,679.0002420859239,1778697.4454479206,30630.66424870391,0.6052928302918894,4007.3358705289575,1.1947462285293908,0.7595651065428684,16.690248688261583,0.37898656447050577,0.0
597,201523762.70241573,32966553.563011874,8750287238.09555,692162450.28513,0.568715710856093,2779.1571268227194,91.35731876997463,1.4415543065525487,28.26108368181884,0.1345021867929932,0.0
598,5057012.68886503,474313.32024345454,916145079.7132269,27192131.202709425,0.48703876493282916,3394.2945447800257,16.974742510369556,2.1992071734675824,44.684342895305825,0.2611584505094379,0.0
599,3287995.9021377945,623166.207602152,450422463.4511784,14603963.860446397,0.6243918969312825,3654.837107498982,14.504365364467619,0.8374379157480476,22.586656282772438,0.3214815298098973,0.0
600,85931225.58454692,14346572.200582717,3759409854.2412567,298579319.8350153,0.7225529521434494,3413.6411838013805,173.74349874917314,0.16311941855162973,11.365223538401217,0.0329273017090154,0.0
601,4347626.301298408,607568.7369166876,260429553.13348612,16722391.027343106,0.7385893160693497,3548.1219421693486,10.393101609183821,0.08286964244344794,5.9332273588085185,0.24120381446440337,0.0
602,42214.369900716905,12017.120945382598,5702769.548572617,166893.76818644637,0.7497604275162033,3715.7567749390882,4.9361099415656025,0.017533795768821036,1.3217747782464584,0.3737626203416235,0.0
603,30579426.3750015,4085921.909076842,3257397272.196271,136109604.81303176,0.7335512835554978,3126.7703741815494,155.79551685914086,0.07390910518927969,5.541290164835024,0.14904281772437084,0.0
604,77439704.69737306,15054296.442176212,3467266029.908357,256116187.45158854,0.6564127080614102,3396.6425427825434,18.731337007374808,0.12723046286027823,9.481748182589303,0.08906069741843337,0.0
605,3969010.8540385338,746380.6154265476,126506299.95866092,12258079.52900411,0.6952981757144931,3320.6407938551165,7.989019841503326,0.13815648228397653,9.749022463241113,0.22778606803781015,0.0
606,21065397.37587587,1458432.0379604152,5118695089.451399,129597893.75937653,0.8018304675893478,3353.934732110086,29.36345014278106,0.10116836565219875,7.259882918042665,0.2592022823760058,0.0
607,136140.06295746687,37235.341374855794,12177906.45880804,474512.1575167227,0.7274824977860628,4197.789928978064,2.8400681419355434,0.1379846850166068,9.697537408958608,0.4811772761703357,0.0
608,29686982.490356427,3576295.1426453134,2921204632.031434,130425315.7264628,0.6695475773938261,3783.837568847669,8.710362399019033,0.1290405617144847,9.386163887914016,0.12893786518621103,0.0
609,2920444.26080461,530334.8565950055,134272017.79233035,9919282.255001012,0.7278693208814362,3458.7256101906437,4.38116522221512,0.15826684080226866,11.44636702498666,0.2894008823052699,0.0
610,1485415.9112946875,163353.29951734445,294385049.34951013,8024579.330561444,0.6302414987042352,3899.2542779476344,7.309451672220387,0.15345695395751066,10.911221836474578,0.26964892995545253,0.0
611,4049.1960548887646,307.3655418713958,1694530.6773759057,27393.70173050221,0.6267707910607969,4221.171749174332,1.0542535042675594,0.16507889941487192,10.723702409888398,0.2920246492105288,0.0
612,40782.12362674561,23196.267375683838,2723666.997551483,111455.67944953413,0.5679873445272445,4250.09440172987,2.1422959280326506,0.7461071992114487,15.710692316656395,0.049603061212101195,0.0
613,26818.56372295187,5034.191665734302,5705448.407014312,133872.35708454595,0.6789606490968326,3890.141295797761,1.8448950675393148,0.1505611020402064,9.883438069564011,0.4035356806542702,0.0
614,15454687.546629334,1049905.3008604124,4112826791.6020265,97748072.54119498,0.5783740533429489,3076.794189650692,44.45828177746973,1.4384958236908385,27.818339923103043,0.3408041107240784,0.0
615,9488703.951106248,799318.39164256,1592772328.652347,51461256.400737874,0.46298990153104913,3199.7971040323364,29.196717901595136,1.4932944499207372,31.85658291662559,0.19077210449309978,0.0
616,85872020.25466493,26046197.204913575,6224584740.913587,291714710.74232864,0.7325701871996495,2809.6998242076124,188.64935415984627,0.1047485561745912,7.17193356301915,0.1790532807311311,0.0
617,1887910.7293185354,151226.91378953788,470077960.5300542,11562539.205391811,0.6312402120897473,3217.6216884029373,11.928753628741507,0.2604923726967464,17.61667430469493,0.16345234032384767,0.0
618,873009.6262876969,194039.95377800986,29555761.335034817,2594217.220031816,0.29277247915768095,3970.2314697361176,4.236043519008865,4.041975950186491,64.62669733603113,0.140753121681923,0.0
619,27688121.131697457,3055967.591510947,2840239621.334406,125707335.94660607,0.7585407929550435,3583.7901931747074,30.39178575867019,0.12338415846832058,9.236083224659614,0.24752158230806698,0.0
620,346394.0125453534,208284.55867814278,7032398.030598911,693937.1704909498,0.6609641011505589,3744.5818100148053,1.9798953667862986,0.2446396109881528,16.849180953612837,0.16831653836295854,0.0
621,4759297.003532896,645122.0117588042,529649488.21916294,21075350.267662678,0.7428890798367226,3369.7875673785156,15.200684955293838,0.1417342349176348,10.409688601754198,0.3162203534964812,0.0
622,60612817.465534784,7759225.015799254,7541247811.730377,279838990.9888565,0.6642129848919027,3928.36121475518,4.528883968621953,0.13868743706707373,10.049361632670117,0.10064649019434603,0.0
623,23783924.748592906,3733534.5959403007,1084285382.0294359,84289808.62162527,0.4803331889730992,3799.339359093159,5.957264472496649,1.573970685643151,37.80217894324056,0.2772857589569819,0.0
624,5639678.002537152,636906.2010454196,496395217.5648333,24666994.327275414,0.5166510240813809,3341.185004382434,21.278483487818487,1.5727494875322292,37.16324024302817,0.16415178767627522,0.0
625,17492310.877190292,2808843.0981953545,1905771278.7168937,72055374.64062186,0.7505800642633994,3327.8923360844233,99.50808691498487,0.06036063372679745,4.3982167402808345,0.12472003244057116,0.0
626,2700.4113210126416,238.67049285453396,1222974.0570895746,18746.545140426162,0.6578492158948092,3932.7891210492094,0.816930732322533,0.20552283569694865,14.100405404036294,0.18587563232421686,0.0
627,15286.083698823746,7541.51191081777,1839086.755110293,50446.48768112146,0.68865061560062,3466.1693693370253,1.6290512994133974,0.1374327349674891,9.64465870025454,0.22309836125629592,0.0
628,9106.195594437897,3420.3140358414785,929853.4367755413,30632.562459603283,0.0747409913221905,3942.6685426817285,1.4110282708954243,5.410206487068747,86.89453219909456,0.4480359018446047,0.0
629,8110041.1730098035,2472070.491310824,358902316.7724884,25881296.201380268,0.7213452349338155,3566.911624041655,5.341225930110165,0.11695729283843308,7.581004795860724,0.11980875770979368,0.0
630,14303.574029497675,3866.428351550209,2113086.979792384,56659.283324131204,0.6485838473078104,3369.431152467432,0.8620963998189846,0.00388593854318513,0.27142099892465976,0.40654996368825164,0.0
631,9730269.877042076,1201660.2393150944,1394362947.5744355,47899584.57688208,0.6578217833233887,3724.2723027202937,3.564128212819436,0.06563095590924747,4.8763355199556475,0.1725664109122832,0.0
632,16760305.043456426,2159654.8468803125,2048202209.569674,76178190.99081086,0.7552506430783683,3632.8214814003777,68.07263160947679,0.13437491638402407,9.143258464575952,0.12767588693142,0.0
633,23919736.782047804,6618574.864454651,865899353.8561455,70881197.45875742,0.6376308569333545,3451.2532731156034,5.701179105555178,0.0947316628082211,6.6614894092470625,0.07168762125756169,0.0
634,8450.143033977865,2077.6135305234034,1797972.727735015,39117.56515861382,0.7408622287931694,3589.476965129161,1.6738255641573576,0.07076149059437453,5.238297812818426,0.43241117442537114,0.0
635,4636001.561547749,733282.8372433039,248546308.2939292,16769783.414257515,0.7021001635318691,3600.7847303545304,9.842794261877867,0.13419501566399267,9.938458383428346,0.10802704011288124,0.0
636,38205811.582594045,8719583.447481167,1928936665.4102612,128935733.18905659,0.6404842380684634,3741.832895737525,5.154566331509436,0.09861626776753259,7.247725581888365,0.26249761822338974,0.0
637,10582251.695587128,3287995.3368397052,250781460.19400248,28728192.191049207,0.683891581166065,3743.3125559927084,5.008106966645727,0.11040695281918919,8.053206400096023,0.2528038597156245,0.0
638,11184312.953793604,938191.4815268345,2100089485.8743355,62679121.286215685,0.7209190302624469,3228.7660864548634,23.839966015082233,0.8649996607171572,23.766010823850014,0.19068860671200447,0.0
639,1578664437.0128036,601123019.3005059,102211623186.19005,4902505743.587485,0.7483906865316503,626.4222178982504,8.190023948628568,0.05143782081302728,3.842959022407966,0.19795527828125487,0.0
640,5899.024039182163,2729.5307031829184,1026275.9525182762,22144.703992404677,0.6311478368369744,3589.4313756152487,0.7276807249030378,0.7870694508674968,18.35275824403775,0.44338034845325097,0.0
641,12557.830611571133,7143.7773697397115,1252787.6005419383,36244.22563684605,0.5634908055460863,3987.3936723743304,0.5947903706715492,0.739613372980193,15.407382554680078,0.24809372240054633,0.0
642,6048315.518000173,1047999.5425799387,270235014.64125925,20335110.357220747,0.7149227059141429,3692.125517710175,7.678950187735766,0.1102158530213699,8.356293582969268,0.12920112306478262,0.0
643,1319517.2178038866,113770.57045092464,184375171.78578213,6778223.615768457,0.24847928209044695,3913.3413193292563,3.696025072030962,4.148848859177389,71.71807440990445,0.2327053619861168,0.0
644,72125739.30153218,10769468.855074018,6206902852.0074215,296156461.9187664,0.6604975895939986,4007.2975502397235,9.787741703097646,0.7984286038678441,19.642018874136433,0.126986964068731,0.0
645,14892950.231087461,4711872.742015849,153794014.37156767,32103269.32171222,0.6555857098213589,3626.1990383299867,4.193405791783909,0.14350592429080206,10.249801703238367,0.26159208331936085,0.0
646,11108586.774568563,2291534.3225150453,1001737912.7749027,43860121.68924963,0.6211838410667243,3909.6194809235694,2.447194885459535,0.13677776095979155,8.974235188614836,0.18795136446413746,0.0
647,20508126.967752747,3500556.665681793,2316150793.29066,91807407.76509032,0.5916088569425393,3654.1960223232654,3.792794168995295,0.08212019501578745,5.840267899296227,0.1960476706690289,0.0
648,727561391.5347182,249606641.1364314,14470579122.674398,1679366066.3970752,0.09551578118361556,1036.6176958831825,7.643542749745551,5.400869168884771,86.00125098476933,0.15848449275118756,0.0
649,60698960.88660095,10403473.264650943,4108892368.6575346,217653979.29513344,0.7229524694808686,2870.3726761568087,185.62383412076684,0.12986863537641505,9.327690866623437,0.2549181115124181,0.0
650,4489.953952183604,314.66857386243294,2056829.7353433613,32065.363425885374,0.6629800570558638,3871.9198739107505,0.7745483095815072,0.17991494899588636,12.476235759180737,0.022161042344677525,0.0
651,102644250.02982019,21592214.895914074,6170333724.531572,368644324.9067358,0.6316720490042348,3687.982937281843,3.669799920787215,0.07215341215509596,4.906173898140594,0.11152977867897697,0.0
652,813375.7183089767,64693.7345889039,134332393.53204894,4406188.613887792,0.12821866395181827,3772.7275462854727,3.8447820403691533,4.029202352614325,63.24766670028403,0.2740710484239526,0.0
653,8040.276070773818,1336.812598794569,2041043.1699224443,42319.73347687225,0.6849959814800586,4025.764543344883,1.0686479847442745,0.11879960559174974,7.710399224226935,0.002998947482282831,0.0
654,10048323.822062582,1018860.811183556,1327225107.6097302,49616107.905729696,0.7381014958946384,2913.1149193181946,104.73127598929729,0.14042812872883897,10.408819669449,0.1688020148603529,0.0
655,32032.189218161016,22585.66363535279,2553627.952229171,83374.76948984372,0.6721858132195122,3612.34240548359,1.9415416681156343,0.14634596712607034,9.906114574319988,0.2946250537820309,0.0
656,9523605.469882388,1860744.4700879208,534033882.2166103,32804650.78112747,0.8283658630624741,2723.8426436254676,141.64960382158804,0.17468974569659723,12.850391066548752,0.1252275956478153,0.0
657,3052782.649639809,392365.66026407306,277365813.5756405,13107372.852628475,0.7640175525813641,3727.6431324120963,5.4540943692172865,0.029014068385285263,2.1158208655837725,0.09521615809075097,0.0
658,11880.605420541446,2940.3841736804234,1533160.2228268967,48088.91777413447,0.5613411242661346,4049.9762453771696,0.8375859857423821,0.13384817916611524,8.556760918668497,0.12384448663653765,0.0
659,7732.881424673297,1563.8734220575202,1816721.9061260857,39302.63874444017,0.6575448748872911,3889.3388424640434,1.2171062784994462,0.09027655584091203,6.442635924396309,0.33206611242250045,0.0
660,9467242.847345946,664635.2828928812,2529586473.382737,59649926.38899456,0.7058787922072338,3524.7707152519583,7.183912925627643,0.0934161398132722,6.877491255361318,0.3399296540937223,0.0
661,48277462.236345075,23844075.520683352,1886143099.1588912,113261449.39765625,0.7383828781530903,3501.8213329579457,91.79937058062639,0.1936779078717749,13.592744377047978,0.08308166921840553,0.0
662,7243910.719323447,1245981.6240699862,464986082.2872807,27281900.34673504,0.10582216744632884,3905.080344153585,4.430005522629686,5.491715582026176,92.4531301429676,0.19019263282731078,0.0
663,6642715.35083184,2134188.554991859,146838260.72254854,15149698.199243233,0.7133195354223277,3457.7102779709826,11.353621284547836,0.12612695193977547,9.509307089299197,0.3004193559384831,0.0
664,10789264.321164096,844737.6060885256,2104825646.3366477,61526664.16034839,0.5348910590967135,3452.336979621038,249.88886000327673,1.557090528139503,36.63358236409998,0.10886714787483939,0.0
665,11315509.950876173,1454725.8646898796,1855723503.6356049,55734964.18918731,0.7080846432810765,3702.689215777798,30.24893776133851,0.1616789213547131,11.70667771202768,0.2727607108158451,0.0
666,6141.9935830164795,1926.5066094011213,1062747.022813938,25089.83965206805,0.6457852596432109,3845.1893512847128,0.8699324239282578,0.11704743003628267,8.443144900238131,0.11190292923048312,0.0
667,46121421.520955175,7973900.0025497945,1815917661.6137798,152189148.01285058,0.1921046643397299,3251.3291026325633,41.402808819694265,4.149179993884299,71.95307611722956,0.257563072969771,0.0
668,5646027.277634959,637160.6380737636,497370143.11058295,24707512.68865693,0.5435272094939142,2778.0280557160727,10.449184345286682,0.036387016829409015,2.1630553890002178,0.3491007025684956,0.0
669,25475356.27712085,4308944.621776634,1180108154.1542928,86456756.58852972,0.7069895191024939,3320.881727602361,32.93799251065648,0.1040855631228439,7.525717498157303,0.44360813974988555,0.0
670,7519300.724512177,2340342.7532082805,155849367.2589553,18542628.80006366,0.7459720458323978,3370.0127859482927,24.42429767831133,0.12857626860698615,9.327684761844926,0.31239888125727305,0.0
671,1034527558.8068889,230335968.97890338,26923104241.929703,2893846976.1013355,0.5937926703371096,1870.4738297757342,7.3258621295902735,0.12977772318486255,9.122384420434157,0.049778461440258305,0.0
672,4523.7751400066245,644.9901177642889,1623569.7795489742,27971.007338607094,0.6584111291153099,3552.8681421527403,0.9870176874759831,0.04788380694897363,3.3231474259577256,0.28027182699085035,0.0
673,4859587.368808399,784858.2749292997,283699383.9906105,17981409.9791929,0.7268556075517745,3073.4844697482717,35.4263071580399,0.12279777018042574,9.048294601371362,0.27840694251542475,0.0
674,39121.67587920562,29706.95622724802,2729634.48351433,96291.97204782758,0.7443397111599933,3701.5769378641835,1.7424444427437429,0.07780103656644358,5.6758844905544334,0.3490822876556662,0.0
675,5381440.533251999,555353.6413755075,641460827.2390425,25555496.587803744,0.5746181584000871,3380.756228646218,37.199789827868976,1.526727508916456,34.39263642047115,0.2276945892284325,0.0
676,24600513.05537806,4797513.099672787,1401070684.6668198,82837158.07689188,0.7384473737443937,3275.842977331446,76.31713652690709,0.7137984908090721,13.782009402973449,0.17161097524669067,0.0
677,5776.830346563759,1044.2607280894001,1722287.0959198442,32065.527171585058,0.6408968203009762,3581.5958898762174,0.8860307819819557,0.0674848437681999,4.817282968491071,0.3660969605539255,0.0
678,2175.12382014586,212.63779314260782,825559.0440912638,13729.76272821392,0.624970542302081,3681.9366192198186,0.7342498083631465,0.10824092379590758,7.93673349481995,0.24071988636832578,0.0
679,12025174.628430672,1371807.6185254462,1411780244.3825283,55969293.03875033,0.6553803812973177,3979.3078930527035,3.90201490777116,0.14215621902299108,9.472146406616108,0.3468953787742055,0.0
680,29205399.49701515,6624662.388281459,1065458254.6151688,83884059.73498552,0.3128856610140473,3787.1722735418916,11.109793592640724,4.046540065591913,64.1411595700441,0.31867849740166165,0.0
681,4036589.0284646414,1288171.0176803875,254672409.29675698,13682103.696301753,0.7280832042682936,4034.2713596942585,3.9078670738219228,0.14124225151299646,9.89808606570195,0.195589233064352,0.0
682,4910029.925102957,389214.5676679166,932592496.1030953,27811162.551620968,0.6526312913217069,2826.0840186976,30.304080497991936,0.24146713310792461,16.538207040183988,0.20993487098060548,0.0
683,3780.7733254721315,1083.9094076138563,1314902.7587946258,21683.879802358017,0.6846278801992929,3821.65129302897,1.2118562173320646,0.102822836987424,7.351112411882146,0.32574077679125135,0.0
684,40469.631766390194,9224.019679472827,3193753.4089270094,138193.8386532089,0.6664281072251821,3926.482155288778,1.1967144970492019,0.15854841871274816,11.020788765008366,0.4217601394782045,0.0
685,276380.0244703987,40511.508180406425,21809313.219130073,1108911.5658012046,0.66099988374147,3746.254356393205,2.520750934076354,0.13604213940885979,9.784597381727025,0.164550908786886,0.0
686,44135.975125567005,35169.18766538647,3593972.8279051175,101844.1752313494,0.6477537502911408,3771.676019446403,1.755875020958811,0.7117717701762352,13.462737139141234,0.18698219540127964,0.0
687,16836.549865929006,3551.4220490643156,3258583.253550486,81842.87891768318,0.6234950221008007,3130.3838255825826,5.8001292476114354,0.7799078229715148,18.7258616910562,0.15235951407682186,0.0
688,59417518.24686712,10019428.17059436,3437993820.879785,214273229.9085323,0.7539048405381037,3132.2382173186493,118.99449125200954,0.1484250527855485,10.951041287841349,0.46015191734593336,0.0
689,1832.4889882093667,159.41100324949633,821099.0956940965,12601.9345784703,0.4487387775896362,3783.7871295894533,0.9455518698010819,1.4997326441541374,32.33003243667803,0.177356796286077,0.0
690,24562218.893037174,4875442.0894698035,913624788.2275234,77123910.63687074,0.657903987398609,3923.033126281348,10.128168977463778,0.745355180255956,15.889926802293129,0.03431486660837878,0.0
691,311618567.10044944,39089355.356046066,35325903056.042435,1405806859.3404992,0.7447881863416282,3708.7301640233945,203.24766087483508,0.09222172088485028,6.856441359125997,0.012689845489100564,0.0
692,15496482.807834959,4672377.175126062,521249111.390535,44376953.894756936,0.47853115757096243,3528.450019360641,20.897192044100944,1.4894429655686188,31.400173409978567,0.17075430097322425,0.0
693,7188.341033501756,2087.940237384296,1695741.440857986,34305.83286477489,0.6721882260268768,3806.3085824514014,1.2780854805332251,0.7302015362456817,14.776001360524187,0.2977111049950819,0.0
694,25687459.677705295,5233661.69622206,1307283295.062172,86110825.53431882,0.6633293675856119,3869.06300132173,6.429356925843177,0.1083224426255743,7.097028896564305,0.19220338516232427,0.0
695,22018838.069814347,2073979.0045384082,2674481665.069789,107968702.6930432,0.6879597022113392,3543.7650499121237,14.185520935331986,0.09333203030652895,6.7738306670350665,0.21113374271552027,0.0
696,23237882.592983827,1840047.6501402557,5949608988.983034,143031931.12568656,0.58744721858567,2206.0482727975027,223.06121088243768,1.4590539917480858,29.399275388801442,0.2196620980059569,0.0
697,19957.04561330642,4430.498781018912,3957554.2242033808,94130.46557310916,0.699564106653208,3704.8480702882107,3.996398989044017,0.13182763063044717,9.354312026224704,0.2675518638413094,0.0
698,29990737.65902065,3204734.095502516,3517856124.4250746,142157105.26732358,0.6858391090541829,3996.570149986923,6.350997745798845,0.06024551947522747,4.446931783667632,0.048088197459191274,0.0
699,1770487.5896335586,429338.7748011295,32367013.932840686,4561703.762258628,0.4677045462426623,4243.54136589156,4.6346368267571565,2.812847266694983,51.104213916645094,0.07869781740013557,0.0
700,5138.380884048752,805.8162960010497,1552354.8380425551,29610.935414720396,0.6223426284473208,3564.8832608601406,0.5684573868442905,0.039800848599299596,2.785581669881013,0.2997433308842109,0.0
701,20429223.31857654,1522500.032602949,4097213149.320176,118881561.1309127,0.6792923854212495,3734.0401411945145,15.1428767050674,0.02616304596701058,1.9127479708875597,0.33943183594530907,0.0
702,97740099.89284086,9602244.408497233,14163669046.444834,500255427.62052023,0.7674760736815047,3661.7753037030257,31.873351549632865,0.2305872076396077,16.398818723078147,0.26102119003269,0.0
703,729754.0262698452,722416.9062413017,3306703.6408589236,799217.585553353,0.6061307702062328,3543.2306099684797,2.084675218922274,0.7891732051016556,18.33770620817812,0.5454089408593686,0.0
704,41952345.56236472,9769438.643522002,2532591298.9061255,146092770.623444,0.6163948245458739,3802.2350168349753,3.666827243915329,0.1086185737351733,7.293809615077713,0.16689865845788718,0.0
705,11322156.141614167,811261.4651538718,3447810069.7472267,74352549.58112374,0.7037158246944591,3121.4220071018367,16.663748670748536,0.09488706723501847,6.733815157456789,0.4379814774462274,0.0
706,118669144.66916633,19637083.004396446,11290299057.368738,488793127.56786823,0.4216887121020319,3415.198939568898,73.258527092286,2.201837533123924,44.25522712858638,0.3200572775607189,0.0
707,20468588.562018503,1648727.6431383763,4195161566.60605,118055221.70691684,0.7115095299735292,4196.410738290374,32.285186753624096,0.11065077607376805,7.851647983338945,0.1692454998851046,0.0
708,178818164.07929865,32025136.496751003,7275614150.831653,602130843.5718231,0.5332566258985783,3099.4841522841652,46.05155590863145,1.5353142372556206,35.118985619149974,0.03163995268457352,0.0
709,9395.357556734805,2339.782122542501,1220328.8839952103,38794.9972427262,0.29044611097983636,3794.601752334708,1.2282289037968275,4.078481464425211,66.32337768480619,0.428342888948169,0.0
710,19165387.56210853,4022900.3409157833,669764495.9299637,59394835.39182548,0.6935107044349519,3779.177907205575,8.04156727045262,0.8145615110657725,20.840772997981382,0.22387951954896293,0.0
711,108451064.78225057,30668318.580189902,5224550603.858246,323761478.7944056,0.42643561569214955,3820.4889719550083,4.605999530510618,1.4269457513533097,27.115108572540528,0.24888242886077447,0.0
712,355192852.3693398,53376238.63980281,20101089140.230545,1320399309.335298,0.74865600192741,3327.7537624741226,426.6156113541282,0.15815345169028827,11.532908589944954,0.12495298780252026,0.0
713,31794161.141365528,2334978.4913457828,6507185004.828547,186113099.7194243,0.6626611732571093,3895.9702837508903,45.76756672172391,0.8139690317472092,20.588661145228464,0.27645842730517933,0.0
714,34065358.0824463,7785012.029389074,692170462.6143619,92004726.16247344,0.7204157260530313,3632.2394183569068,6.075435133145366,0.14951233637928035,10.650285299290022,0.06402156486992658,0.0
715,10702178.55798371,705706.2981682501,3192575738.62668,70192543.79642001,0.5121200387624152,3225.994860103844,3.057999927702653,1.4854502831578276,31.49269864012357,0.3271136705691938,0.0
716,48381.265745445315,23223.665039399817,3409677.3058630414,138654.86471362927,0.6168229056374782,3616.905692186271,1.5609735660864779,0.758774447008949,16.670033284331332,0.0588160706741545,0.0
717,19140572.407408677,5525297.758353124,2190840307.746349,78129100.86081123,0.6723094589474168,3496.9834042545144,8.514109309023246,0.21359347109334195,14.83017102103769,0.06087943230945305,0.0
718,609289247.2824173,116960537.95599337,25741222373.08346,1994876912.64932,0.7471700924354494,2638.840099399977,244.73025468443498,0.11518766246673558,8.484228697564841,0.044771028575924854,0.0
719,886922361.7071499,607563778.1924967,9955176127.192392,1376191439.477487,0.6394944940087515,146.10209067262562,6.922989546655356,0.7481511395652708,15.621135161583817,0.19591623433237482,0.0
720,12018.726700314335,2688.8359917836533,2904275.083128934,60975.860665392574,0.5939594540829327,3390.8474441861645,1.133472570491404,0.1297581138603084,9.361869240914974,0.30736668625273095,0.0
721,2402760.044446963,298168.17639924044,565349815.6115192,12774539.395564392,0.6205303370944897,3896.5774761507,6.281960754090691,0.10500182739919142,7.601828607119657,0.4406520475507136,0.0
722,1712701.6199639228,328132.5851883545,78087836.81007308,5669710.47671394,0.7681986750182782,3832.5219403368264,9.070353261045453,0.09351808982187597,6.868180033874287,0.103742365988937,0.0
723,1820244.8893202685,362716.3870761278,125919690.84738204,6577058.667652152,0.7066743464866578,3819.5677106756284,4.719831971015498,0.2131847381122598,14.61908663262517,0.2002758740410723,0.0
724,20880695.127982907,2527694.1585393315,2378796183.911576,96600907.15026273,0.7581484268934837,2895.8641134641143,142.3266440979551,0.0863383142071477,6.122038065090917,0.03990121623958189,0.0
725,4156947.431438367,511302.63027557975,304846534.1529733,17128572.54430354,0.655273999278957,3863.1500025196397,2.2334562495481727,0.16169995644956314,11.158851932892954,0.11450342163611722,0.0
726,29856.6839402389,20040.330220643937,2341006.668663422,80153.74583546541,0.6767900111054483,3590.1445441946726,1.5780574775559892,0.05982466193949012,4.301165524609407,0.21390181713329448,0.0
727,7816.108827498736,1674.9274308011622,2172236.1088333037,42659.19411506227,0.6764607802357717,3533.0865933689893,1.157465862999858,0.039323768204002185,2.72449585707093,0.2715769005134389,0.0
728,13142163.017119445,1023880.3425587409,2524547196.1549244,74810718.99490777,0.09082777841550861,3360.196746150095,42.609511269394105,5.522332008497331,94.5855474493579,0.22438417372195016,0.0
729,49823806.13202077,9845773.635049637,1702643984.0017822,152165072.39622498,0.7818095721861897,3739.228499637557,170.35768946681824,0.10384441680941228,7.602056534317116,0.3268460630113258,0.0
730,13796462.671812221,1602382.7158990307,1894159526.4366603,67333247.81218077,0.6352208722721017,4165.678251803294,3.2017575238622515,0.16696440253350397,11.818526080508018,0.11969101322399801,0.0
731,5625780.669059281,977301.3126830965,246174917.43866968,19073436.83067935,0.6911137647326455,3552.9279294355806,4.52161717060221,0.11048786301830535,8.1601399456878,0.13597914981860418,0.0
732,12331.15221836785,2178.6376328789615,2453603.830634979,59780.549292365344,0.5857426318525804,3705.5500936994413,0.7767130989820971,0.10254340559538874,6.711536254090743,0.514095125678448,0.0
733,8897797.981897885,1468734.7064069468,543871853.2010794,33045497.618516564,0.29793267010392616,3772.2971980694147,7.123680902367638,4.128628506386002,70.11168641751496,0.05349915954545005,0.0
734,1339457.6424930347,79388.91797879853,503405843.5787163,9438858.358465457,0.5206468796491717,4291.658132322973,2.9474864631319604,0.12891963545234653,8.338243535279265,0.4070509006742662,0.0
735,3437321.8291014605,649870.4039992073,181175698.51043272,12029142.505304718,0.6761907125074482,3645.439507055061,4.109926117818728,0.1444650904729606,10.200569828510554,0.22902776812476797,0.0
736,5150365.232099554,634036.655324756,537476662.3704547,23079421.188289575,0.6399947352226125,3754.645377952964,3.599961169794517,0.0918439467261833,6.127301975244516,0.2344197246294511,0.0
737,186421959.6763584,55471084.13652184,7692643936.489233,544381700.7565303,0.46842101242155626,3410.1771305388384,8.370120063174838,1.5178096264521928,33.71490476938105,0.1429356191647946,0.0
738,4063.3932445219652,1262.1421807714712,1001100.1076600319,19199.172550558073,0.5963479400840745,3725.1610080356977,1.1811020176513456,0.773857967230741,17.762528599918785,0.30148653923891183,0.0
739,17128706.98546322,1897545.4235633023,3143018526.2559457,88539058.20189373,0.655034329811507,3582.464164355545,25.393227214695532,0.1485903638323065,10.45140272916925,0.31763083355280397,0.0
740,10253.189622724365,4408.66600708313,1261698.5466051437,35070.25752778511,0.6900146245138448,3509.0015431335514,2.3923396574809206,0.21377533798634002,15.305154579323556,0.3983629209940851,0.0
741,241332.33500713512,21980.120096957264,39495533.085392974,1258041.9609843076,0.6599022929632266,4192.748656485719,1.7144878902030547,0.1682797532744429,11.472965722274772,0.24484256852430358,0.0
742,2317981.209251369,536969.6928432917,207562385.94837287,8820602.712701624,0.6295561945852839,3967.6137269985265,5.347321383289612,0.7511981169702397,15.629456010177702,0.3794827373514412,0.0
743,38631.65972336773,20320.47552898508,2781542.6372962818,112634.08503781608,0.681346848868778,3522.3852241081863,2.9232347611261305,0.3250031603955995,21.58611387699791,0.20417815445699414,0.0
744,2282342.0520436894,311878.71806671843,208574502.01132736,9849151.662259104,0.6403605490725188,4087.1295422127287,2.309868682105572,0.7441369094841891,15.772812780053266,0.09218827100223101,0.0
745,10887.701075631363,1348.757845293329,2998836.4417348146,63039.95308853245,0.6386360726040864,3696.7616528475996,0.7951871268542022,0.09351371907459809,6.637278525438911,0.37611015453453706,0.0
746,55021.63779647879,8685.282845754435,7358440.252275643,245181.00825281808,0.7630693303565735,3891.861895813672,4.5167726950706655,0.024809017378370248,1.899032752265036,0.11869110435744858,0.0
747,20529985.66067373,2214919.095309843,2830590287.602753,100659232.53586824,0.5609885528690389,4030.519294922002,2.23748036354115,0.07533041124072896,5.349766153670548,0.27264834229789625,0.0
748,181632683.69065678,25686839.080641694,17595877684.60357,771044884.8590809,0.689986200857443,4066.972424585809,64.76626099038948,0.16582892114097758,11.598534468845674,0.1869783593305723,0.0
749,5806815.990049598,1202121.554323885,246804487.04850692,18636993.00956597,0.6936633461954412,3661.14835072544,8.612065120243683,0.14554875504281287,10.646777210093088,0.17120060955078067,0.0
750,49360247.67697315,9876789.405175056,1914179013.2680764,155698086.01963502,0.6892901808546276,3828.5936286855804,7.601591512650708,0.10936020534598176,7.760528163670843,0.2547627780171972,0.0
751,195442482.0948332,75881481.6648787,5148941317.304735,424443245.6533784,0.6908202006798628,3323.881914799052,51.233907208435724,0.12994820641228788,9.34459352576127,0.33275226929378215,0.0
752,12556.96685522039,10411.140539577627,1024558.4698627297,28561.96625818248,0.6525013373875763,3472.017692881662,0.7895816030423549,0.018430316527613576,1.1219208360864428,0.4568413509092794,0.0
753,165462759.20984745,47390886.9846006,5336512517.532458,444564402.4310422,0.7139388424807718,3468.177279830014,38.848807910201664,0.05530892694108998,4.04297349186059,0.3082768791440147,0.0
754,31098748.343248297,7749500.00838125,580970194.1492761,80318918.25515345,0.6992195821300882,3783.396547458733,70.56159580482448,0.241399698208979,17.130029583107152,0.1021461887931749,0.0
755,4385338.349791363,593893.329324371,277173586.56350636,17087838.22761362,0.557631909344517,3344.122760025324,18.169828396645556,1.4747934107122513,30.72888034610777,0.11116275220674617,0.0
756,287372551.9727108,116770354.00398378,10590044913.336164,754955161.4552532,0.7171106414533287,2655.2044433037345,6.078478938942723,0.11404204325718333,7.979462117385135,0.16658060133925223,0.0
757,585399091.8786579,66556975.513938226,87487025206.2206,2873413868.1621337,0.6330733492601938,4166.622236247678,5.491192668740559,0.10081749898488805,7.3569617009100785,0.2483081425202068,0.0
758,4698.357280029379,641.6925379702855,1277869.9853945072,26047.195567228242,0.08380417563197201,3883.6958357163635,1.9147735480152202,5.507370754903453,93.67056469098324,0.3922616213585868,0.0
759,7209195.354506776,1146839.4082401686,343838430.2844173,25190252.651849248,0.6730190380964467,3601.720661839574,8.846625339455125,0.1338055391465165,9.199023206491104,0.12299796869734461,0.0
760,2824.0494358960573,369.8884941508874,1154980.7488825873,18324.27158769458,0.6192349023355095,3904.5444548470446,1.0135778913754978,0.7917449800089557,18.775003073739015,0.17904096648367918,0.0
761,2892091.007399955,1137649.3051780178,96396728.17340848,7260552.89798945,0.667270168148473,3570.9420284605317,5.592970093425671,0.20172079748638821,13.947952925268211,0.38912516361105987,0.0
762,1884.9555123897699,337.21046537813737,534321.4005494112,10295.555760506648,0.06794499768258211,3974.910996559426,0.6841914646286553,5.465133787263563,90.41697619440163,0.4133444463771621,0.0
763,309016247.40875167,31367977.655332923,38939947922.8012,1496344354.4616303,0.5904688401293954,3874.505040809326,7.571776929138708,0.13626928443337993,9.813316226967038,0.14486057539409813,0.0
764,76352101.4691714,14195121.816638935,3915584152.423808,263789029.35430717,0.6288923661855828,3382.083288100426,10.932620136319121,0.8621340461356493,24.39245326750713,0.12901215080449083,0.0
765,875301.4594089178,283396.9904539757,38255884.68319044,2588685.7696847036,0.7239623639833055,3842.6664240717764,2.3426138172422757,0.09159572718637676,6.137153900157484,0.3307839072244498,0.0
766,17037683.334500205,8239022.41128474,720533288.184581,48010762.976230785,0.663018904954547,3796.6116952667508,2.7682497812060243,0.1678633789449954,10.935640010751321,0.2111427865248452,0.0
767,2942363.3671664502,1696662.2829448495,12268156.914287053,4281685.430124683,0.7054994622712357,3209.7897065465513,4.484890063998636,0.02497096662146312,1.668765667644675,0.18500491336833774,0.0
768,115691116.2425292,9609787.44659817,17352630469.398785,612688363.1064044,0.7031666155425408,3948.2690832208473,77.14891198445633,0.09488156244389767,6.655091296380569,0.11224183361030272,0.0
769,19896.95963649053,4074.5935213179337,2436534.920481001,76970.06841264413,0.6194628138978973,3949.3848706346544,1.231631130564187,0.7129575216046194,13.555731242130062,0.3114291345359485,0.0
770,290534.03321392986,47983.79487334411,31178115.637048464,1290122.611503188,0.6356586526152962,3761.1084002712423,1.8160490586192044,0.09256617968034356,6.672256350942126,0.3766926117139499,0.0
771,71868966.87638226,10376219.304065559,8453366364.392268,330682502.9319359,0.6976619696257449,3741.921331457029,9.760034797112441,0.11833007424914346,8.383360205224989,0.18064597444195785,0.0
772,5494.594645652073,1076.8758730470086,1583049.494997042,30109.454464353923,0.6531613638639849,3703.5744157880263,1.2323075924626976,0.04941730156033195,3.5021024893815196,0.35845578436227893,0.0
773,15596621.772010777,2234359.29834757,2347106793.2866077,75803114.13459247,0.6920416166909321,3000.8677913745673,98.94460840013706,0.11292806409829596,7.731594375601813,0.3189303771337408,0.0
774,64627729.13847418,9565684.684082573,5031758949.567144,265311791.6883831,0.638408103125939,3754.5527423702392,3.9464828057635484,0.08384151847179684,6.193447944222216,0.17701915802997414,0.0
775,40984870.998655595,12263601.173375065,603742588.6711872,93507509.21947132,0.7349108636049204,3727.2247978640703,19.781657818225387,0.12516573240428572,9.290399524533502,0.18349306530271225,0.0
776,163119152.69437954,15324454.992586935,21958807862.140827,821692715.2543217,0.6911717999912768,3935.010893074801,7.741682175596875,0.13640252487084306,9.176528210771519,0.1576619721135983,0.0
777,8202486.84814997,804382.6264080333,1079940332.93312,40786452.195388384,0.7621541829317142,2848.948061402498,54.12264462438259,0.13417029880398773,9.772474602635985,0.10239851567685725,0.0
778,11803.935619537087,2163.738837141456,2870161.1128735435,61203.51550427601,0.6749440529894463,3599.7765003759973,2.2205443047083997,0.1309588576239519,8.984168528182115,0.24944279073990216,0.0
779,15143135.84520885,1258510.6325713273,2866030919.304215,85140747.61275214,0.7126885259727667,3249.2621998720997,39.754274721300376,0.7654636319651777,17.27103308464139,0.20557790864088754,0.0
780,9420.986424656288,2278.2705223539606,2264366.930990903,47597.33383798115,0.7111653402576865,3828.3952143689316,1.2997942487922711,0.08019806823101652,5.616008833955226,0.2798214458019868,0.0
781,467064.95861538703,55522.55400720516,64184771.85920886,2245743.1700990824,0.7008610234497136,3255.3909835001186,3.4902479611494015,0.08949019944172196,6.13610284745346,0.19935458509008455,0.0
782,40419776.25997995,7126459.1201400785,2870123985.816134,154905087.24813423,0.645706426754453,2929.2879721784284,99.47253348162796,0.838644631489138,22.3836113938436,0.13110678850902546,0.0
783,1700.4338575536663,273.1668128894229,681059.4514414167,10760.442000760766,0.434247879736395,3775.0417054545005,0.8242517171880809,1.5887044453442634,38.54550205782932,0.3240600449182055,0.0
784,69817.68244127973,46026.84054868511,4672177.008744774,184870.2784813275,0.6793814350304256,3260.527678059179,4.554490914438934,0.7817804593860983,18.61495468933468,0.2242088198955627,0.0
785,16395908.832230935,3471085.1687689065,701622237.6736475,52265381.60579309,0.7178423469643018,3177.2954592339524,12.10738499693296,0.10490490540676242,7.698717660576413,0.2709153791365455,0.0
786,120483801.21310835,42587472.621042624,2457368695.4077644,267038321.0842874,0.7236531302567428,2718.5578830390405,186.56318742275514,0.09328317129078165,6.526940389271411,0.04212424101994961,0.0
787,64465171.410417736,7173607.151513882,5899616743.593558,285777389.11861205,0.6961098927655464,3616.961825246699,6.027525760580681,0.10631119696158846,7.831579955784369,0.08902299458978505,0.0
788,8974069.338294905,673372.7580177953,1729665119.7012894,51457122.439669676,0.7346730968754009,3616.8218415707174,7.317211982055924,0.020240686606513857,1.3323364936147328,0.1832493890123885,0.0
789,15956352.546143275,1584230.74647182,3173488615.2682853,88142610.20560682,0.7878266854859871,3083.9141010148714,124.07322933495074,0.09844327258340826,7.031620270775211,0.15251441602470758,0.0
790,6690393.490591058,1469974.2542065263,164166294.6727929,19130218.370243434,0.4506092298043541,4077.366107873154,7.800807830482181,2.8021826529700666,50.091264365272124,0.08629052690279818,0.0
791,18570235.634522147,3325718.4893431524,1266333748.6314597,69197873.88775583,0.7021920763733441,3682.7541491226193,32.640634599214536,0.16373323906039924,11.805301639856825,0.29093622740902547,0.0
792,19873243.48310673,2019061.367462489,4948600141.562762,118697123.39183848,0.7193146461556419,3106.535600628186,77.957118762417,0.15112902946041212,10.832246770536004,0.33531245757216194,0.0
793,5152864.1881043855,634104.1170257108,545556424.2458556,23129353.81577893,0.6628937027761684,3967.580539868529,3.4883637676258483,0.09588077223933852,6.724280146419216,0.21992201754097093,0.0
794,10980344.639223568,854040.569497475,2174161594.092631,63017673.65309211,0.5246413904822388,3619.815139614386,24.58440548775065,1.5191404892497309,33.55193023593102,0.23149828526756888,0.0
795,13001136.560232703,1850017.151260129,912174340.4155388,51119770.93252255,0.7443798192988507,3401.883903235255,20.530562414977016,0.15720036066143495,11.350268928474147,0.24923859113940422,0.0
796,1449604.2481597336,257907.13434388704,104002835.02598639,5445634.60368547,0.6712732293090273,3660.3729828569813,4.369703150355069,0.1556015685170567,10.532804865881468,0.14112049685690378,0.0
797,172406523.87594974,11441823.324128939,39315443848.14348,1052931277.5901363,0.6845873995257257,4143.197742715389,43.585859583910405,0.7517309517069369,16.38977712440191,0.22621595115007753,0.0
798,2698.8171473344682,308.2197317062752,700933.3826704861,15040.264241554833,0.2866726439191091,4223.205382302157,0.9607569139257364,4.031522723597531,63.73910998959051,0.538356558392252,0.0
799,8489.623601667288,2164.4126983544143,1793770.982382773,39474.274603932165,0.677923831758058,3607.0693420781254,1.912546858405788,0.19828038711114243,13.285268768310152,0.19029234894801675,0.0
800,7876.866074871677,1774.1558999386148,1611088.7993976662,37529.94757840605,0.6349864419295536,3516.87914928012,0.9452211844305188,0.7268729538533844,14.398468887484489,0.28091643072807976,0.0
801,17327075.683732875,2708971.4405095386,2518613321.4226017,79295437.38421178,0.7116196526741032,3757.2327785278894,37.949874656797384,0.17791896021874107,12.382769675417823,0.26572919972657416,0.0
802,1116356.7179251243,412729.55578755675,53833488.77207675,3199187.427556759,0.7528909990042332,3880.0639557563327,8.113193969479017,0.045915502617599024,3.171973441909425,0.11646458542279206,0.0
803,6001.247349962161,787.1629477465905,1526100.8728144192,32254.130319602544,0.5959282732295713,3857.9705125188784,0.4920260754681016,0.09140047338762303,6.27184143076226,0.24602483766493932,0.0
804,568704907.2751651,106304256.18410783,83642207574.18108,2667510606.193317,0.6155247859237989,2754.6720490196285,7.2757068764298145,0.14372122598889298,10.175284227133057,0.18453300122757818,0.0
805,70262514.96674496,5794236.055514308,11094886743.831802,377130049.8854724,0.6607584910399854,3842.589352120834,9.973227285147956,0.1887327389284727,13.08779460255424,0.15751962012609164,0.0
806,14746047.348355437,6136577.277921436,469769609.634957,37304525.66578184,0.6878323310977685,4210.676573375579,6.0640404895937525,0.11672096144298241,8.1121391276976,0.2839408461378151,0.0
807,22987719.969672803,5276969.7817236995,714796260.2316403,66157551.44640295,0.7301272479130528,3732.4454336214885,16.71450951726982,0.09396122007702354,6.833120964957203,0.26482544359237736,0.0
808,3896.1573427169133,570.4940973901896,1001435.5490566613,20798.10489430806,0.4614197562156427,3620.831705628867,1.0245311058489055,1.4760365041653543,30.732948045320718,0.31101522208099597,0.0
809,33684895.35309754,8141443.07791516,1718458898.3434625,108335420.5021739,0.6518528308975181,4430.716637861115,4.063768828103353,0.1455005366480253,9.820662705867033,0.14488233937968492,0.0
810,4743443.260665258,756490.4503399547,261096630.52659988,17087539.038347982,0.6752017954059989,4068.718585920051,1.7943416170727942,0.06904417633878746,4.998757477277299,0.11571510470797124,0.0
811,97766.77839548486,10304.646758325398,13865143.033924049,488265.264787099,0.19994797128166933,4200.619598566647,2.8229525399026865,4.159410617852737,72.20766280223837,0.3255171167553647,0.0
812,388181.6447509536,51182.72875449547,37309686.84105112,1657498.603113321,0.663703232262133,3451.716489847877,1.8820045580635647,0.11059376492387471,7.777500700813404,0.136279277404733,0.0
813,81582345.46657348,21952494.384601645,3409044918.6160307,236730436.51610804,0.4769969491508045,3588.0740121423087,74.82666059977741,1.4517426951716703,29.178785058012544,0.21744893341644692,0.0
814,15160143.646405201,4787388.312655761,1940711020.9795082,62526925.040955976,0.6854265769759282,3345.885390366516,48.9710200015341,0.14460835779743925,10.724584483093965,0.14850189563999627,0.0
815,22428.172210592555,8458.443178952628,2709679.407294818,80178.17098062506,0.6277283299766624,3924.951642898368,1.1536529824281085,0.08920027365968686,6.337975611706932,0.3123088486048311,0.0
816,1050351.7674663477,61535.96612691289,398919301.2779114,7483553.207049666,0.726050018112701,3588.655908586063,8.059580276805427,0.09618774809211787,7.060429079526264,0.4506973655813424,0.0
817,4700.509015152585,729.0446414319291,1411649.3695281746,26966.649351916487,0.6576268813245123,3567.590690366259,0.7743637457149418,0.0791501480773765,5.763569532726473,0.12474960463275178,0.0
818,773294.9161028514,452861.9324853191,32377297.87639277,1885831.525759944,0.6319658022793175,3969.1606184458747,1.7728762144564878,0.7624892059436303,16.112680419663455,0.3161988240738031,0.0
819,13550503.761973877,1785789.0743288912,1527605273.1452024,62147988.92247373,0.7337306082783286,3226.9419145286656,54.799067042311094,0.9059917198190673,26.60470706041673,0.06528898808914503,0.0
820,22057.514440110164,4658.509094133911,5508103.037104036,114634.30330845834,0.6387341154058809,4034.1716120275655,1.4515371607264076,0.8493141764525852,22.651153160868596,0.17054579248079507,0.0
821,12948162.042690773,2074750.90371955,649951114.975275,46143061.12795849,0.7440854217630238,3309.3410757197753,20.292800217230514,0.18240199536398372,12.870466129920867,0.18808909173964017,0.0
822,1668791.3417675334,108550.48359440488,446420450.2943969,10615478.018885477,0.4586244174966871,3564.7752054058406,1.6536847380210216,1.5074005088120823,32.243718896674935,0.2883423866790588,0.0
823,79095.47136072369,16724.430710884353,4185039.0674394174,253146.47212976404,0.07688357294212667,4247.25489292854,1.8250548038232715,5.443521363814611,89.37803016819738,0.34234628869507416,0.0
824,4374.796807333541,994.1416397585065,1226718.1361326782,22998.453026600062,0.6846124466548282,3461.76014577729,0.8788668960819547,0.08513325697596485,5.976539677396199,0.4338065854133592,0.0
825,4764292.886957336,1502296.5414805969,122088291.06790265,11643107.929226968,0.711982800480646,3437.139380633,26.619877295620597,0.11897120239741313,8.742052608757847,0.1377224979267314,0.0
826,30329281.920035344,6877601.585472452,2255878329.5845294,112265585.67682073,0.6525296152700608,3564.524891035574,4.71393625350858,0.19674356747264357,12.569625212499083,0.04884802367823436,0.0
827,14983763.490498642,805209.3634030668,5814777708.578318,108266170.09148836,0.5662800842054094,3589.9975011044417,82.56083619958486,1.5633389267565263,36.46343796927131,0.42810990969323814,0.0
828,2383662.540939702,647835.7021513663,84190014.13307236,6884384.020523575,0.723029813608765,3282.93357572107,11.459854622433056,0.10989804285230739,8.167021508900572,0.1418740270858438,0.0
829,328021735.34503233,67676277.1021554,30010175985.541393,1286191270.646027,0.637423231590778,3236.130446172713,5.934724233359609,0.16312937921962173,11.035130253177112,0.1124515304608321,0.0
830,20204.577978580382,8439.183855278507,2350730.4096503803,68217.94649577318,0.7212750546468608,3643.506387732521,2.656029908658733,0.11197743129121855,7.917891982645564,0.46726637713184865,0.0
831,4135444.9750227565,405683.3391196524,442399454.60734034,19495178.530812047,0.2936653620476502,4246.991096794786,7.543127861652251,3.418430808465785,57.26695571282526,0.1254290772033,0.0
832,530214.9399421052,53173.8574918046,144246997.09598094,3134147.7504081326,0.595813767861874,3373.5942810088845,8.898437473638825,1.474553766463837,30.513097714272043,0.3268598697405009,0.0
833,135613.67576038497,122219.7255094285,3797756.127684065,213720.68572064512,0.6669978438371323,3503.080142762258,3.9399755384230084,0.08626400100603257,6.177184992737379,0.4666179959861647,0.0
834,57590.73090584448,11488.910251139538,3404835.2806146936,193198.24751246592,0.5964765192058363,4017.9431578593226,1.2777996179705575,0.14337927509806186,9.844375341750272,0.05263538136844067,0.0
835,74877743.62953378,11831811.051698577,7954294215.844856,311147468.1745814,0.5519579413076225,3865.894107178256,3.1991958025243505,0.14189685978678473,9.464925934780691,0.25810352723234786,0.0
836,809286708.2008762,153167233.72501025,29350360049.785297,2582654874.6709056,0.767399874481442,2767.257499095635,22.466364798251107,0.1247029815153895,9.279240588689698,0.12052996231872713,0.0
837,325192649.9222914,83649852.24453834,7885508739.997495,868359226.9299858,0.6540391148473776,3305.881841097014,9.32150332691718,0.20047266047893775,12.725224191604607,0.11843671253849936,0.0
838,14963974.258136133,1253802.4189332137,2359604814.987017,80037946.9375982,0.06307405237779268,4411.516049103866,4.477835983068708,5.5257757814708315,94.29547906308883,0.2429553526290585,0.0
839,26987.336785498374,12908.525683662765,2272020.8818092337,80272.45791990517,0.7086881077247396,4027.6624203324354,2.907247492718436,0.14001629886097175,9.937275667870145,0.3821818393165526,0.0
840,3558019.1558981896,427584.4261473776,387603519.43654984,16454452.831619838,0.5532704560992164,3705.9929885975,29.159973206164516,1.482440998525569,31.294988847158628,0.13901542816335186,0.0
841,14320785.986636747,5844959.658943793,98278541.40075788,26137459.628868606,0.6765346138984931,3340.7590292744217,5.836093900539282,0.09275232544886754,6.662893809341972,0.3415308388858129,0.0
842,16350913.311754042,1386633.5270225664,3069442431.967874,91452801.43206358,0.7176018941592224,3821.8812407104324,35.014826374999345,0.1480039867528653,10.532557330408585,0.06604772261358956,0.0
843,7493.002946734184,2837.3094763036834,1590547.6678160108,30864.672027062326,0.6678082012686822,3701.5209907981894,1.0315697649070106,0.7511457916099357,15.875988614290467,0.43120321795416966,0.0
844,2739002.3894627737,563431.3692742251,155465217.79818994,9587457.098517546,0.7441443257351442,3570.21516922286,6.966154551903629,0.11479657608396758,8.114934808181165,0.22876719981377966,0.0
845,11070671057.564888,2468820852.925326,255288771160.84433,30500503256.48296,0.6678530283533092,449.8445698210659,14.280219751867923,0.1159013020507242,7.708148138752151,0.020843016287040925,0.0
846,34535145.08805247,4778554.381720869,5002261015.607418,161455844.46158433,0.7326340018068292,3184.986769755139,116.15976592803862,0.14567597112005126,10.426681432857404,0.3362862200619026,0.0
847,9861886.737890106,2500590.273924821,186166502.46864566,25083432.587677725,0.7444862481063297,3603.6675733949505,7.240027215842869,0.1030140301549757,7.759280861092971,0.07812159894911759,0.0
848,14853292.983392969,4614867.866342949,436222447.88107383,41151355.28759451,0.20936349299055354,3658.360631850994,4.097277406299979,3.4986249904656406,62.78726893292519,0.07380046333770213,0.0
849,10580333.490701642,1274161.1241008276,955488822.6771349,46262338.10866883,0.6639025676950295,3721.9199663749478,3.944802876741523,0.11465510133789927,7.69452271140798,0.1934226133678716,0.0
850,28767.788023783487,4674.9598612981545,3569109.780996865,120137.7576700962,0.7110242364058035,3998.055366249058,1.4521628263396305,0.10499072653029735,7.212193682975581,0.26596990182412084,0.0
851,2346723.370786898,324048.7066826689,310050037.1193062,10851981.771457668,0.7293631232763889,4067.2462323056716,2.477918732846567,0.10929549576113917,7.243126094460552,0.24240374979901405,0.0
852,30935125.85030632,5193406.815380657,3266057741.504552,134041061.90831752,0.6731864723214774,3465.9635916697034,3.1747348058957496,0.033710594952345116,2.5307809683599074,0.3898181407883367,0.0
853,727570696.1666776,249607055.97904864,14560676760.361313,1679669433.5555105,0.7304545209596396,2286.833777024624,16.685521317817617,0.24664461903204637,17.754936831268502,0.18606953700454348,0.0
854,178540594.32562035,31884209.337635398,7560005795.218112,603254937.7070458,0.6282807248255715,3686.537797632087,6.07211111308662,0.13490460259932738,9.563605910338321,0.04200975933995622,0.0
855,7773.399550973746,651.045482532488,2321175.5013764417,47763.23960305384,0.5975954008573755,3786.021312721671,1.3908562215194475,0.1880365816639152,12.440226029780279,0.4118874567279303,0.0
856,14697421.301770205,1400551.801442229,2139278550.4251766,75703650.24065498,0.7961786085384842,2781.6917675919876,51.68211933959767,0.2229119249483394,14.966061886164635,0.1721145873463476,0.0
857,3494.543916905214,935.7942206641922,1134827.0195926703,18959.607718846848,0.6958723724256155,3578.5770293765163,0.35651556656427463,0.05350903678059034,3.5994866370547896,0.3265925796770668,0.0
858,347951.1070213834,65506.5627320444,33572966.68119484,1360741.740803627,0.6890508805668882,3765.5059485398515,5.526507289877448,0.15290504617543946,10.637940891181835,0.12386533489437519,0.0
859,90391983.82594144,6893353.157155504,19189282644.856117,526738560.42371494,0.6545765846801281,4316.1576939983515,9.99102627374804,0.07199842066978297,5.100149102101232,0.0810672366155331,0.0
860,4587726.907311427,1057948.94684292,354683571.8528813,17889100.614708576,0.7602871703852714,3069.162876284639,27.615512922226053,0.10488420866613621,7.541027780116049,0.10348733773922757,0.0
861,21958536.61715185,4330123.529923932,1940596993.5360656,83059796.80487345,0.6885359545618757,4010.2075671264834,4.616487596711384,0.05480638432945968,4.089931775483537,0.2513626633564224,0.0
862,1047355.7451495307,77464.74402381574,301937735.43145376,6665480.157420998,0.5355338834542385,3555.470664231637,5.749636597751145,1.5577306015614127,35.521589752215256,0.24408602506319405,0.0
863,65663.44722087415,50498.05852203756,3335302.791823583,143240.26212247685,0.6721776905492659,3303.559858105493,2.7211565796510824,0.7918080392145375,19.21076557098048,0.49903734656055826,0.0
864,15300883.91003381,2467168.959775697,1864537284.4815993,70000139.42768568,0.6348245268002813,3656.518749548413,16.226748569139115,0.18794281298553556,13.046693606339279,0.266463003029969,0.0
865,5410.321080308167,1317.7931884794482,1337000.0935530937,26448.974196349525,0.6698550241808422,3659.715219473527,1.0639758816894207,0.0935309629912977,6.929631962222331,0.49207269356015715,0.0
866,173769595.90475243,38109504.620951906,10912255747.126873,616645474.1008343,0.7011725513745184,3502.1733463774726,8.917697052253638,0.07233745759598245,5.248154711682242,0.09303010900676097,0.0
867,30927980.694153078,8207671.570086308,549146318.6680901,75996322.30637257,0.8244868629235926,3172.0676378816647,28.135082250786702,0.0835964042227122,6.21388589010598,0.16399900962343592,0.0
868,286059.9373896468,39705.74908020191,35154209.334043786,1273170.143205696,0.675364396641826,3410.5659164802464,1.6646114380261927,0.08581225930204654,6.034250961178339,0.2247426923263863,0.0
869,13257601.762792137,2393126.230088153,716129272.3555266,45155582.024711296,0.726101689952752,3419.2162378000867,20.80756973624178,0.16981586041250968,11.987780078852992,0.4349214959360283,0.0
870,2001158.7566646629,535735.2764743845,85748962.13887876,5925725.558152128,0.7246358353177967,4033.407258964989,3.5352374902212906,0.07825851022057613,5.72261059839831,0.11598662796523894,0.0
871,28527050.36250438,4203941.872144505,2028996540.5263572,110453893.96499558,0.6497321839718333,3819.9197971309977,4.921644523976278,0.10725053199420165,7.617906348687841,0.1639077941234067,0.0
872,109069.71433403059,50691.82164949035,4581623.8857498085,256230.77673311866,0.7433235580705401,3499.026992752166,2.7982806199967114,0.13448422944444333,8.741285179433017,0.12554878012799228,0.0
873,2569235.8360865866,1086059.3307205865,64196150.159421586,6004014.314779822,0.6793930018055482,3664.4070046818774,3.0671545878261366,0.1384141064590275,10.014576851635164,0.1320259001018032,0.0
874,14377.905952977497,1422.453868155486,3798171.5707761655,82692.75999530482,0.6976484589108843,3891.0835400650176,1.9776220805243376,0.10856303499770226,7.815739740215529,0.23909294348776475,0.0
875,14489534.917586979,1076104.904368932,3190299664.960162,86041206.7374511,0.7463154653264945,3725.76258720989,13.109427885636109,0.7047874199846894,12.889555790939227,0.2435266714312413,0.0
876,22474447.39071104,1691764.0608987554,6969090582.770441,146931487.31345332,0.775019143774222,3089.470745323112,63.875514313983366,0.005036011200720747,0.3477841791374331,0.222942325947232,0.0
877,6481.103493342424,1576.60186085961,1637211.204637541,32579.859735684633,0.6675225318850355,3693.8540212495486,1.6241351821641887,0.14243604739581697,9.415055449256451,0.22249235572326065,0.0
878,10867770.327372517,3611197.744927636,544053101.2797092,34795498.78569023,0.7122103110666191,3649.8024617963624,5.355404216615348,0.14511479771550392,10.566287049460108,0.2049445117219628,0.0
879,505253.43424087286,110204.61532008562,27900410.88005693,1715603.0980691586,0.5901636245613278,3885.239051300247,1.6796644024303355,0.1311563036603487,9.157884749407495,0.15821333454148337,0.0
880,10809762.697927907,1247672.798707427,880492424.689036,46354619.68281991,0.7595103686919112,3859.2420115598793,42.15108784316851,0.04406979267341722,3.189602412216357,0.09415113237521205,0.0
881,17371101.261664953,2249095.6608721768,1743569257.6153474,75756271.42447628,0.7954496644676277,3730.4009363995056,14.8629036589928,0.16082487262557077,11.237415844754699,0.1929376503312281,0.0
882,8429164146.734569,3831400504.742343,52272325077.39711,14847231315.057514,0.668686692809793,380.702383721182,20.196632822683807,0.1422405881755707,9.389069199977365,0.05629365122704365,0.0
883,9387211.57469859,672794.1871004557,2253267318.6930156,57305462.24037354,0.5404004675997658,3044.00498285262,11.59698437929551,1.5266428448889076,34.32451579485933,0.30497713244558405,0.0
884,9965722.28251468,993148.910813576,1088001950.5337627,47238563.599004194,0.6974061109481002,3789.535950387862,9.702079616260802,0.15909247514826505,11.494475396555105,0.1321733484390223,0.0
885,4151878.9158282117,865335.9310361461,334925488.93389785,15183113.966020262,0.7118152484511971,3812.7642307100746,5.686100015529602,0.15887271541342968,10.815568552513565,0.36060762752104886,0.0
886,4990.19292052827,1057.1729623447623,1411694.1718018907,26972.53135920054,0.6585833258415303,3384.394006289194,0.42147966509509593,0.029905295643380292,2.0172540542683066,0.3173082018387173,0.0
887,8310.613379951634,715.5362785624817,2785133.208482593,51857.95567959458,0.6868622095990571,4072.047879922361,1.442937418374054,0.1890299787775877,12.857039210535234,0.35923460487462405,0.0
888,1745734.0031888601,289030.43149441155,67458341.33592159,5821142.782441388,0.2487565318174235,4244.712040005232,2.988745296554312,3.4776406778271407,61.28271342784278,0.15929171652254362,0.0
889,6269.413984856545,1072.3625096225608,1662745.8350610957,33958.94118454778,0.7520691003917477,3761.367771845181,1.1374648632875601,0.13446935722421358,9.995959957563603,0.3106772211941493,0.0
890,149442296.64584637,107151345.60284829,3890381169.3581963,335396827.35810894,0.6965765097639028,3304.191049852387,6.395179655061953,0.10680399978586701,7.661921608108902,0.08672769387855674,0.0
891,18476320.57290501,3444083.475569914,1520480383.1662805,73339591.58984062,0.776364392133182,3600.167459811867,9.986088128175627,0.08622878275543915,6.239320818264031,0.1623879662977079,0.0
892,1670506.0350251559,398113.68233832595,45523041.06147038,4694288.841347991,0.6817178997533325,3376.3500262409166,2.1442901095140128,0.1251398668783751,9.033614193595453,0.2352349801345565,0.0
893,1672614.8962187571,141169.88856354466,279093297.2370575,9021238.565760884,0.4978749668590325,3394.683492776773,10.165466941522348,1.557445672536772,36.51857546388049,0.16086453601423284,0.0
894,10480906.852633528,1321559.8848174966,763460175.9300334,43377626.538807206,0.11318993006275609,4295.489205598518,4.683854311103667,5.443134939155584,89.00137444921268,0.0771169586804385,0.0
895,47324936.81687604,8130128.055534218,2328034522.024811,166138913.51706022,0.670411705950021,4189.160835365465,5.72953299115962,0.07630057893673899,5.276124582640149,0.35785276840177627,0.0
896,6830152.135561153,790673.4663135995,698144520.0652347,30682726.338447668,0.669111054131911,3927.9106321724576,2.8482450305606455,0.1017694178615642,6.910485320634985,0.14582308452734358,0.0
897,7633863.855948612,583857.4800857293,1851967321.2442837,46634521.78154312,0.7851859518823032,3173.6450035248995,111.86464466046736,0.22654878564902914,16.943653646284154,0.048943155253363166,0.0
898,7774.290502663534,3492.9742004682244,1479507.3157496187,31307.022430313926,0.6564335846429155,3510.936536863663,1.3714280606255047,0.7266781169912557,14.326819176308083,0.3552933605377724,0.0
899,1323359.674358116,180745.53293536513,99825951.14702375,5328046.170801034,0.6908227442634964,3831.231317232415,4.891363438579111,0.1436352094031494,10.025357535164083,0.01679963002254183,0.0
900,50244636.00660664,7175886.947942766,5491048562.250956,222580793.41514522,0.6422851977615691,3196.321351272842,65.00429508244,0.6811612565877763,11.791229901152933,0.1694697168721077,0.0
901,14308.466784189503,1721.9050729421856,2872387.7057696357,71028.22830198864,0.7069701995104214,3745.6504129086043,2.440941134763025,0.1127763049976986,8.176574128463507,0.28080811936734995,0.0
902,208076663.59641367,56210118.69958508,7224509289.613394,605388636.4784504,0.701705632583947,3658.1027655405055,20.36050089147494,0.08637549535559899,6.325729075907984,0.1386626581254258,0.0
903,4056335.193406382,694544.1038319581,381768422.67566305,17108108.200339578,0.7040105977399801,3522.4059165666595,11.223261189939892,0.1367344017273088,9.716524385869683,0.27918704826455704,0.0
904,19289757.12308189,3162588.995431179,1410345496.0490198,75221969.35849002,0.6623208633724321,3708.396691442331,3.964005416239756,0.08879020991222344,6.41700300080917,0.1443347418111842,0.0
905,36746101.575664304,7240367.210568627,2130924751.325011,132704351.59716702,0.7514984592685808,4171.59437103376,6.19318429862453,0.07458393304563975,5.468917932908593,0.2521223273480103,0.0
906,7733552.201665101,749263.0476185263,1212139223.1564915,40835988.236218214,0.5439332607608149,3317.681418776978,43.06107206022067,2.173522313416215,43.154126532080944,0.17166315272537985,0.0
907,664026.3960404821,108241.69248478653,73674148.12856174,2907500.3893742077,0.6074571887372796,4351.580353115693,2.5271547487264514,0.18193651873665456,11.860678605391731,0.13118248543255548,0.0
908,129199092.30473499,18670833.32601594,8664745930.911499,512208297.0797168,0.6612488811579825,3629.223036594247,2.9845194021868027,0.04144031707796074,3.0548113546135367,0.1341619263541386,0.0
909,4589.680536303187,918.3235358473652,1254461.500035689,23901.462839444015,0.5983266203707951,3646.6070173882385,0.93211652503505,0.11523443831377973,8.170260927790872,0.38089118007695105,0.0
910,142231915.74181452,64295416.02281012,1065260386.1771361,253413977.32236648,0.6830999698433315,3525.4948087712237,11.224208400515115,0.028652813545971777,1.9190159527173136,0.1272378398884574,0.0
911,6818399.449410705,1004478.5638222266,570027375.456078,27803580.096674245,0.5638753405567786,3892.892188543093,2.6865264033032172,0.18874410545618617,12.364687378677846,0.18735391876733026,0.0
912,79974616.79221521,16454769.35582698,7434002676.280083,282515418.3514655,0.5406167302603712,2671.8159355626185,355.93570864643505,1.4796705380790076,30.699471083327943,0.32512517466342744,0.0
913,1583.8194165882985,157.48256125626202,622452.1208840943,10374.742624276067,0.27219178471383987,4005.5387753147934,0.714217446660807,4.0967124886508115,67.61144503816756,0.34712207137529383,0.0
914,3631606.844029378,870833.6001818941,86594180.94780914,10078320.43250583,0.289882986013697,4030.74680282625,3.0168567826671433,4.057781170086072,65.01503439955496,0.22635551000762727,0.0
915,2933381.7457540194,382926.28840505297,265250692.88199478,12562445.754699,0.09085340251695422,4254.523724688821,3.3756235303471303,5.442369538266951,89.12606295280254,0.3205066816823757,0.0
916,6832.225734437813,2115.0258906330323,1215570.9255196012,27984.45657410424,0.658876698143932,3182.831670115166,0.7794242125731409,0.03131476257837331,2.2314976636119526,0.39474243153513555,0.0
917,31043.33477611111,23144.40153224577,1361200.4666089944,59616.138893663025,0.7714216344866931,3702.059915442165,1.1134150282413822,0.10965281953121746,7.860489532727385,0.2656466017485973,0.0
918,8189328.716517965,2455707.682160122,158461087.4106975,20546577.24090332,0.7129339023643534,3398.35236956677,8.182617839523132,0.09240109723377436,6.217247482455777,0.17317976855305142,0.0
919,96107228.25861792,12541018.50274694,8517867302.225797,409212336.21331114,0.6689717674569785,4169.940130222111,8.375850440854881,0.0996943736970625,7.195517980856006,0.14853044272823301,0.0
920,24914773.179606296,3684049.3044548617,1306195022.263657,90723039.66271912,0.7584170762234377,3315.909802751533,142.1437812397867,0.14855044983734328,10.574806869192134,0.15062895779803603,0.0
921,608405.0282869004,66287.6314396522,102054970.51680988,3116053.407591612,0.6890608722330154,3405.3720210579977,3.6178711000155306,0.07892265649230001,5.651763446530149,0.32610835014742007,0.0
922,4844897.180005435,1078404.421114618,155575856.1509436,14296896.944499347,0.6992339420295145,3757.378069224892,5.035449531680687,0.079072986843632,5.941193095798336,0.04893795173964072,0.0
923,15044862.772128876,2842578.8377170567,1571998509.8160667,60921256.125711225,0.751501800838792,2969.23275819435,83.75470940075037,0.1227542451334859,8.913147685460624,0.27810364343858485,0.0
924,1203556.5233670205,413950.8280641387,91957791.6432276,4211320.912202559,0.6099164335584166,3780.957375416499,3.366606295681619,0.15699226730202537,11.273019945742803,0.07004637990100222,0.0
925,15187233.112959176,2499753.655530329,1216804484.776585,61130431.090629235,0.6377816917366145,3867.6816660627983,3.643238844897765,0.10747585658719946,7.767535061057414,0.14124185411003085,0.0
926,21886.813791095905,5931.794370354923,2257418.044693646,80081.02046348667,0.6647870511419535,3804.902965721436,1.764853852531928,0.3232577911901503,21.54323846774154,0.1640438519917504,0.0
927,19189598.053020854,1386801.034102023,4800098683.964461,118443318.03593782,0.4704701502055462,2254.9081145205123,162.282631960928,2.161712994458065,42.171214494342834,0.23919535976290798,0.0
928,23197.65671486299,10434.357386392834,1999833.130346189,74373.9395412452,0.7229331433934364,3711.861431032758,1.6766937118751728,0.15988128169358537,11.280015529209837,0.3139551471685372,0.0
929,95801928.36054924,6533530.888385109,20786999264.4121,575081882.3807043,0.7022419368981645,3912.1161244988753,9.214663874352262,0.13589502973078318,8.957312372557016,0.2780284247780538,0.0
930,139147.34585052053,14733.775752040814,20230174.256399453,679229.7759735927,0.6764190251668569,4372.8744103313875,1.7951922400178337,0.10631587137490124,7.557904649838344,0.39783970329224,0.0
931,1508.0570340439597,126.95749400890045,601905.4578810048,10108.474395383691,0.2944327541162835,4274.372130052379,0.7707937486989319,4.050748703837394,64.8318712071463,0.46796148734374293,0.0
932,20201.85499571813,8682.841752517354,1616809.6766592744,57758.13572229922,0.658477581418755,3362.97725859819,1.1264497061809622,0.02458865985233567,1.7322524347823247,0.3228334546357153,0.0
933,4041547563.222866,1643581765.3213468,33846019063.152515,7583750980.600019,0.740515507757372,1378.0842729357012,28.428091368677183,0.10361689670339196,7.522637827050032,0.01859489425954252,0.0
934,8560.928257784753,2261.7708631310825,1696544.7853717841,38409.104342959145,0.6396391783979646,3475.1721203970765,0.8011871489633262,0.036177280972851646,2.3195494134379713,0.25820724592746164,0.0
935,10283.448056960015,9152.044984785509,535971.3187224998,18671.853592225954,0.27643814855653115,4204.326817498088,0.9046713087853918,4.043125994837283,63.79980311267892,0.23893774637400322,0.0
936,9339.45352875092,2471.141145090922,2111971.3361293697,44287.47587160663,0.6965113618311055,3483.940205103369,1.7855537702420607,0.04017973540278073,2.7320401259893203,0.2100693251886248,0.0
937,32603908.178097773,8088412.017332166,819285436.6055232,91778107.24073054,0.7031756904056672,3544.944739322257,6.520339234194291,0.10066214429096529,7.450506862678003,0.31295790994859485,0.0
938,97429107.24026911,30187236.87491756,6626911738.098455,321319684.4348576,0.6936905414584175,3087.787173700382,160.6289551389991,0.12412007692820141,9.044410805474211,0.2517170627209986,0.0
939,167997785.57867515,21223642.248536795,16261950269.293537,737762362.0030512,0.6791899866456811,3669.157633181219,562.231065822753,0.16943445877282723,12.301102833542611,0.1750402100777842,0.0
940,10930618.647183483,1330135.6433130598,1072130510.6221966,48450341.798227005,0.5839898198020361,3083.58934557456,121.04728348345485,1.5040517725819411,32.64547958852682,0.2727777412343347,0.0
941,46238877.64205593,13032368.273384247,2027594845.5154386,139578871.6078797,0.6574427689846829,3545.7892113574767,5.85650686434337,0.11145215939602507,7.8948746532747816,0.18699897962634524,0.0
942,26623.54383643258,19032.318238367778,2388855.8343405966,71757.55455001265,0.7275191786097588,3693.1163939535663,1.499180196893878,0.09695576014315606,6.896273942960377,0.3353983703995213,0.0
943,35117352.1645354,2828097.698323375,7014632364.306328,201722719.9236348,0.7086244230895762,3598.086152613566,71.66203524576513,0.15683975381057333,10.933686191354127,0.2148471859391515,0.0
944,2032372.7735851265,307673.7551791271,285991250.3482235,9433428.700986376,0.6711744357739453,3911.6695620480914,12.754345444631236,0.20892866598392362,14.645068932280964,0.08065845911585631,0.0
945,16752231.194285626,1456038.9447432477,2712739652.9648457,89333567.91248423,0.677121351603841,3927.633655813752,8.410317523583503,0.13040245924397534,8.898787570246034,0.21140741312646968,0.0
946,2338.772022875665,490.9443361264706,720722.9848560793,13111.85181264157,0.0687736452235724,3553.952272242657,0.8726383083216008,4.812037249177118,81.39821278459252,0.5966418539481922,0.0
947,6340384.347684806,4806300.17648009,173651275.20233497,13326225.419973591,0.08455470953765125,3831.192527287438,4.728307665932038,5.496718141637288,92.82759110287176,0.2132345044297766,0.0
948,2164.2163832299584,576.2830363494679,551801.4156249047,10979.523894168125,0.08250094480394646,3860.8349901379324,0.7474779480449305,5.4995342829401626,93.0213679996086,0.19452033333413604,0.0
949,7996.405236081038,1300.2789436854139,2441636.5299728615,45952.24922112793,0.7121026545150391,3712.641554884175,1.7178775301157763,0.0401578267779513,2.889649570534414,0.11572500047747507,0.0
950,3490649.432444683,1230930.8158444657,42903070.74016927,7196105.0068956865,0.6837571570531086,3710.4003459721143,2.8375349822666096,0.09533397851503729,6.989208333133993,0.10427714367121331,0.0
951,1079239.3041336245,240633.00599258082,39033801.946753964,3299867.0692094467,0.6403575236724964,3481.8196596959024,1.7138923013908272,0.09379993140970785,6.779255138920372,0.0319891167897089,0.0
952,6411.505354395056,2457.9265055075343,1332804.964944958,27402.017593372235,0.7468478623360598,3597.4517703202146,1.1200768198289532,0.10053788749150021,7.179157927167603,0.3124748198243669,0.0
953,15555264971.560339,2047458997.2797115,1039280544457.4153,61426478656.581985,0.633548501175575,657.8395850642777,17.34612311425395,0.13459194660771212,9.706410580572669,0.11001051657053838,0.0
954,23234979.609540705,8220716.197034332,1730975896.5998554,82452439.42266688,0.6920570381737543,3528.870771851626,4.969087075820938,0.1614036504249449,10.534705263100125,0.24566660199928234,0.0
955,5199927.808891235,725223.9154980599,793538859.7581875,25218615.182323296,0.638547599422832,3796.670529428294,2.100991223978295,0.18189419187321665,12.861121604570053,0.22314602061352004,0.0
956,19165.967353075026,4089.767446318652,3024222.902987818,84838.3493095537,0.6885750880606536,3279.5923155457313,4.2770464732667826,0.786262892501879,18.873963744681724,0.16068620798222344,0.0
957,21771008.319448687,6893453.418321562,802851118.1298995,64250888.31127516,0.7268421244153143,3560.42992252625,6.533459343380631,0.07181793207183951,5.403209320242792,0.24819551521300012,0.0
958,3152014.9030687655,670912.4351285533,100791520.18445268,9234423.137692142,0.707724498225744,4195.09183969082,2.167903021708111,0.07290450614544533,4.518174547265045,0.23390512572369496,0.0
959,5454282.472740969,719660.3208808419,502378304.1823069,23278737.47708518,0.5794115382881886,3967.3389534032217,2.8508606925764215,0.12588376016016137,8.772291690557534,0.07453086024109874,0.0
960,97655.29307483564,19093.845305190564,6872333.705339102,336063.3350033838,0.6664044709860961,4144.504323301331,2.9483282116923575,0.753020935847727,16.317481472629172,0.3573459329532984,0.0
961,55247266.585459426,35028498.75391529,3438583812.73991,158092536.31826004,0.6863892768870754,3658.3143506143515,4.283081315259467,0.14475496100152663,9.6654250605403,0.2451042927578783,0.0
962,40596094.4620531,6968355.834942478,6214014078.4197,191899636.51573306,0.6408238478401527,3796.2161190964566,3.7918862215249853,0.0968864404755232,6.88764117075367,0.23460639104573328,0.0
963,424905.4962351433,138772.19205428046,35102306.12407209,1506633.4451292017,0.6826572000182674,3861.929423634107,1.6236587471525565,0.0803025537386854,5.533466454057942,0.03343812065721758,0.0
964,41051237.11064218,8995951.352162236,1498731260.3869941,129162540.93579023,0.7081992197064134,3622.6487165730473,8.959878565897654,0.10034374437026435,7.432920164101472,0.08113980002368373,0.0
965,2692.1426132352167,290.89331784323883,1098049.3682052665,17629.995579923518,0.6647916044502302,3691.9042038469784,0.6885147043864577,0.06440062135905311,4.753898752561144,0.21288656755592575,0.0
966,7929482.210976703,627961.0204854291,1412459711.2363224,44172897.93883107,0.7444995977267098,3888.7087354230694,8.300317607480366,0.04016120928169924,2.671927529163439,0.26929383780039584,0.0
967,10482336.440402737,1321632.4080588652,780060605.4042773,43416033.52891515,0.6471972601417569,4093.0025247247545,4.788345985658832,0.12670191051905463,8.992483357877623,0.11328066578936241,0.0
968,691689.4224354618,177854.28935375658,37156886.35992837,2241149.3677739776,0.6766191188750055,3841.315419300134,3.5212871830521326,0.06861393196062009,4.829002003751415,0.13768429644654948,0.0
969,2296677.1984472023,465404.73458479124,120594526.5493829,7890458.526809914,0.7161933761757376,3578.812475601231,6.834943628565113,0.1725519416298452,12.15038341197885,0.1326449708794615,0.0
970,11247.179128645908,4217.189642205049,2238056.3935824316,49122.06232630242,0.6642000943251808,3488.391582733147,1.8978065422123755,0.05214133664524363,3.8261831302403806,0.2587120599813278,0.0
971,22176666.311962098,4111848.875560782,927395588.9081867,74615264.66367799,0.7332749705386756,3479.195587832335,9.451356627662431,0.062379489462191094,4.340903868891898,0.05342358014631257,0.0
972,50815862.14748129,4928173.234610106,5447463992.786254,241258006.0479711,0.6366147136567037,3599.2801025414883,21.433210848130184,0.7922814978459376,19.23419455329651,0.15937257465849713,0.0
973,275222.2716264354,107561.69557145696,15341690.20992876,793822.2451181316,0.6646376672145783,3813.455215100981,2.5729527423723746,0.11659017926590769,8.506726870702371,0.03575231208290052,0.0
974,11413400.502571326,7278100.50440413,286508471.7814676,26188040.45360031,0.7087697805891564,4037.0051403683183,4.325298954379822,0.10977009053417763,7.6597635321406115,0.12764584982365954,0.0
975,9484.119544695612,3679.3043175760745,1811542.0706931811,40546.03697726487,0.7576895167697105,3755.631177202561,1.4119439339888347,0.13085327704893474,9.028699547767452,0.16909404150644117,0.0
976,2785.631255912101,1744.3688178715852,573639.2933427986,10271.755006543366,0.08507925222384383,3722.845199689891,0.7960992253870826,5.458135956597998,90.3586532341495,0.2617736098380905,0.0
977,30805796.709156305,4214115.347608655,5418105328.284359,152610447.96836475,0.6991704020478858,3099.1335107463583,124.25324634665851,0.12273175664650209,8.841301605483691,0.30381426072888684,0.0
978,12032715.165595401,1545368.3421092597,1060957354.4831197,51764462.05488721,0.6806162794166108,3602.168648565482,6.996109346482019,0.060077688701486845,4.227012971648877,0.16233192897651907,0.0
979,892051213.241106,98598635.24555257,108084668120.81848,4215974495.904109,0.6656214674128405,2719.4926451974234,8.750654954937279,0.10296887043155953,7.267996649222018,0.1475106150100341,0.0
980,18146.67319262169,5961.509077992972,1784450.5090744868,60461.12339274152,0.718547747045418,3764.000705137463,1.9932383732805072,0.130675626523049,9.375031049616975,0.2643927341830854,0.0
981,101593231.44767272,15562442.179773742,8049152937.960261,405356098.0533133,0.6067799005434308,3802.9258978173502,3.645911770822737,0.10765724943301266,7.317273715329736,0.06070705670159825,0.0
982,2201189.0549946898,258633.30289778934,345310240.9278528,10763092.241826687,0.5832921964769099,3883.9232957349586,5.364263567521463,0.06739326020703347,4.572871800527723,0.29639403601790504,0.0
983,6662.695303003717,1141.3691328706384,1579854.8402075071,35388.92068290318,0.6580928311132668,3515.352798754889,0.6707622356602728,0.07125263158959853,5.2622090153851175,0.3242622159440593,0.0
984,5702275.92960923,458840.286549284,993853508.226992,31564599.887115143,0.6895587320449581,3882.954457032629,12.735865761720278,0.21125358822981663,15.464071293062153,0.20759817664787733,0.0
985,22488698.342807207,2432880.0741842617,6071757965.308389,130267583.50748682,0.48562577168304183,3475.224345573927,77.08195451076317,1.483038819657679,31.017505349883397,0.3988819582752171,0.0
986,1236902.4807210783,217232.91627223036,81235891.49055792,4705386.053769938,0.6656771535987446,3999.407905620064,3.538306429651364,0.18790986872368257,13.510322665345672,0.11457460762162165,0.0
987,55836.90245999893,10698.392420643308,2972301.0361099048,182083.6909911677,0.59408637891409,3878.528398991816,1.444849517899217,0.07859542740327444,5.068646771077115,0.09448247737624102,0.0
988,10193926.660772044,1096901.2437308943,1604660067.6438515,52789230.999024674,0.71914394961497,3492.7904449892453,110.03778682637696,0.185539704536672,13.862508291412507,0.2266039814026792,0.0
989,12102.022016483203,2572.168132740587,1642012.4784918497,51265.27276813409,0.3722554254699207,3955.627473695785,1.5573941223412848,2.816993525606143,51.23746587904479,0.5384888398002347,0.0
990,16185264.496026102,3232758.088868053,1444914686.2947357,61402587.78644462,0.7959141991432214,3274.3185230674167,150.78234126478753,0.08981197688601164,6.592685010814553,0.22149037744739314,0.0
991,6918080.2648997605,749053.5662639642,882553162.7002332,33750788.80461087,0.7339617013190326,3221.8627679780557,61.288860088890736,0.2953526731669589,20.38411293922596,0.15807312023097728,0.0
992,10338346.873602364,608492.32690133,3456943036.0035768,70892507.61098135,0.7546408650373879,3552.615477800506,6.809872633792842,0.062078040152931634,4.651697787616693,0.356644330493755,0.0
993,21984.90319240165,9400.124910138016,3559362.4474621885,86471.7466593005,0.6691132115591516,3624.1495503595434,1.6143638341696682,0.05528101834307906,4.173107046617295,0.5567781265635886,0.0
994,12252.89846457315,2427.652228288933,2566819.0764029888,59569.043311187575,0.6515935597718513,3271.9816211781413,2.0019495950592603,0.8333013541381671,22.221753929289893,0.23118130388685268,0.0
995,127.68888999110018,4.984740057628338,108072.28420913566,1183.7398250200545,0.04757008567915098,1755.2741842909677,0.4424677614861216,0.001990778162262785,0.12629312656715824,0.19883781471821269,0.0
996,7431860.908150697,743820.5035409675,800175072.5710276,35188532.88144179,0.6793459760226757,3613.80995270116,14.006489296501432,0.07030938329771423,5.230141658235761,0.17703468906316322,0.0
997,947517.1416382,72384.76897011504,208735243.1468137,5586314.368340872,0.3278916122644805,4106.2168783182715,1.6695231558128514,2.2397496114112614,46.2240665664374,0.2083794362317549,0.0
998,15643.059164059368,2023.793629539109,3708359.428363137,86275.66513315802,0.6518737349272714,3485.377915112751,0.853263970438163,0.08492399851645178,5.581737860028002,0.23665269842198644,0.0
999,107150106.09874222,39642810.26382091,2922840932.150588,243811725.99416965,0.6228710629761315,1912.803026006397,464.4656199173829,1.473944385211265,30.437867071937085,0.19759804011933932,0.0
0,27513.625546138745,4848.07353531065,3003893.230036006,110029.5146318147,0.6517109801611924,4125.134239615383,1.0791012662800685,0.13228516589420636,9.186275670439116,0.1800285773858903,0.0
1,29111196.62548708,3420954.2252834653,2577136185.6755686,127348939.51058428,0.492015601417224,4149.590613406974,2.4189311575329815,0.7455532457553516,15.630049615670718,0.17352555514530324,0.0
2,7942604.411572349,2048936.0460300078,138466441.65337595,19886932.290877745,0.5438902379498547,4276.443938342059,2.561674544093631,0.7193270421450133,13.969652270468753,0.029803448977980783,0.0
3,24402574.758475628,7209946.927076933,720371916.6252424,69012734.52883622,0.2956189871758737,3617.066477272536,6.202159649139593,4.13859581867054,70.67535859655999,0.2535610802943224,0.0
4,1895.1977338524061,425.0196635442056,616953.0584827594,10590.544356551578,0.08604947484612188,3713.8543839830754,0.9060349743945938,5.460241255728123,90.1420846957541,0.306843502956045,0.0
5,18403903.1315337,4759672.685198712,285551251.7698966,45403159.399937816,0.7097597872908284,3579.48803372696,5.669109237396518,0.10609768690683499,7.660554176361718,0.21908287738860188,0.0
6,47952.86371505198,31751.32486144795,3411318.552153214,135645.79248046412,0.6526165617580704,3968.56625632738,1.3287445257574253,0.14896222190646036,10.037015488250484,0.176035043450759,0.0
7,1417016.3106551417,167445.17464308892,162847529.68238586,6565658.906245808,0.6968011855461028,3881.207887669722,2.2668334793969156,0.0819357046777692,5.506039630138131,0.17037066128099787,0.0
8,46591684.485954836,7693211.075381937,3607915924.6500015,172493170.4263436,0.6754118924723914,3567.1370360444575,28.070022401674585,0.11875760614642043,8.503798205870606,0.23372111391638486,0.0
9,19122.886181877424,6432.319288715337,2468655.698401837,71968.17681195293,0.6397159784777429,3616.1981493555995,1.978011866220522,0.7503442974594984,16.03266234793939,0.10778961451119205,0.0
10,4588248.008865492,1012189.8632607732,742338387.5829656,19951941.361291386,0.4624515855506119,3323.788350740703,31.767028812993775,2.1083683424694115,38.18359554207337,0.38333815716370434,0.0
11,239006415.00508103,33155764.5304345,23037032926.909203,1030425469.8696182,0.7183142822825299,4134.533416491273,106.26804189460995,0.13838549907060954,9.760751912561647,0.13428603454207713,0.0
12,42894255.74737872,6575385.560442621,4047265737.811597,177674104.75710058,0.3311614328784088,4139.614733154707,4.030828238436538,2.2495185835692046,47.616604916933824,0.20795913932953594,0.0
13,9729.420716506278,2701.1018372067074,1337580.4462863307,35890.170143018506,0.6265217357180558,3846.1259467334103,0.8013427372131426,0.097702051461666,7.173740980120615,0.21490238169609877,0.0
14,4503244.476585494,750995.7514616314,371656971.75178707,17538014.459482346,0.7746050513787778,3448.2238603578407,8.10672349761684,0.11143822425911135,8.1885113097754,0.29140487714147795,0.0
15,3987963.9460387765,960437.1307380829,106900593.73780754,10981384.77333005,0.7263067470431724,3445.7361031421733,6.020174928238982,0.06796992757399441,4.846813390648146,0.08054285565469525,0.0
16,23801560.49321442,2878572.9651988964,2619961084.417967,109562318.77423246,0.695011149924809,3449.0858341307794,4.45602232599301,0.14490286917100273,10.352859989210287,0.16195626758314416,0.0
17,6313.494034324792,445.66485769080447,2382829.9894025745,42642.14587949896,0.6343433471194602,4073.0372186842797,1.2594802955863127,0.7400411169724417,15.531860071701999,0.17429207625583723,0.0
18,8020049869.016211,3020410316.4994307,78996169471.9018,15816013613.403687,0.6989425376570925,367.894905740298,17.236003249458726,0.09635960651115064,6.854231297154422,0.026846588799792185,0.0
19,7506.704476861586,1984.3091982636583,1258651.5074703435,31510.437942303455,0.5253588392220834,3823.3453781627218,2.3318338858056418,1.5913163249338058,39.47324075732051,0.3308341502486155,0.0
20,171010.07458499802,33418.7792292878,15001066.094097262,670223.9533458377,0.6475553656249861,3561.8634613363456,2.082877411071538,0.07652385505315777,5.388237913276358,0.16662027049718336,0.0
21,1272368180.693503,402951999.7054555,30038529696.46338,3071943092.496913,0.7186505742684357,1629.2280126677601,19.90010309907888,0.10293049915372707,7.302512082447106,0.01079888255185882,0.0
22,20692312.856148243,2259571.7115567653,2239257209.9538293,95557272.61385414,0.5405076860678939,3058.489624689076,75.33724239110025,1.4051280644263262,25.614186975996187,0.16888905617634023,0.0
23,9248085.584867494,906948.6017505059,1213965522.4858367,45697155.00472126,0.6878408746286324,3950.908764986549,5.538391613998756,0.10837650143212266,7.996294071873754,0.23744225951593353,0.0
24,21269990.039539073,3887863.486503154,1215277465.4696784,76345386.36651127,0.5919193991594035,3057.6137276275667,69.5670388841299,0.7554266702255967,16.769388898440788,0.14796707432411432,0.0
25,51631268.58283571,7473246.719018802,3051578361.99773,193883986.00514004,0.7732048670463368,3116.8215346629863,183.95337931363196,0.18570577361012938,13.42623093797659,0.1530558530723633,0.0
26,4165.271987913786,360.5618126103218,1514810.0329107728,26704.94283860165,0.6591303381048141,4005.8088354217734,0.9298757951898495,0.155190398676692,10.451609458667786,0.17204598428266688,0.0
27,96952641.40197703,12058625.362797977,6570984803.614682,393255027.0696102,0.641397821828745,3565.848269890178,14.187429959731967,0.8495348369803921,23.463309415120783,0.1847936431261231,0.0
28,22103204.16786336,3959062.352252641,1164624833.8820248,78597506.23684397,0.6409614932601955,4065.740643508967,13.072828065931517,0.22720136070888194,15.54806837692083,0.1992271126707258,0.0
29,8543153.289483072,745126.3865549442,1602509706.225544,47482934.586318254,0.46013981158227296,3020.95621624041,15.409203282737533,0.15346317748417732,10.907807029726575,0.22820955279060073,0.0
30,4855.819870297813,748.8791256318033,1538908.9992699604,28193.055716854753,0.6799072053307955,3501.768594864071,0.8705928418154701,0.06236719095768448,4.440646369726968,0.15737315397178203,0.0
31,41408211.4192244,5511547.047889578,3988901039.5967813,181293183.86154085,0.7156085267632177,3925.289779728093,5.74112602618108,0.13837891782770234,9.766128337642224,0.14457457593198747,0.0
32,5667158.6885473225,508883.0635855304,928373555.0164274,29980489.55747079,0.2540701740648098,3382.5501086376653,2.2524510564305578,2.1330398016841685,40.12007556983865,0.2754058111895406,0.0
33,20996589.143074967,4681920.951629636,803876752.2562566,63963930.61257334,0.4165313433766202,3921.5929867031173,3.1729289807893672,1.5523238351548305,36.154703135379016,0.21609345633075175,0.0
34,3940.4799089605467,476.2988648840981,823695.5678709529,19889.968516229623,0.46138698358647456,4238.436380854844,0.9558118228102104,1.5507256639447278,35.26465323639465,0.22610933345157838,0.0
35,3956.250554447829,294.71029388270125,1636082.4545816495,27121.98744727151,0.7047447405012763,4117.926904135535,1.3574893144507747,0.13868803647502997,10.13707590474027,0.15004554245086021,0.0
36,6812.463504940899,2080.8881294478956,1549311.2566108597,32008.176247838088,0.6321790991972197,3604.721234435798,1.4525569878593088,0.8202183537666222,20.750242158128252,0.31981164728917066,0.0
37,13689034.670163069,4817127.743451061,650185046.4545912,42878753.17068766,0.6733110090375641,3349.826310656052,4.281520340674202,0.0644528642963846,4.667911060035644,0.21575715676190152,0.0
38,134907300.8186398,14267864.681280106,16298320427.129452,648776047.8079348,0.674114787862475,3784.411840838383,6.416034858478858,0.23938581878006177,16.22359200943759,0.15727745543542507,0.0
39,3824.8223463418035,580.1541365928642,1281917.9583658706,22751.90392598474,0.6296227259413973,4042.7749601167184,0.6947208903234535,0.13606169110843166,8.88649392903837,0.18131798241759473,0.0
40,6219526.151341414,986871.0136982728,413723633.44680965,23900596.418750655,0.8095979644052196,2836.797152702218,55.91790362490199,0.14671820831733662,10.52125672929168,0.27024198181322673,0.0
41,20091.514659899047,4049.0959263693453,3481401.487547525,94608.01356480867,0.7576294142231278,3757.7279331300397,2.224865122978852,0.22194687569224233,14.771107451808188,0.32007886337241676,0.0
42,5483.964491072254,3352.0380783421087,868059.3712896605,19002.625044209915,0.48708527236312626,3449.547605308494,1.7394694432038331,1.5219177870223342,33.93120030880806,0.39767196073338457,0.0
43,1451126.8136819704,339148.2422879266,35391598.25381365,4030815.7621484734,0.6350877222459198,3854.782527175874,2.434747261888782,0.14863434294347383,10.123902979191275,0.19497145295869558,0.0
44,2920739203.2340336,477611982.26632917,116610915616.16316,9912043232.764711,0.21133436207679002,1466.327607518094,355.5884428836403,4.171900088637441,73.21269736586387,0.08743504998633088,0.0
45,4913.6028482438505,536.9260229407453,1819165.2061768044,31840.286735742186,0.7027446462646096,3920.2297151957596,0.5198838751656195,0.038970091085371195,2.795827085851876,0.13313592663403037,0.0
46,21442.88137564698,13678.275233450704,1023887.7797347314,42706.08095150647,0.5422032978597271,3478.8018669537064,3.018643553083316,1.6268556786552577,41.098306772666334,0.5313130167946872,0.0
47,8670685.000585783,2238025.06213547,138250064.544701,21430951.818095315,0.729087254492019,3807.4954037531224,12.939044305847702,0.17244850503156792,11.937996895710743,0.10078556751673691,0.0
48,1690.820233939347,165.7566407629313,615342.1877042723,10708.812724518473,0.38494103421919756,4147.366269377581,0.4746435832036729,1.4739473513626569,30.39682018351932,0.22023774860495773,0.0
49,157250813.84119898,76504232.66779593,3882317202.700208,351064812.50668204,0.6591423008401922,3064.0732926552982,5.561643989309285,0.06046268270753226,4.3671957034510696,0.264725814825648,0.0
50,12011.607962877455,3603.200131976798,2185685.2888479824,52181.34908530089,0.6979211539232033,3602.8741908349934,1.4495665979043293,0.019350178438492537,1.4244879812252307,0.37044770158118745,0.0
51,10483.492549597366,1147.563005679894,2434603.3305765786,57388.3417899862,0.65264713863234,3644.262754509286,1.2394597633214304,0.18150547153968483,12.057751410226018,0.21258702881264813,0.0
52,19068.702769193194,6091.803341863909,2134580.872322484,65742.45049091666,0.6752795129038691,3484.6217848624437,1.538894519201247,0.15396083740257724,10.754966665776191,0.44103407188810473,0.0
53,62906.79254232155,17598.395671254973,8764228.838633979,262212.26385246636,0.6923851790189616,3483.9475227943594,3.068859230701676,0.819057142238694,20.99975352113928,0.28337246457395904,0.0
54,5063232.181738278,1510413.8804894367,268977217.6691912,17052315.049369,0.6287551296997994,3572.5823307640303,3.4223109411305193,0.10522231986644001,7.151568390201409,0.042347135239662416,0.0
55,16880.355844161164,4537.751234915957,2852041.731979429,73065.16138849649,0.6798405887005801,3549.242353879519,2.5180372770389705,0.1011690106688417,6.852307783523038,0.5837187188747317,0.0
56,5856.3779248550545,794.5695897638698,1714741.0868578113,33106.18770890697,0.6564600345432565,3551.254954694517,1.3431300175746277,0.043885577866644265,3.3221816278457155,0.5540788863434425,0.0
57,10157387.384679863,1825738.9488814888,851450283.1738412,40510682.543965936,0.6904511250786134,3892.8577726737403,3.4645296742296714,0.1792325323481318,12.671537548090432,0.22634264197586965,0.0
58,5385.370718905503,722.6741141555265,1447182.840538818,29127.55990442107,0.6777158122254295,3457.1351113856645,1.178665961610451,0.18074866370769566,12.298709623414975,0.37137785193228695,0.0
59,894335839.3129225,608024936.510037,12302915787.393646,1426724161.003017,0.7221625224351462,1866.0064867385038,103.6995280517233,0.1326346647236054,9.522449433820054,0.09361560971095881,0.0
60,4622918.393860112,584475.6025513932,408736472.30185694,19610686.986098148,0.7038288142486412,3960.537944741446,5.989146968745426,0.1656622942837771,11.063228727995691,0.2351134478028063,0.0
61,593743627.6561358,259552229.49650645,12068186999.79966,1328541395.9687176,0.6904706180391649,1560.4171300321248,10.320381145319445,0.167525092608546,10.987953480981963,0.1838031227552478,0.0
62,50082489.2887541,12241637.24147005,4138765912.0949807,187494644.06012082,0.6633610047476418,3790.034156114703,5.172521242064096,0.1573907037419109,10.826496329760834,0.14545393242144744,0.0
63,6763389.846815372,893322.9435600496,585992282.6224114,28675948.460680354,0.7082135910033708,3503.7519816358777,6.77954968335568,0.16625879402593116,11.812066991543556,0.33080985497798526,0.0
64,248913.7906561743,33511.5566011836,26306621.246864162,1071438.623295492,0.6106158800242886,3692.6672138328495,4.688168831469773,0.21725554775787873,15.077520676589993,0.18480489993270383,0.0
65,21573784.985087056,3015576.174853423,3911618985.1838202,108521462.91588339,0.754640965650594,3321.1435979758135,135.85463222609425,0.1235402255483244,8.916191230310707,0.35072539515458784,0.0
66,7445.7776655011985,3363.1499961876953,1181818.8598159533,27339.559763458692,0.6595885003998391,3451.5110914419247,1.2281351940837542,0.043500577581277164,3.179009581957543,0.256692269361258,0.0
67,19581874.29507237,1678162.6763377823,4394512581.108635,113394985.1091069,0.7460793645567035,3151.4356308040014,70.93551609288494,0.14962672289840623,10.774549586220035,0.2925980318632253,0.0
68,83299391.71543548,6017449.403016997,16113193903.97552,481007058.08196324,0.7383299828485745,3796.2297732064744,9.44633748321367,0.05023092192218916,3.5216334337937227,0.19376585538031904,0.0
69,8892103.742456311,768204.9946849956,1651155406.715698,49753579.85041903,0.6568857008388731,3790.3390980352733,23.729509859360057,0.0682498526913788,5.0180772344741955,0.18697075005038813,0.0
70,4709.490930891979,392.8431879921656,1718028.82818118,30622.048879199614,0.6083082535465273,3796.2635709576844,0.8958259234387852,0.08377147435654768,5.829983063481658,0.34498287938218947,0.0
71,829196047.8186939,116143437.2321516,57809314150.69684,3273360108.546235,0.7509769870393093,2993.3838421281366,32.41490569404482,0.12802286998660106,9.586920080770131,0.08969402641610368,0.0
72,85645193.89259233,15476991.136176784,3081426361.2211137,279172050.9982313,0.6128069700082511,3689.0567194692853,5.72149442373776,0.17858999486095017,12.49417087222588,0.0529286851763581,0.0
73,14941188.739491588,2549718.47013132,1012963269.9031799,57247880.041680716,0.6896230058393633,3658.4121560827953,30.501850245598998,0.12749682657990774,8.98497213244885,0.040322414518698356,0.0
74,12671420.079090534,4792757.804958149,493143563.4826312,37272528.31386133,0.6977615916777317,3438.103889976556,8.151105037619267,0.13824353894235603,9.909348228414611,0.12016872357323155,0.0
75,759997311.0004599,381906351.24174535,41434550962.587395,1963666107.7433944,0.7472958745108985,2113.080364076891,1332.729127732638,0.23952010747340946,17.491719097715475,0.1492140638765494,0.0
76,21857050.195688747,3093948.2036921764,2805314828.2479653,103462517.55862096,0.10089059381167745,4161.3372514967905,4.003392044106724,5.45495648469436,89.69854177414724,0.21816787698485024,0.0
77,21474.77891449312,10339.569514788822,2573964.5537129366,68640.79857800281,0.6810581279245669,3548.17057823283,1.6496761567507967,0.10709819992842178,6.962105884213885,0.23297100625691647,0.0
78,1691146.5861981635,408715.81726896885,115167670.47362176,6024560.013795039,0.6753715564369184,4224.0426127760165,1.9565899603488721,0.11085077243284198,7.459842611920029,0.14649965882631938,0.0
79,160211.23351837607,121815.2770229815,4111898.235436621,288674.5802528679,0.6437737192803967,3538.412025814763,1.338350851918531,0.03733603946529644,2.7562863670611177,0.12914478222811981,0.0
80,16816293.787089664,2884050.645392314,587510807.3962145,54523261.52552692,0.7648853506403415,3837.201143834278,19.417886201069386,0.1570876277192803,11.434533513763807,0.18296001946401977,0.0
81,2138904.634144129,583882.6807843021,80016585.73691654,6385850.678607483,0.6536915043130017,3526.562713471406,3.4334007446255517,0.10110281267026969,6.544664693277269,0.16689482427979696,0.0
82,59440.674324490574,16027.061102415246,4112210.6423024638,186247.91805532193,0.7513168062365938,3310.233323378383,1.813800102340353,0.09490880016001135,6.895502827636792,0.31230434468927937,0.0
83,10659800.186606342,1123807.3626592024,2456801642.1617475,61504591.43197626,0.724958191839229,3391.649413882486,64.67677582362322,0.7542619019121495,16.565407962693314,0.12057276091160969,0.0
84,32725462.93725177,4912810.742992924,2254961658.792975,126716636.41966538,0.7070414161146947,3619.9276098089003,16.906942490636016,0.17757419083046386,12.581973620594772,0.17828103220209524,0.0
85,2173252.4159500767,1102828.0901033026,103289283.14890824,5987786.127970921,0.7330534928271956,3488.7492470183156,6.441380191290823,0.14460389817337926,9.350529300892038,0.16485503250502762,0.0
86,816508.0455161438,66645.66430837315,141906598.04702476,4444969.444873465,0.5749440029183714,3846.4227541776468,14.000364590052303,1.55323507688913,36.29405638613038,0.12148755647491503,0.0
87,37151290.453066304,3832233.761119541,6912948675.712801,200569782.04312253,0.5793331545816581,3991.837737522653,2.091013888195845,0.09738278259117897,6.617370518259214,0.164796818216547,0.0
88,44379061.203530535,9953122.566877015,3373649633.636931,150971432.19459575,0.6701186015699317,3346.705719238788,92.56823487378065,0.10269766170154435,7.442091522845748,0.24019797284042685,0.0
89,29464746.446169477,3134745.414011263,3507383842.3960924,140475112.9862272,0.6487551909898548,3800.5207982264055,8.132609020943391,0.08391289167121085,5.979345326815967,0.16420222545356808,0.0
90,26869.591617605405,8139.595448231875,2950000.4914090065,99583.82878870502,0.7065823358368687,3757.6408610614662,0.8755669917237673,0.04856081749669201,3.548777944669767,0.09902259096781413,0.0
91,8522.665362692562,2362.3594928325483,1955079.8374409892,40106.87384450603,0.6103689006622814,3604.013365495322,1.3042256337653582,0.07732031111935678,5.434317123862186,0.09999497054426541,0.0
92,11116547.376690872,2294028.1425764216,1010017937.4149574,43933546.57409997,0.6934132429840739,3635.7181036180746,8.307225838098576,0.19619087214980543,13.15152211671661,0.25633846862699544,0.0
93,2292.841013426538,419.142062395954,974625.3383825956,14753.711809443403,0.6429948606256521,3707.6685009186613,0.36844625824123917,0.07780745767547223,5.545733913886113,0.11033602475318433,0.0
94,100494634.21006534,10682039.973635616,13400686192.950037,489260824.1829282,0.6669951276775238,3969.40993181727,7.382073554033913,0.16556965041728197,11.590070225096559,0.3098012000740589,0.0
95,13402.878451260296,2125.9460481617775,3819575.1301137796,76190.66874911907,0.6760268626449937,3494.5488585319204,1.537645569095468,0.14611958521025664,10.253799367574185,0.08404590074855729,0.0
96,64294390.02734528,10094774.284137998,3407147138.161933,233915522.54725567,0.6521015421649631,3543.184757356954,6.07330684597,0.06362509041046138,4.4956240045474445,0.1356768865693466,0.0
97,104893.41140138874,25053.395092783398,13830681.831392724,463959.3920895398,0.6965528549339579,4131.732090678182,1.4936380164905492,0.16047306489771226,10.508450662643561,0.25352986921474385,0.0
98,28832293.247898,5323697.182997352,1390524816.160144,100810555.35446733,0.6703927878716431,3734.0406427038797,3.9636880604398463,0.07338226376077808,5.358049552478791,0.22700503783387907,0.0
99,69821098.05576912,5620125.825767786,10898161160.716982,375250483.88780445,0.6871526406451343,3880.3599604252004,20.537830015423047,0.09832658619025247,6.874235466231194,0.1629241072276788,0.0
100,4312033.840120398,828786.7900264919,328095329.862266,15965910.038933408,0.7049567016740258,3880.6331397616245,4.177075295826044,0.11988222130115149,7.83440235700854,0.2170792006168884,0.0
101,23688145.006080706,4079021.722447834,993791376.2673706,79248120.29447326,0.7025028496929647,3448.3627680253376,15.417518403660216,0.1208721098706353,8.614439341726095,0.19324298252347158,0.0
102,8429171302.648886,3831402267.1679206,52299966151.30913,14847312322.205814,0.7457692380942302,972.1562708461705,25.61508822635468,0.13687425733273964,8.678872686481704,0.054119827470320826,0.0
103,12091918.342649618,1419247.5333042182,2547859960.089288,65841860.73498781,0.6773616145299147,3656.9672337915085,34.00473124100656,0.7835749093352342,18.577887350688627,0.40830755921249146,0.0
104,2289285.8754751515,390603.21614324336,90416147.86696303,7612820.272235465,0.5945991256635818,3073.2368433289193,23.144329322952164,1.5164761620483576,33.57183927227032,0.1044265400198239,0.0
105,8982992.68634397,671286.7342314201,1779119863.3871803,51911099.871710405,0.7592851198140849,3647.8927943133995,5.967609941965151,0.021554371231667792,1.5919913107314556,0.07994645747346636,0.0
106,7953699.66502202,608859.9636164757,1771511727.0450966,47315784.85004629,0.5129754594487025,3822.124164280077,14.320203431594624,1.508687932041211,33.14569197829176,0.2549422250641256,0.0
107,10701.309010986533,3297.7524208899094,1954271.8985478163,45826.21118020812,0.6344347159555133,3367.6038812432425,1.4686693687041883,0.035135603651927916,2.3646958879474953,0.4373809441858393,0.0
108,13561504.441323135,1331725.218565636,1981137412.3447998,68703250.52105638,0.6320309333600302,3752.405033649203,3.916867284750591,0.09414040541817173,6.625060710579644,0.21542126357431926,0.0
109,27772691.143804766,5227457.9479415445,2056906365.441817,108603089.32744512,0.2058918177846411,3662.850523559436,5.496371431416058,4.193238345952135,74.67495795746237,0.15856570207517667,0.0
110,19748.42737290811,14924.601536813521,1551945.7595977853,47284.7384653955,0.7422089966324027,3630.3960638271983,1.3685653535220972,0.0679774156809863,4.743370313958783,0.18345661145700043,0.0
111,3100343.8609292572,1124905.2670944368,78337597.8480138,7688074.180023134,0.6390350610764916,3496.448839712895,3.965074987369788,0.16528367258255897,12.14922634982822,0.3500961206428584,0.0
112,4953872.983589012,478055.07291947806,1174472839.5479531,28950122.187707763,0.47789136895620044,2884.3155077816796,9.288742326744893,1.6418127804795393,41.70493134753058,0.3216289442932783,0.0
113,9168846.171226948,2095014.349545069,241607553.09963447,25310241.10318234,0.6826989461224309,3769.160864002624,8.361174806299056,0.17422872190374541,12.267658667116764,0.18192367360922795,0.0
114,36006223.53572117,5137177.752364286,3007214215.06018,150440829.68951133,0.6981938319212396,3469.6949183053675,5.6797807284282875,0.13372215113419514,9.296314125477224,0.12464694383953684,0.0
115,578.7289947566937,35.452707707997014,301629.43289536523,4296.580830013905,0.07988877777583916,3812.370384705292,0.6195250851002976,4.095714916182502,67.3394020676221,0.3568037533929219,0.0
116,12153746.968928803,3780973.381477552,436992637.2624561,31248919.38615877,0.7058173681189661,3508.13485565273,23.886238099941714,0.08408877632025842,6.1107635371087285,0.3657991148231311,0.0
117,3334009.9577126773,417650.92747894995,332855621.9112185,14935906.908429882,0.5325742113413234,3411.9167644381732,20.073299929942436,1.4634534297602668,29.80504868650978,0.21074453612602248,0.0
118,28672.536420524575,3348.5180939147394,4141821.712700312,138368.39559476814,0.1002075448035358,3787.5559249071057,3.1233490408699747,5.485350049118263,92.25679436140967,0.3373569227155298,0.0
119,31051.75931756433,4383.1429947663255,4973134.336751068,145520.05518193496,0.6741949877732216,3954.839405588791,2.072730449715425,0.1550605319773692,10.612836547253483,0.21970384201837861,0.0
120,16396.45510607429,9701.38527915475,1645160.279929761,47476.49708018249,0.7285908716762909,3417.9020924396605,3.0212191314734045,0.04186451448275621,3.199446833315288,0.11986404678379799,0.0
121,6664218.338499716,1020991.7085917273,740640567.0570415,28280619.86306753,0.6427343488793251,3928.5876666377326,8.00134596263261,0.1661990536514887,11.667691803211127,0.26018011642266553,0.0
122,686961.1667744959,200934.08794129506,11654773.351847429,1600761.3532952266,0.7763943709498499,3237.3840570297875,12.175689995373245,0.1065462958369177,7.772485299068997,0.09254712028976157,0.0
123,497177.80005748355,172213.7333153461,19067334.39633488,1380768.2703463356,0.6585285507634759,3374.8116283929457,4.210553708197077,0.1480167255627368,10.01671171236888,0.15166414596819996,0.0
124,3479935.847431353,366805.882453849,375730217.43068767,16151760.33038569,0.6405376682680547,3730.265659372904,3.7762822594842946,0.1929628454434762,13.520091816061115,0.14883758505395173,0.0
125,6758407.239450967,2466514.4894227264,439557319.0557068,21300274.723933034,0.6614210911004166,3946.9580233517245,2.481267500431754,0.12750740710698957,8.729154101310629,0.15595766290056448,0.0
126,12261928.985657455,1542538.2316000229,853701858.6416066,50093235.68580251,0.11983954990857346,3823.4348678743654,5.138488810052876,5.506187775209073,93.67701569492225,0.1062164934774226,0.0
127,10247231.854669984,1162328.6633563493,1187351095.995112,47921385.516417414,0.6783219661146005,4187.352911617718,3.3924259604833025,0.10583919093103722,7.564339671060404,0.3540910191402406,0.0
128,20000569.875727136,2503052.5828026733,2114096384.4617581,90256465.27382079,0.6234480368773414,3542.788662681078,2.11599537242171,0.06885726871473237,4.6732330316980795,0.16448008212311235,0.0
129,18643.14849282179,3848.612693113691,3516567.234932814,87286.18762922753,0.7512841607337826,3787.9439901854416,1.730860297892564,0.05444396558151086,3.8519073594507005,0.2965446656286396,0.0
130,29365732.196955718,3889774.787246447,1701304106.1200628,113063490.68584152,0.7503338394459492,3579.406107735521,7.7530170118754915,0.02126473581758086,1.3679941515065266,0.17880139912991364,0.0
131,33366.17092482934,3777.017230208353,7310199.239273569,181660.9472362956,0.6957729600473365,4105.815212886773,2.8992207699622634,0.03278063430165377,2.3579152769458815,0.30713748538065005,0.0
132,54303672.80999406,8752365.288543537,5071193853.755169,226840736.96463537,0.6478557543665404,3480.8200359268117,3.050604588155318,0.08474069264926491,5.596342427488975,0.17766171382756024,0.0
133,17233119.209550414,1451026.931963424,3857338076.9234037,100679965.06752133,0.2950475063378824,2991.2971990214855,94.46623316555547,3.5491080004362265,66.66259770959576,0.27543537090887493,0.0
134,4437469.954445766,599483.9912885412,282403873.4326538,17333491.32052587,0.5661080265961701,3773.3324384555885,14.93435773703964,1.519142167003426,33.746902270456914,0.2148920546248629,0.0
135,14696044.288184255,794148.1896260025,5638945488.939578,105768391.76049998,0.5163648703864887,4121.139312031262,70.32972728479898,1.5115682226076386,32.984912827808884,0.393354199649974,0.0
136,41897108.67105134,7907375.147227456,1523412103.9081433,133633784.76776488,0.7387523842798229,3356.154471137722,85.16160968855087,0.08332465451629574,6.348760549435887,0.17496822316187555,0.0
137,31527870.51540349,5654680.568599068,2053654553.5863082,115237371.55060463,0.6786302556200469,4218.813577150255,5.910472179748469,0.11263489996287772,8.256395122026365,0.13223670550299216,0.0
138,18020290.02791702,1293851.3133344115,3734084264.36119,106010550.3346082,0.7243344786325115,3922.5977374812815,22.67660787701464,0.05587018064327696,3.9224467157070735,0.16196718405741045,0.0
139,35849787.79994207,5676937.189417557,3504973083.9629593,149929235.4235226,0.664131039195986,4181.502005474815,6.610190825972558,0.08649353584703165,6.229014140879697,0.2458933882349784,0.0
140,93599253.86280116,12264990.655915964,9212334853.161358,410499160.7467992,0.7092562800283566,3075.6940611141954,48.66035037699014,0.09830098181631239,7.2815774521385475,0.29792968882241794,0.0
141,1050105.2235754228,184263.81614417874,80324662.70825407,4037553.0794078326,0.6978008920962339,3808.4944821645213,4.341323476161214,0.11898791522621943,8.636080059610382,0.1846881992895994,0.0
142,4658056.36544293,957525.194285173,172638148.0156686,14610401.617304265,0.6666109655357302,3512.4634486833847,2.766256371206022,0.0958469292356245,6.707008615840058,0.08404638849669333,0.0
143,8957707.674773676,797525.482321114,1206703284.0745738,45602945.9283485,0.5814105588405497,2861.550886002117,14.641348036721292,1.5451559266859978,35.56241492034331,0.14396477959534557,0.0
144,5748.999790123484,1084.4861616343019,1716349.5107922591,31985.508659322793,0.7221902199638299,3920.011985153402,0.6123880359626551,0.01955858035201343,1.424599962785966,0.1875489405862318,0.0
145,84198186.72785416,13337583.9621243,9872158343.819841,373502475.9529502,0.7131247871686958,2981.1818915751523,95.46127494733383,0.15343877323463673,10.878588309285043,0.08180405698748981,0.0
146,6642.227545717059,1420.8643761326239,1633379.121542132,33689.01392017232,0.6815546312718234,3473.859869461882,1.5425772156319215,0.07099600546205904,4.800859107963601,0.07654195089018326,0.0
147,18429085.66694794,3672568.215942686,1569747808.4920347,74524538.87094526,0.6004138355843667,3684.4360321849263,3.063958119076286,0.17190947065416848,11.992998366779686,0.16080650830772716,0.0
148,15807192.04458851,2284806.643144357,1436648946.2436528,64277116.002905145,0.6323728560536989,3837.1302875381034,3.9302153232815438,0.150298414222717,9.902781637554359,0.1883571720139014,0.0
149,40721825.31362824,7402809.063514111,1882606451.5674832,138843000.71090314,0.6049628539503156,3708.3952250976927,4.286132297154156,0.18400484521313504,12.13586108467832,0.10250611893992552,0.0
150,41263.73726034748,4211.382138665511,8618316.331788896,223164.36016723854,0.7110512248773753,3897.4165835335793,2.415072476985446,0.19750101245661283,13.192754187153366,0.5018987841762401,0.0
151,151.97664848580752,18.433427406655085,113877.37354713617,1266.0618102252974,0.048386075366023906,1905.5815989315952,0.24875986509040338,1.3877494704705762,24.20046455501491,0.2841119760160429,0.0
152,11748304.504509341,1006200.0560841898,2750559520.2474217,68867426.5688021,0.6620351911506704,3708.515033586826,4.976967031495314,0.13919018340452557,9.263236249336632,0.15922656613053937,0.0
153,12548073.64087579,3352258.398917715,193251794.20833942,30492325.960941065,0.7001642334790728,3714.167175374913,4.10786209175916,0.07625278642373497,5.524774885839994,0.14460919550956225,0.0
154,383173.70088397927,36897.66474192946,68554237.52034731,2011353.7442821737,0.7157450318735611,4321.0554494799,1.1082171507067564,0.08619245827477098,6.183632703038121,0.29829760509369946,0.0
155,22959649.98592366,4169297.715130969,1361927034.4835124,83840557.39772044,0.6602566905621349,4104.734209353261,7.829714402018694,0.1425422927040408,9.846479220377558,0.2780480099269076,0.0
156,11833891.251840591,1677437.3383671034,896171426.0263383,47777212.57503526,0.5421398474266982,4049.0589864064073,3.8674367383810075,1.4876944808924206,31.454328747424057,0.14810221564762457,0.0
157,86707.9983826728,27359.507299583587,6851812.563550478,289253.6656605719,0.7137890312221089,4135.381871578377,2.745874378919275,0.0889349910970723,6.189629639707377,0.20834238524391216,0.0
158,15650048.786567906,1378371.8607848,2310452472.6499057,81570497.04690744,0.640625591610872,3892.8735676856595,4.239722023750889,0.1518568694485963,10.158713620970268,0.17514253893822945,0.0
159,5613.979653890523,1880.1713047939163,1191179.5148133892,23914.027249152863,0.6313919598182877,3581.423895517125,1.0203718035615295,0.7963904339000345,19.002829279106408,0.2826193665625974,0.0
160,11685359.584526215,842252.0296528898,3152778725.7564173,73102974.72306526,0.6013154451604856,2849.113904872731,21.463793428110336,1.4429833738321902,28.314846913337238,0.3455671738742171,0.0
161,126375.89609075601,20791.225129500326,11962674.66692413,510932.2996773223,0.7055395475783214,3883.1084589512243,3.038333852799445,0.06331737443636758,4.352982139929525,0.2363010302258716,0.0
162,6710.832332597053,2008.542114873741,1449862.562192057,31400.7611933002,0.6607564853769288,3716.4554940933185,1.2821552419098665,0.1593688025696042,11.084707006942367,0.11144685219043844,0.0
163,11421320.956824709,1321504.4881129805,1743722659.8214328,57473978.40219526,0.715288907331624,3061.1919798462745,50.27012685045466,0.10097317077177896,7.380970684024402,0.10874582435221557,0.0
164,5322.888906541156,3153.1858986330894,796311.4674135292,19303.49708917353,0.42165794326371947,3586.3068343167324,0.8725895549227525,1.5145926287455826,33.446395302750624,0.2034741685298165,0.0
165,17242.688654741534,1552.840571392885,5548286.494457486,107076.74313184356,0.6666407899844975,4229.85215911293,2.139842219388672,0.19982479028496147,13.919536729900523,0.5003895659695505,0.0
166,23182404.466266043,4939174.454510773,988664175.878657,75636304.89269587,0.7256349455313346,3600.202259041389,7.192527964898242,0.08993461400552408,6.493178771722276,0.21134720413838626,0.0
167,17067818.20819072,5690258.759389196,154207960.91322106,35507245.58971437,0.4948695611627052,3294.5977997230093,1.438004904695244,1.4020058990412563,25.22308201429436,0.05754821812841299,0.0
168,15271826.320198227,1121102.512328315,3334959600.5759025,90410276.06339172,0.5299661292169787,2874.61127896158,12.300884543419711,0.05766481809202677,4.110745178999819,0.20335010737848694,0.0
169,687477.0251158068,59887.5254539861,161445194.31059974,3988260.948680436,0.6739696219378347,3438.9663309029743,5.471779058073276,0.17093626487300967,12.085529708598154,0.3772766307326672,0.0
170,4203.570284530084,416.8287224603126,1479021.8404918823,26295.114859349676,0.6212787565402201,3941.062104466874,0.7277191761830114,0.788601404452777,18.355850864308405,0.3612687078686866,0.0
171,11720.30950490056,1199.862229451493,2945691.90926263,66265.88319289159,0.6146115346885749,3530.77938470525,1.0186641625160724,0.12380433325282487,8.67217954543944,0.37643756268564915,0.0
172,45821937.537627205,14104879.775520593,1331055177.1436543,121561947.1161695,0.7365627772024116,3763.7100986953733,40.692756270277016,0.13244917557130603,9.329011254049336,0.24480038484420408,0.0
173,54811284.27311049,34125941.47964524,450894398.4489296,87747359.78583363,0.6477798985313916,3511.611146135289,6.219080540495881,0.16198238619997793,10.140683728978019,0.16818205602705022,0.0
174,10701112.800830388,704668.0830958915,3192215888.142024,70190618.26749052,0.46555013229564307,3663.1638017386103,3.2780708324208407,2.1572863044871933,41.98113022390753,0.30335509261444504,0.0
175,62650680.81399627,10381827.666732954,5871639715.934506,259631355.00718957,0.6994455974941713,3532.2935536206296,3.095423246607912,0.03558652294463034,2.476875141926615,0.05633220001357684,0.0
176,4430.7821300653695,498.63818323910454,1810103.5768171921,29807.783322535153,0.6084101739929035,3865.283978708944,1.1743644815606025,0.7734785214526804,18.0473811517158,0.21378970274398532,0.0
177,1165242.4703204494,71435.5873132444,407307491.13711035,8027553.336071561,0.6673458208973552,3487.295832632215,5.176261655001365,0.2089992768025013,14.834463084514576,0.29252786803384734,0.0
178,10515254.05127165,876955.4510761916,1533351589.7032318,55130132.41522206,0.425446539567655,3646.21652234828,8.359216579373324,2.8526529102944904,53.83071705542481,0.2901263651629599,0.0
179,287376617.69849294,116770722.96914947,10591823799.30115,755022475.7865938,0.707893085122023,1855.204685706996,8.525886990963471,0.07940739757471053,5.475577013277284,0.17743436559714698,0.0
180,7823.737172531352,1734.1441890699268,2104381.5926324357,41468.00443988362,0.739433696081965,3725.5559190511035,2.210098537469605,0.16992740880860283,11.841118564411016,0.42020823627824827,0.0
181,10061794.879776988,837496.8424453633,1521019934.6507742,53244201.10119243,0.7472453975473414,3730.2925112574458,5.596348432996646,0.05060371842050326,3.5909701734211423,0.12613426065889305,0.0
182,8246617.964071448,692562.5428103002,1437104770.212462,45305133.775283754,0.571531735866293,3111.869319319327,35.32452208443409,1.4819744583391299,31.19850198402748,0.20594648417724276,0.0
183,24986.922735405144,2952.5417186704262,4171881.697020641,119379.27422890431,0.7143232224573034,4035.3142883690334,2.012745300737104,0.08128494625933902,5.510835345244102,0.2587476066445114,0.0
184,802.1506513855768,149.4995529838954,346897.8973979206,5169.426612996695,0.2954658630752089,4253.507160849802,0.5630304456681552,3.965888329273114,59.257126102157336,0.3796575540406831,0.0
185,42791507.754107274,5525377.665988559,4562267945.040851,193550735.3529147,0.6248787641192137,3688.442024209443,3.5209508903734887,0.12876118974618223,8.774913641247021,0.15708113781940747,0.0
186,98069259.20366928,36310224.98317533,6878048750.791504,268406236.37473541,0.5075166889403999,3171.805757010503,152.60295217686573,1.5530249490055938,36.48435139528751,0.3888377827462226,0.0
187,53657340.25205545,7635945.035942359,3400415940.6924286,205399579.63034222,0.7607920678622105,3435.2797731149612,120.0479479610002,0.13545973183340349,9.864630020545711,0.2006207517546402,0.0
188,5704797.722255231,586996.0660004162,757049499.9355173,28168938.865747504,0.5069975449817933,3109.0462744974798,10.873217658036948,1.5610071921773319,36.525388707386924,0.17899605777660307,0.0
189,21665.79946963189,12200.492050537718,2559931.2215110855,69318.15396891057,0.6513685771230082,3395.6654970865866,2.1782672551439837,0.029422682350642403,2.1018444530387113,0.3772027263900587,0.0
190,774719901.0370805,131544622.88236773,29356399468.750874,2579186924.4875035,0.7036344108876277,2070.1855344741116,228.30791751743482,0.16314320521497186,11.878122497036916,0.10693946370829686,0.0
191,986100.8892127264,282357.9996864761,72399653.02162817,3423790.374094655,0.753274363191752,3646.58244901405,4.608607253763173,0.11049926442642706,7.228002531463638,0.21625936342829696,0.0
192,109585.53172100759,25799.40159438337,4920578.564923085,326665.7131190242,0.7054586584582468,3366.5317077982822,2.9099513732845783,0.03414150216196532,2.5752399806480737,0.209543357962969,0.0
193,11495.614429415851,2578.428419522479,2589146.751039191,56494.19926119291,0.747384299455373,3596.582435055351,1.9974844903159037,0.07141487588858837,4.74680478167613,0.3536451939387724,0.0
194,60154.63498834216,24127.581767560077,2231433.1444126205,151025.7505862914,0.08007280006939606,3842.8058567414637,2.2165584451742126,5.473165906803869,91.13772884638456,0.3176793484846775,0.0
195,48657350.6706317,6878740.125552082,2689381425.671406,181978372.46646795,0.6942481427231819,3799.593555839084,11.732191542721385,0.0840502452746252,6.180691932539713,0.14637843780456425,0.0
196,9492160.732524764,3803818.656836255,353974310.2929849,25891427.359966263,0.6328023615143964,3687.5901959851167,10.116342958375228,0.1873479777921913,13.044529315662066,0.07542230122302952,0.0
197,3905.297195909984,1266.5975958320698,1022117.6602440381,18465.948105280626,0.6669557634911782,3645.5383228565624,0.6128699395663832,0.13651287874424273,9.008535298483544,0.4421044318161841,0.0
198,1738971853.9811935,308497341.3531707,108214305026.51831,6384909993.3186455,0.622363621233104,1107.4648192714203,12.739288401788071,0.20599009476919994,14.53789409685989,0.16765590722491172,0.0
199,11048432.61785308,865387.0739577968,3428664693.574798,72362641.23938455,0.6767223001346889,3373.653481782286,15.21791025175293,0.12194661766816788,8.602595009735523,0.34693075252065175,0.0
200,75604196.12806512,7902198.065490234,8691241280.270277,357965854.4716063,0.6687195243551541,3976.752624943735,16.45792603809875,0.17741258256188663,12.294523139373911,0.3786723724056554,0.0
201,7875.011463571532,1247.5440766840286,1931856.2585224672,40937.965265674495,0.7424102602507572,3842.529011861647,1.1740711868262206,0.0517650831438277,3.716000526223296,0.2849002697719613,0.0
202,36812596.26184249,7557642.357782918,1355899049.1558058,115919856.64478917,0.6467261921851092,3715.3403697706044,5.062982559256241,0.13648334798905265,9.18747348764914,0.022493982516426127,0.0
203,2920876.1603914993,572785.1944433422,352237792.4208515,12640474.883697465,0.6333610061810097,4213.615908377805,2.259547423056757,0.11052016177214377,7.82443967086166,0.1910647518838753,0.0
204,7172.926949506885,1262.0667641569644,1792565.7525978915,37372.03587741209,0.6237349136064145,3431.650215750408,1.257053123079735,0.09416584070326266,6.963142680180726,0.4150314068658992,0.0
205,5327.210444292774,619.3149595804309,1857479.923904758,32865.45323106433,0.6727192992372462,3756.3064143760594,0.736432946697171,0.03851005585258145,2.7982478541031126,0.37052078324449583,0.0
206,3345132.7226543385,357175.55215501453,565175877.4920509,17242932.770768125,0.657270139041483,4405.373431593403,3.2462507388259785,0.1958225487123916,13.201994447245863,0.08532046917077327,0.0
207,23247.935457233227,6430.913259360898,3459862.317088125,98468.3351329761,0.6502887983436219,3818.986263614106,0.8825109547498953,0.06632280739544302,4.656917447559634,0.14778370477344355,0.0
208,3410781.630683151,566937.054520543,212742685.43567437,12859371.383553617,0.645782988929614,3379.086772932424,3.180066720642967,0.2420840047570266,15.503272968124156,0.1741355091556814,0.0
209,6608190.516667984,605166.2906450875,1037363521.0874279,35274794.39415811,0.6909804081095613,3927.7778154963216,8.446776560709752,0.09604954579463047,7.038858321566297,0.14624151489562712,0.0
210,22587795.63534318,7620242.202028354,489516173.4902002,56002549.10438387,0.6949704960559695,3562.2947650550586,4.121209258033693,0.124982161741272,8.979625391924682,0.08605246482259538,0.0
211,11831735.687496755,1413351.705990735,1303307429.4332254,53137961.19759478,0.6680126477321692,3991.270733261594,4.318659048247201,0.11282553892205449,7.602669273367856,0.177940285730535,0.0
212,8753899.133592593,800503.0357500217,1118409290.2337584,43780637.8883798,0.7458804656176173,3880.302635418303,12.876005399266141,0.10516132722996821,7.5359016685805384,0.040491219244290326,0.0
213,2536231.6543514295,661608.776962543,210837942.7703567,9410252.270520983,0.6402531846030446,3761.7222403405603,2.8411519457063443,0.10529880439957155,7.27684069175117,0.21597267280279292,0.0
214,1337224.380694042,103382.45435699672,298644110.1766945,7894454.237325589,0.7222915459915145,3690.618001002103,6.35108874649024,0.1402118912796201,10.260894432403559,0.2623416763075182,0.0
215,1690635.725779508,304454.1429844466,57616160.642484166,5436036.292985923,0.1838858369176356,3518.393943144534,2.472794321186856,4.114832630218517,69.361671749706,0.30581797903858404,0.0
216,12081620.391030515,991151.2410242253,2603683016.5144353,70771252.08417316,0.6874611333848634,3863.4052195797067,13.523235363693825,0.15374172153556787,11.02022034078128,0.20777595767441473,0.0
217,55768132.21361782,7102793.406332502,6312179402.0386095,254685203.4339024,0.07744068828326152,4292.269946593862,5.05074943709591,5.420230763503908,87.98749765950296,0.199039611201385,0.0
218,4904.070824851113,809.332822410863,1591865.512888499,28334.252522853913,0.6520164218121463,3913.5776402102297,1.071923515070436,0.14310201742586423,9.916652571896629,0.37682845979264107,0.0
219,5353.744250514125,1287.2503495934384,1520049.1876976003,27845.328722922015,0.6337924553534433,3835.0119443977137,1.0634648206969624,0.7162531559209834,13.752445289045417,0.2601957134365979,0.0
220,15079178.669363946,2844998.8096501273,1598797307.86437,61270653.17821167,0.7965978052689021,3090.392584272973,221.26369746435572,0.1598720021755347,11.553097413179595,0.20352932888600825,0.0
221,7692827.84004922,2228094.915941461,204948577.67392337,20238885.088461526,0.7189177448731686,3796.5656794299666,5.235195313184054,0.12800675561094774,9.240514963644591,0.12257870653543018,0.0
222,21637210.68830855,2638108.3660494587,2512654803.3351245,98440143.45860362,0.723047583017385,3562.8552252947366,140.8646698518632,0.7690322578484039,17.508413590161428,0.17687115441046522,0.0
223,113521.07006169678,17826.90897563961,8085037.204166219,426712.0995427463,0.5444623498347241,4250.573377849762,4.003079216631528,1.5708001878318965,37.32005120669071,0.35153775017427763,0.0
224,2199350468.981809,983752447.2942406,14468319192.582493,3950805452.529821,0.7017172641280801,420.30665887700707,14.64521394725563,0.11277184794014569,8.23415195441905,0.09730915775167566,0.0
225,130726.76012044688,55765.83133177564,11634509.745671991,443716.25634448574,0.6003882056327152,3680.5995711151904,2.0425872108932346,0.16208694607779658,11.545408996027382,0.6138651577401064,0.0
226,262104.9280120662,29099.207696570422,29674876.84524443,1197090.665752578,0.6602327979109991,3926.807691465774,3.289388567077655,0.1370173765802444,9.772112825475736,0.2748000962692538,0.0
227,8553926.448473673,967139.8314108873,1080437905.8949912,40705180.67244791,0.6317259413008518,3907.90902152791,3.609243026085718,0.19137496023028086,12.530799899593195,0.3339390437950258,0.0
228,8683.741978969343,5975.751895144325,1026738.0556398199,25152.939603086495,0.6736440435876954,3451.9112440141494,0.6572757077943658,0.022014732512117607,1.6875305298894858,0.3034994059267575,0.0
229,6665187.614809634,1482109.3458981074,513505635.5579931,25467919.222535767,0.5882759209541084,3964.0714768623475,2.391308246723844,0.10217699999527605,6.911925520704237,0.17402640504281944,0.0
230,20888257.99945616,4758540.165213128,451277264.99345875,57179558.39982651,0.1930476432387108,4109.007630375165,3.634509542987001,3.491777659894364,61.827557877008736,0.048991405101495675,0.0
231,286154.56585330964,112228.10285167894,9006183.51307,708027.2039868269,0.6601331172782701,4113.03355071559,3.3142566757427097,0.16296653076845374,11.345970326184208,0.006104909854558364,0.0
232,18144612.607338335,3227982.6346027553,1296291295.550291,69920265.87827204,0.617087662299707,3468.5396180145244,3.777131770843144,0.052805558681888874,3.730843836204046,0.27270963383910446,0.0
233,19569905.845156424,1677510.6399091203,4381361386.007966,113274810.73695293,0.4883140299389547,3081.212349874264,64.62558859664578,1.5328558379375155,35.03682643522609,0.2804343415887102,0.0
234,163119700.11984694,15324497.682549441,21921881013.639523,821647267.0912308,0.5950968520157792,4089.347236090433,8.391988900607862,0.7900717280908548,18.02088226447477,0.17325930593608294,0.0
235,118085989.61037728,9009661.75875958,25380295397.432816,697545922.9777288,0.6970070876759337,3896.451754683698,10.046540337936637,0.15686493136674667,10.78003748119675,0.2106970233160092,0.0
236,26449390.350813713,5506511.065175699,766488632.3988558,78030599.2939609,0.5038243942535235,3342.602123425215,29.5661517074175,1.474949982987432,30.654106986795448,0.16795035699189753,0.0
237,28913386.904577,5484039.891126173,823990102.9220166,87762932.69838843,0.673227589263546,3561.610448563736,4.771379218358188,0.15897461493556256,11.17706862045515,0.3961470082034256,0.0
238,731.436995901455,42.30094433331352,434529.3698041012,5813.400294363081,0.09739943176622291,4152.344999353388,0.6366003943607891,5.46196552592189,90.3185159056815,0.3509518425780075,0.0
239,211755325.70905536,106841212.6898182,3157782304.346073,422396125.08222187,0.6764358844591231,2772.231507634425,5.09535047347308,0.11498750550993533,7.938036575550619,0.29477675300264217,0.0
240,26658.689319579782,13962.574452466153,2206922.38837131,77694.81347849722,0.6630815711245857,3498.9700370644555,1.2318856444729194,0.05009761993742172,3.503937063164338,0.4452103684297072,0.0
241,8769613.521641184,651109.6280892268,1613437966.2358253,49700414.38820256,0.5555089722361927,3930.3093263694955,36.458833435031494,1.528045883252512,34.68398050501731,0.14200445511551957,0.0
242,17908967675.022533,4116526181.513929,385089033684.92535,48225501557.10119,0.8287158493971905,1638.7597610911303,1351.707965845329,0.10489541817835546,7.383808186675816,0.06353103864676264,0.0
243,10043152.335518803,1396496.7029590297,812808858.221986,40755719.63608315,0.7123508168466912,3636.163014204969,12.707068871814398,0.13677423655655802,10.043922591540532,0.2249599010361502,0.0
244,223330073.77708206,23120750.127053536,33794722201.170197,1140880920.4294572,0.6630333370835505,3651.2571929543883,15.735149473026397,0.1402391859865232,10.21814374455528,0.2136690149004564,0.0
245,19999.648053692275,4981.884704082977,3533275.0507895364,87593.76577457062,0.7316100721934664,3858.218546359949,1.9284750445976582,0.08697973697731243,6.188288218122918,0.25712545801429765,0.0
246,51631.74840774724,11547.390108056785,8091805.336326679,226153.45173679554,0.758745666255351,3499.8629546741586,1.5307881257454172,0.14383417115501612,10.515762776658661,0.14537877331038682,0.0
247,6053.653791277832,1879.9798130044605,1533549.738306792,30518.384701955445,0.6277426202785301,3722.0667070646678,1.0568109985337302,0.13054187499671918,9.137248633567978,0.19987416621488685,0.0
248,6086.848379760917,1255.850934371677,1604208.8223418316,31254.823067354075,0.6880691206673955,3453.924238540141,2.1197347699034323,0.19318747392813088,13.197781102862677,0.2428674482038861,0.0
249,216427556.33331084,30274124.883528896,25938145189.628494,993384852.7571955,0.5832369320534744,3890.3842264600125,4.559934884576962,0.10948268809818425,7.631432589421706,0.1821375149095766,0.0
250,8974174.11130175,924078.1207151108,1929992147.2798538,50641596.294691995,0.7084682059056291,3164.917484452623,27.04324456674501,0.08592875900339107,5.94389539669244,0.11310029324116279,0.0
251,65674739.25293461,8324555.5185498325,9106359765.112848,315093211.3292261,0.5982078127668748,3973.9712847810665,7.825829638384061,0.8209684841071656,21.219734828936318,0.23141053680919924,0.0
252,502321.44163331995,51315.68439409327,61371915.070277214,2426697.2377180825,0.6784752345093918,3638.4599534432023,2.884295326486816,0.07852334614249079,5.601015583748513,0.1181789730327971,0.0
253,3728587.316076733,823860.2233643142,314869765.64117515,12870993.512292918,0.25304434327294245,3407.2393946778634,9.070762495059611,3.4736409241015034,60.97485424155086,0.30517740328838955,0.0
254,4089.8038474120135,565.4227453216821,1222747.297181106,23120.994673706853,0.5844785680934212,3759.0593707217813,0.3989197929952347,0.02333127171574958,1.667604130334773,0.08980720305665565,0.0
255,28269382.443936937,5410767.497698426,1743047118.1265702,102231705.76674329,0.6928377369306913,3999.4651997442716,3.5165992939630333,0.1432687082726515,9.83301669161656,0.1356042150646333,0.0
256,8429.472958810364,1429.7554816413692,2002414.4128204875,43339.054957252054,0.7166542316696023,3932.067332142139,1.2416878707450463,0.12325298200434406,8.16161823177902,0.17294610564428628,0.0
257,50382630.175800346,11026533.195880203,3979850484.9982743,172444629.8245353,0.7130931642466725,3493.1945128054113,63.81287043539492,0.7805197887069798,18.391890850011677,0.2825775734454201,0.0
258,3953.4643781609984,619.5229338710815,1474974.3147087803,24445.6993129243,0.7230663798419295,3742.828465463769,0.4231157163161155,0.06810842027221833,4.855037578122364,0.38618063780484313,0.0
259,438769238.1594024,144549487.35629112,6122190207.074471,969800233.2920792,0.7694910341360965,2657.099039240323,10.70302047953846,0.08558365709160701,6.200521152995686,0.1543478388344503,0.0
260,4579018.19437925,633826.4604722483,265434747.2850315,17374130.4144516,0.6610479349218483,3619.897006659457,5.149617704204405,0.11024648730035888,8.121723608821092,0.08251310569217062,0.0
261,6187078.962959068,1117727.6501756713,311552730.2750704,21275599.453744832,0.6042836087345231,3697.4205619844233,2.7275861285542717,0.1497015740052956,10.591266501020302,0.14188089844613294,0.0
262,77891.720335643,27200.905248988558,7988452.209949076,278022.9481469489,0.7413309997784536,3567.8257422415763,9.14683807226793,0.1993729249358677,14.480475012419493,0.26882949639212506,0.0
263,1059026.909006128,238331.87676559406,58820302.991986774,3468093.5353751495,0.683181994382952,4267.490310524625,2.0489677644017554,0.13156386789092817,8.89910351022887,0.3661679913762376,0.0
264,6135897.460243065,713393.4740086078,582778019.4121964,27254526.4906011,0.7876564049603967,3381.2054628788464,33.33777408717373,0.12044840474728816,9.082487070274363,0.17136452518567485,0.0
265,11025806.220334208,1111448.4764056294,1384242203.7638052,54002819.623003855,0.6924184251066674,3882.628128663281,14.665184730221059,0.14206722892759488,10.156340883723397,0.0745560558865218,0.0
266,51892.62172990099,9386.454749232611,6633790.308805962,231438.81465643793,0.6499776745502421,3697.35739667465,1.953559563652317,0.2818890499928677,18.932101143929096,0.17025857236967729,0.0
267,10664.53422894383,1131.764522679493,2623058.7689895183,59439.60073202819,0.5076816949457492,3479.665446241068,1.5397501458995728,1.4902043792516007,31.560247716647645,0.45480682427201446,0.0
268,7130459.779422986,1412516.3898357328,239056059.99427074,22254152.45862361,0.7109314068599334,4014.0492079672617,4.422449479461181,0.1398727148150803,10.024204497057033,0.2216317963676309,0.0
269,1243088.5911706595,198734.1004799101,77755578.68047413,4685490.461180871,0.649890729019177,3585.829290809612,3.972174121323026,0.17887688127276177,12.425254784365697,0.1408122881899873,0.0
270,44026207.013494514,9778163.609771825,3223893435.906941,155426814.46271813,0.6598955929949062,3896.777418272699,3.668354748972362,0.11593153880381113,8.260617595163199,0.1871993761047333,0.0
271,73881.36806587383,33850.816130522275,3076596.5586106926,168995.12128696791,0.6556980449028582,4222.95676643001,1.6736662395635888,0.14518932998460893,9.638770066918088,0.31658884487099553,0.0
272,18182953.710437916,1910716.4171147705,2508586776.6172976,89064094.90596251,0.6992328277473112,3554.1654737747876,61.900658610451536,0.8448649236660228,22.779565712253344,0.18528353364559627,0.0
273,92427.14852431124,31972.001958366083,8485236.765306247,313813.56880141405,0.6573561926772846,3620.9315877597705,1.7242915262466445,0.7244042683333465,14.28473858258379,0.11250240856046617,0.0
274,48682520.46771663,5074411.540584903,6296902347.046236,236756623.61190462,0.3324002668982212,4337.432823971989,3.917663838012991,2.133290569633866,40.074082994190874,0.27784821930383974,0.0
275,2224672.8173384387,280787.1130708994,271940842.3231192,10372373.504128326,0.453159614778415,3944.2272139967745,20.50487846183346,1.5755327984380902,37.254517038962696,0.20381662915143026,0.0
276,14114.805537785276,6974.928506638222,1225598.6614222708,37598.276442320326,0.7835726564857837,3240.682981357319,1.4219949614213934,0.07865329587353491,5.755793654956571,0.3837013404152598,0.0
277,5000328.9213397885,785632.8267970529,299001042.5925888,18309493.209327005,0.596836487250229,4412.107985028553,2.4870867468101046,0.1846393355940707,11.779775845726245,0.10766421793618282,0.0
278,15167.731386862073,4050.7683001151004,2009669.1054328743,63972.99792362526,0.09244223502084144,3795.482075942677,1.4557409142407782,5.433395116213092,88.32721412304137,0.06018616805036265,0.0
279,13354.063937326975,4293.953940694902,2066958.3753663667,54903.70293355534,0.6439511972182463,3637.245090142946,1.2173850208223322,0.07511422927726627,5.508026146327621,0.41368230598213057,0.0
280,11015.711292872867,3092.8942322376165,1238727.622226193,38083.681256976284,0.6815517900555041,3967.577938928368,0.8798119214154175,0.10644306818390792,7.419141715085556,0.48752164030285716,0.0
281,6683.606321357463,2654.583604324639,1298069.0521132182,28223.14158157521,0.6380553157025295,3424.9204912194837,1.0527943699553581,0.03696306633424973,2.5615418496226865,0.1873719705662348,0.0
282,15644531.578184837,1547164.7556712832,2857353444.849822,85203005.66078052,0.5268792712657998,2849.4210409527323,98.41539396204266,1.5207724604477384,33.990049577140034,0.2085961788979427,0.0
283,23105.492865741377,10303.974838274098,1720219.2567244489,60388.61697372806,0.717800281408844,3418.710333293088,1.6313115236778117,0.06926451660839064,5.000594295964068,0.4480098211339819,0.0
284,1819677.0739824357,615547.8190939737,20189989.787638344,3810118.2311231955,0.6251451558502618,3859.136134562014,2.556532088825066,0.2515264227968238,17.483792570967854,0.12743017253677164,0.0
285,146884374.39383242,74826029.45576091,4742759340.252672,331194323.50487626,0.6917597561172715,3354.7981221125037,58.14727224640694,0.13023269871703658,9.730451151986134,0.3602624549906551,0.0
286,15204127.395474855,3660615.1744303918,631763934.8488983,49049227.120165445,0.7062394110519324,3453.046249155652,5.583755568935577,0.03943589774757781,2.9484694538857283,0.16764025506264307,0.0
287,71697.33049494552,11640.25092234462,11873150.271248335,344342.8226833083,0.6863712516472185,4314.8836477483255,1.6713305097259372,0.13090921082049026,8.932095941909214,0.1690794036683941,0.0
288,10466672.583793195,1684549.9073888517,584222242.6771083,37852555.308834314,0.6488617481645431,3569.472997879401,4.358551623833953,0.10536838487833985,7.143050574115771,0.3120532379079675,0.0
289,10104.411468931732,3396.8789823411366,1888939.1078840005,41928.831329319044,0.7562472631406033,3654.9374371768567,1.3029135738983606,0.0677591415428215,5.0438838883379535,0.24999504835134537,0.0
290,37056029.93040965,5258327.014872519,1904038336.682621,137483494.4680199,0.11959908602758104,3933.4341509654414,5.867952037350663,5.483954028256955,91.87389897973803,0.04826423801451016,0.0
291,12395503.259376582,2827557.9648370612,427023132.8869034,37412769.90735561,0.7745164339915691,3145.914297574953,65.44507922863276,0.7985322944805705,19.844353122804378,0.1055670688571635,0.0
292,700644305.3729618,210659943.9626027,18838809260.634556,1844708520.5935817,0.6922881633656376,2331.3333779723607,9.729452245614679,0.1268764581824345,9.029566645828622,0.164777029287451,0.0
293,957700.1109823047,361487.38910364424,7537543.965034614,1843254.9447783153,0.09452868402046816,3655.397985341828,6.023218157936099,5.5033118334584055,93.34159599798076,0.3549145692311429,0.0
294,40697352.079765044,4641788.223201695,4764570447.24948,191565355.88430208,0.6378763267716921,3669.633784739066,3.6124901767038002,0.12486524516686943,8.532132520887393,0.18140988163024413,0.0
295,3077110.5617802707,1172914.7919669338,30553671.122584037,6021499.225049508,0.698379493251996,3531.5338485836282,4.98609915032286,0.14831754998132451,10.509262470401913,0.029846217405548957,0.0
296,157171.26193884053,37608.54789609301,13101373.197535418,564348.8966316639,0.658054042810584,3957.1861005286023,2.038910049179051,0.08658611872216601,5.738632045284407,0.19627546485081115,0.0
297,8130.89792940242,1668.604159675028,1998789.974186778,41697.812927259074,0.595484137351591,3573.077345078993,1.1621151304336157,0.055098696641572256,3.7832567380200657,0.2259255985705089,0.0
298,92189.08577635074,76652.43588412498,2217284.0728715383,154306.74096533228,0.6443517492615132,3973.990318877451,1.736210170842107,0.19001366527069702,13.370898817823889,0.5211289597680102,0.0
299,13467.779102734701,2211.6252017623247,2053025.4269131743,62425.49169888375,0.46586198885359753,3724.173300052141,1.2746905388518823,1.5770093419443791,37.71320060909339,0.20172161554877274,0.0
300,58668891.70570539,19258570.686131116,4021707731.26246,194743776.17586115,0.7117033942757318,3795.0863033294527,4.132849854216826,0.07085540730200339,5.041600888904403,0.24758448414982878,0.0
301,3350261.6890535215,547520.4615063325,390796886.44192517,13772126.168678839,0.7307937370415853,3442.9145240206726,12.75769795176361,0.11188131679873088,8.309280276148003,0.37812767829921173,0.0
302,128314369.99416837,38310757.58066801,3168960782.415763,326179368.2507459,0.662489378032406,3791.3771153658645,7.343351781636851,0.17481931639695417,12.08250635692794,0.25218695274098,0.0
303,10240697.576222526,796060.0081518514,1774039588.6864166,56776612.331020236,0.7102358592255541,4060.990971199384,26.18777558816857,0.2601948876133669,17.141477693666644,0.13032220945439862,0.0
304,3025.1741139910023,390.157644074057,1074749.1944651208,18486.804093263636,0.6159991707327241,3743.0647275256406,0.6023000837462228,0.1298303533742029,8.72852405283565,0.0736988516531912,0.0
305,2007723.584416865,362445.9649170676,142144555.3076922,7446768.939536202,0.7194249623112262,3685.8678762669115,4.2425537222999905,0.15892733704308135,10.69419058098027,0.299335350474783,0.0
306,32056427.665491212,3881679.4834971996,4260880859.0083704,157254251.12953284,0.6894200323115667,3362.6051712945364,4.599190757332981,0.03260035083120032,2.3641841352056376,0.29976451927572006,0.0
307,21412301.270828895,3573467.431644514,884920091.8068174,71732637.55663145,0.6949106976402224,3860.91531493201,31.29969138420983,0.13622968343049421,9.83685507264517,0.22037707841842988,0.0
308,48767.53902603616,18009.635983799555,4772405.915466023,174105.42696974528,0.6670424711976131,4040.5551093427875,2.189454727069372,0.2280639479689274,16.047917969060286,0.350757286177408,0.0
309,25074226.31231102,6970592.382644499,943952295.3759887,73107233.64542016,0.6703405511939723,3830.464720175652,4.4659912888084365,0.11957877974624465,8.677458725089593,0.12586111360456403,0.0
310,25868757.578483243,3496903.1175774084,2397919377.3170624,111639774.35616079,0.6833612417925456,3668.5355441187476,27.940506276402072,0.09592398864479926,6.726784594916085,0.07463727296507375,0.0
311,2173.259002029058,311.41918752440785,1026476.8049965238,15045.564503536565,0.6645857252423711,3788.338980580041,0.6772912115913581,0.8079011648441558,19.83077038618139,0.1280067948746934,0.0
312,171449.7726063942,113804.51825123231,4297627.130106378,308706.173050881,0.6194807201413146,3735.4335486291666,1.3705236934304263,0.11693132380649418,7.86104443316218,0.4267476168602173,0.0
313,5653972.755461953,1869933.7641525704,225578396.04081398,16792923.08308464,0.6491767837715917,4024.5592169020997,3.655233491818995,0.11298521612614412,7.718941451337477,0.09909993598051973,0.0
314,3796.414686680615,616.3710326281065,1497420.9904579474,24497.48363965976,0.6960276811011123,4007.251891524821,1.0026409701203167,0.17173060581388322,11.598114346231165,0.26651908622639603,0.0
315,279731690.33794016,75801802.57661384,11422166333.97538,801651832.366231,0.7169639876187395,3058.7984112666604,150.53542255800267,0.26393545524791834,17.91714244083471,0.20940788761874943,0.0
316,2456879.771951975,358002.99832100293,167732704.74575454,9541293.618519329,0.6645793008925016,3601.2194703470354,3.3173203381761733,0.10254597910150824,7.401590136028494,0.1309945151907016,0.0
317,16328.891394229931,6955.008041445622,1740392.9324465916,53869.93744812489,0.6150869181213612,3637.8783543512723,1.1899742911158506,0.7949847879057519,19.11696241493327,0.45669853766996316,0.0
318,5341786.156845299,866635.0455380402,514801316.63061047,21550626.5560303,0.6304966358882945,3496.237688518142,4.897961300832747,0.1129731537611133,7.580037589532546,0.10205446263214693,0.0
319,139899083.9142347,12158310.776142355,20493074813.961964,728836972.1233704,0.700027152200346,3934.5359792585123,5.955532214971032,0.1427009527551661,9.709507518767005,0.1951368691912625,0.0
320,6901.349271011815,2967.6424540910075,1148784.1094226048,27394.018447469403,0.5172896947292074,3548.828755929185,1.9718892774091796,1.5204612464217142,33.464995018598515,0.37354080412744894,0.0
321,51116587.063799866,18476911.074855182,1947753685.0866158,136808396.4327303,0.7490235810780865,3693.5824691688576,60.45574869224294,0.10521378948146251,7.330101195909594,0.12038904656969869,0.0
322,1533720.8248345393,624263.6494416848,13848613.806851601,2839427.846321696,0.7462641743390555,3335.6900306705484,6.5029750297042295,0.07109689642728592,5.034935178335681,0.13781114520081542,0.0
323,76988328.93227237,29345665.972824544,4390298172.67811,233538836.02944437,0.7206752569486049,3481.563395993573,6.363881324799657,0.13154149518937136,8.686419882986593,0.20752308115472604,0.0
324,3369038.5164438873,459683.63064718235,406843098.20446193,15502157.67557314,0.6408127501648846,3829.2548110513126,4.209260158286166,0.058099537970229334,4.157298096443704,0.15988934154052228,0.0
325,79758223.72184668,8133685.366845019,11886398731.913649,406973660.8961063,0.6214798254931907,4168.102111782473,4.1174627386137415,0.14612809762896148,9.696129732983135,0.21020655420591097,0.0
326,33884202.11017022,8204244.120726856,2993802709.3955035,133264562.77745381,0.6033179703445531,3722.236036110059,2.1675406720246886,0.11767743507160038,7.977111885023817,0.1404784216563443,0.0
327,14677209.90015344,943747.6478021691,3649340099.072487,91991578.68486997,0.7571411684853617,3740.8273428638386,6.356993676620111,0.08347251138456757,5.6950095812928465,0.2609063039480152,0.0
328,5935092.5889650965,681242.0190909313,556451504.007107,26244305.58140297,0.7061452610273651,3738.1611739278746,4.111871421743602,0.11593465865886969,7.942757988281796,0.18242715393941566,0.0
329,92391436.9391084,6323084.092448379,22239383981.661953,567412731.6973078,0.42433638628358583,4205.092722857682,109.99153142674822,1.6229090564191484,40.513906599595416,0.20280037063201564,0.0
330,9315419.699912583,738884.7374437687,1895924440.5350277,53588004.36226913,0.48146309657874387,2881.7874926257673,16.662959188213957,0.08106538006532445,5.565972393748922,0.2944078759459074,0.0
331,1990.4822767779472,219.16910867228017,973990.4630682042,13971.383854318177,0.6409279726466837,3740.6960778889043,0.46212351234871224,0.07913315082899261,5.279648787167427,0.1330600663785717,0.0
332,352277.8550294259,35126.4727791318,56657080.418081805,1804573.9967237753,0.6173967642190228,3766.3224283904055,1.721389515248489,0.16152282709586077,10.818832938079058,0.23793941872451854,0.0
333,13305.119109519994,1642.3564690414908,3725390.3705988107,76281.98685035083,0.6625276666613467,3844.207747397298,1.991693017101475,0.09894528405085881,7.2173687784683365,0.251422028218038,0.0
334,7724393.418347605,1080931.6463364798,444424855.04522884,29071548.631481253,0.7323073105722605,3545.1935872375916,50.62150588473521,0.055313834639546575,4.096481992735529,0.3175340088783006,0.0
335,4891639.677451395,572413.0904718316,376566655.0933632,20589061.463106677,0.7406691072066505,3919.610000329932,7.135113042547859,0.072179685493691,5.185204555339423,0.20927555299630446,0.0
336,7370.833386113441,1120.3706895539665,2272429.776722971,42784.76535898664,0.6344885369272542,3462.19395224478,1.4165706894548915,0.07773325030394948,5.299530080746807,0.21821352835536037,0.0
337,7827.167793228116,3220.8493083026033,1647180.5028047108,35056.74694959935,0.6662770373650515,3398.880872384154,1.3441601892036208,0.03093234541059813,2.196226494330051,0.3136788579561566,0.0
338,29328087.65716374,5589214.744137952,2198989803.66804,114887115.70055752,0.2929258357207213,3878.4690635922807,5.6632723875236195,4.092090806388702,67.45436697218015,0.1271932211568276,0.0
339,33550731.34337868,4545269.361030457,1913488272.1983132,127865026.14664605,0.7102953079997004,3665.0273180289782,17.06982538049731,0.09399079150413092,6.619669307968489,0.1611913872217205,0.0
340,112583486.6652439,10845742.085570434,12247016964.609741,536138314.2482858,0.7668864651531248,3855.296391071518,49.02817240640092,0.11631457645553515,7.926643851582374,0.1229770161358116,0.0
341,5089925.146908329,567478.2577459934,663595719.18849,24586225.09642155,0.35324118075539984,3585.2016929078886,36.59930691592574,3.50965292856509,63.55344348721867,0.03709624528310825,0.0
342,19385.773935388635,12951.114812750453,2334785.2547044875,59023.397499237304,0.6481685396802608,3374.6607015250365,1.6478691625899116,0.040782678847522735,2.9288160112888506,0.347103913909206,0.0
343,35647586.10608496,7592116.1004702095,858007079.1526245,100641226.50839047,0.7407514053280867,3361.8848003859584,10.68868316886956,0.22767066111585973,15.843572931903614,0.013790935535663781,0.0
344,12344267.746431913,1653645.3095715619,1251953384.8951647,53474193.23669775,0.7059601944785862,3618.546787493842,19.97166110500201,0.12596097913223225,8.76888527045222,0.11310808139589032,0.0
345,4291598.991715255,812996.9281440984,184630695.135823,14185426.3429411,0.668024186333331,3753.9194523416213,4.170202285057065,0.08320391491973585,5.552217937014738,0.07582674005375231,0.0
346,16470.602125365163,10922.161605283376,1892503.5974808596,50075.65834799465,0.6522937680760811,3526.3975543207725,1.6148871465482553,0.08510061341071724,5.860449600436722,0.3482110154803563,0.0
347,10138548.730089838,1842561.7973004864,681426541.4613575,36431889.61953819,0.6574570458193997,3526.405426659028,2.399472181158673,0.12104199071882489,8.361996421618752,0.08377385956971582,0.0
348,15773812.312406594,1206319.4494535248,3825310642.487284,96428595.86631238,0.73535352642581,3285.340236441115,113.65541611545136,0.13945159048986486,9.818113648247609,0.2731884834259953,0.0
349,23303.843814822623,4333.238604176533,2601372.1603833847,88426.84828597486,0.7261257584014456,3927.0484579752556,1.4449489756081244,0.12115357636263271,8.455816443172557,0.11708674178589538,0.0
350,1484.6027964788532,216.47775217540465,693853.4974689165,9933.16619533831,0.6324811762649212,3843.716737854882,0.841742707054069,0.2136870529064999,14.401284884179365,0.1436716329252967,0.0
351,27986515.28430333,1723310.8167249921,10044119059.803202,194749093.12616825,0.7342359909448468,3473.6387909999526,110.01460857844307,0.7242733119438893,14.047316051935757,0.13843383536538573,0.0
352,15734.207730035982,2163.6415517025143,3089853.627821333,77136.36620971552,0.6550019865281845,3546.202431261023,1.8252173381142096,0.08958017996449294,6.304707167552005,0.28244273879693377,0.0
353,61372.58495859598,22150.329908897827,2989225.2003354006,190881.70690294754,0.41772795174965777,4029.836804624181,0.8860350117430598,2.151063120018194,41.229074267548654,0.2679068240092502,0.0
354,4793.249838575921,456.3940157786582,1898860.3774330423,32549.723311324,0.6387367346000213,3663.9819702581935,1.163264367606684,0.1500225155074192,10.770384647371252,0.31078067134558485,0.0
355,53848.380832392766,12353.73731667372,7291457.248125878,223045.3539285087,0.6948409285610774,3985.6047919211824,2.7094882816474555,0.1149539782907815,7.705345223890267,0.21098765049659912,0.0
356,307135893.6256051,67802233.84242968,25847690333.312523,1167803184.9915614,0.6643216655539235,3448.1072881466253,7.101808844044285,0.12639038853275056,9.207317228455755,0.11455239575320296,0.0
357,4374.151085527985,485.62347081995574,1594385.443412343,27457.2256817628,0.6738744472212621,3760.2704120953076,0.8911594411569602,0.09684477994011002,6.9620943997807485,0.38200228999183655,0.0
358,34361868.66194854,6396097.972729483,3785302823.7123823,149956144.84933966,0.6868513782014498,3479.0384252020917,3.6035331987377863,0.07974250187142724,5.887420677889473,0.15989197582640494,0.0
359,6267.003426259704,676.5381741420415,2447486.3625080455,42066.09740040648,0.6244397751840929,4024.3342667715083,0.569806325839707,0.7085394170138195,13.033893164626312,0.35116080959036416,0.0
360,13610376.794779098,4223441.108751332,584517689.7633873,40609228.593213655,0.7213968640319792,3956.633446045645,5.925172357446085,0.07564430611673308,5.664442349152696,0.3038168717263953,0.0
361,39437690.28955406,7157871.537640969,5701915861.088309,176198797.17377955,0.6744772805912265,2568.6723132237357,467.5747435426113,0.7959261532302895,19.267513240952418,0.15915695582536965,0.0
362,6301.227291493614,2275.461990092318,1365539.3674311968,28248.769911817613,0.6544439442618283,3521.2236923606897,1.1245965028746399,0.09252585754112977,6.791636217862683,0.38960358875883355,0.0
363,7820355.321985945,1322995.0288085986,577186118.3737426,30720590.1487405,0.4611216131322021,3289.299366328125,10.223967432983377,1.6244466777604198,40.935582039546524,0.3529494455908698,0.0
364,18630.86010168495,5533.154729510283,3478739.8688645056,84806.79854478533,0.6874999708302821,3684.6240619279697,1.8599531269393268,0.04684285099274943,3.0295138692451102,0.24349457881952286,0.0
365,19421.80620795019,4042.8155887815374,3327465.736238254,89061.70148853585,0.7439430173639059,3405.162842761595,3.9920726033892824,0.1185038979861921,8.61955028175679,0.2029153109946231,0.0
366,22683964.91564218,7819049.774800301,1560382930.8031707,76591847.23784874,0.5796870593069325,3729.8712991213656,3.289347739239348,0.14988477350416698,9.685722902765592,0.15839391894857613,0.0
367,486311.7220589821,35316.29751545725,157902563.33345455,3199830.131849772,0.4439484837768067,3727.6689053219206,2.1842348355567576,1.4503205970721094,28.83008823210116,0.3892232696107725,0.0
368,2113.6490150808013,184.5969338853118,1047353.0705697773,15244.723566898454,0.5643291974525777,3857.358536857672,0.8646563851220808,0.7855770778930685,18.279145844038105,0.24948037476631926,0.0
369,88594.58963370285,10050.379561675203,12789934.295980787,426352.5291963187,0.737169530699371,3719.0042793234943,3.0765829672988776,0.20873975578224863,14.848030091761382,0.24314868631289882,0.0
370,3930.283432434305,627.3907279157953,1392900.4789093803,24228.993695097837,0.6653148535353036,3592.417180461055,0.688602319133375,0.09809935528324942,6.934820389444435,0.053666479222602544,0.0
371,14540.30103494706,1589.666848322878,3760847.188007309,81521.75099724224,0.7348051730512707,3356.248151854873,3.1367146467403955,0.15319919188984904,11.412372185375215,0.337062411137717,0.0
372,62087.82775156204,56735.43700852238,1687651.7116540498,99388.74549735116,0.6575080261278637,3350.4935116587517,1.5939321848761037,0.06248473955330214,4.381766611852901,0.3752507810049894,0.0
373,25122089.50462042,4008356.6667572097,1345821135.162132,91748544.11489305,0.5870409363143876,3804.393437110088,3.5393274374902233,0.1263194719629004,9.272451760977178,0.13392318091121883,0.0
374,19262673.956459206,4073347.904530055,616861228.6024088,57155311.99917984,0.6598821042598806,3158.87234796592,68.07139557486727,0.7710316691381889,17.400540673051516,0.03442035268736908,0.0
375,32563705.64650364,7355264.170345331,1064447911.182725,94103986.22462967,0.7463127961765756,3611.8903045427082,80.30400490502291,0.16260746731511605,11.970489627088114,0.1414258317220459,0.0
376,5769.313365371827,829.3701606315377,1355674.3456880494,30804.682788006136,0.45869795658428825,4284.7519276013545,1.143976871859241,1.5692395440497902,36.97095862544084,0.3536606960876572,0.0
377,22238634.61626519,4103447.3027648306,1019226238.2371302,75977096.81191567,0.6930658635481705,3813.8769949430102,7.027062167720682,0.0823256421980724,6.079689285823238,0.21395456191387682,0.0
378,69064421.03803392,11902019.615097787,4287120793.7255836,248112109.83993882,0.6448155700367901,3772.0962539464927,4.37999658911116,0.1521037142285401,10.768169033135283,0.1769409654628619,0.0
379,39006.985306156275,26342.971616394312,2849585.2971571255,104451.62165002972,0.7151009060388953,3508.420984771198,1.7757437045975994,0.16303373056326054,11.118217836460031,0.19756028251223873,0.0
380,12700930.046307348,1298408.0760962125,2328844774.970163,69195339.9139991,0.729883476863575,3057.2622123451692,142.10220442179198,0.12627612514057632,9.147188217865672,0.15376654793034122,0.0
381,9238897.073898617,1784184.170889567,556842355.0331546,32841173.31346681,0.09342627395956601,4194.633873164483,3.438873278660078,5.441453820441094,88.70367573073926,0.20251289809281994,0.0
382,2779930.8996768445,640542.1630039022,116063633.84562619,8716212.435162723,0.735095186830923,3742.249003044609,9.049341384908667,0.08766635873037369,6.384344323994702,0.15395263037248796,0.0
383,2515835.97713178,384935.7525822012,142713678.10442144,9353127.258214785,0.5676536228480012,3884.7599700375968,7.161948515233629,0.23548218759168824,17.211620693974538,0.07517768634899168,0.0
384,13224856.900285553,933764.8736095524,3132958227.6512556,80626498.24400644,0.7358042040292766,3038.800952167065,73.25516583789219,0.1046020170618914,7.515711265623625,0.257489124811139,0.0
385,1950230.2032440472,227502.1176800082,151485910.24424267,8228753.960313094,0.38413026094470476,3598.451710565534,3.648877489905923,3.3981175530179337,55.59978314132444,0.11839181406995931,0.0
386,7025712.0341322515,1748395.7094885893,224282070.39180404,19292230.94229644,0.48300643685388145,3439.8306002571708,4.361812146304358,1.414984791087099,26.133507525063493,0.32557912934188615,0.0
387,1145964.5623892192,197401.7795203397,138662398.72637483,4973833.44506924,0.6198698904405634,3718.7448006607233,1.9230546681889464,0.1493261872975486,10.60640949099858,0.08275450484493138,0.0
388,36844273.24610759,5267212.916707663,4925673407.25004,171066541.64335838,0.6948152974105091,3169.864762285858,118.78485880833514,0.08502324722006822,6.427392620466952,0.2724762487793163,0.0
389,1648.0735421471265,168.91223149324065,843010.72595204,11869.032840936354,0.49545761591605614,3702.8929838885797,0.8363739045161452,1.5178103760874397,33.52681699938775,0.3524015555729171,0.0
390,41076178.62326394,28046976.513863076,213230372.43099982,58508303.7819383,0.6921160605038934,3508.564915634278,7.847986193008121,0.16114820709812686,11.893721560079204,0.09191765296905849,0.0
391,1329411.0751894386,125594.62892046648,153391939.64493012,6418298.490329066,0.4515836202286688,3241.4667745925854,17.463362391640295,0.8795230735852346,25.926136701908764,0.30112468429861106,0.0
392,6470873.325120662,1581571.7662446161,243731184.29895893,19576423.8441504,0.644937287401845,3636.8093316007166,3.3539301165436863,0.15565269310746466,10.771780593981886,0.11500240690331241,0.0
393,2242368.437689711,535331.0579445187,171442857.04836228,8186864.162200878,0.6779783719220671,3866.0915500950414,4.961069761181937,0.1627303903339076,10.890732981738623,0.1805008698935456,0.0
394,3166159.912208791,699307.3428597829,158183133.5973048,10748394.899320625,0.4011005581986334,3890.3780878026096,3.2138790453938286,1.4721147488984716,30.70803319867077,0.2810316543675763,0.0
395,125561410.82668085,41641740.02641554,4380155100.825618,323528014.2386575,0.7529183062994335,2900.9281080041396,1826.6344041607913,0.1360934997623165,9.96454607446432,0.1615519151770654,0.0
396,14966925.981162775,3088477.669037228,932280855.9301094,54515666.51198379,0.6575203881143497,3526.763545447927,8.350064148811462,0.1505010037554789,10.460365272491268,0.1252306580225375,0.0
397,4873011.364369411,850119.2839101277,260325571.62661117,17437344.805609256,0.6119519683053947,3754.24864060461,4.141045881538418,0.10075329830507584,7.146576976015166,0.27449174221548767,0.0
398,124621.67848580545,81503.8799715717,6385134.492675142,300701.57334261696,0.6599657604035718,3477.236838904578,4.044862439939267,0.7703879528308172,17.42916676295723,0.23094355428384555,0.0
399,19905.34868844806,5211.964915660026,3690136.057449379,86113.96525380923,0.7356982009132265,3794.534599752567,2.460887034669243,0.06403498480762951,4.592358177752628,0.40767946890067996,0.0
400,17037811.421789296,8239082.35382946,711562860.7520895,47986372.83467415,0.625797957999889,3696.355168693693,2.6266348054663933,0.10655822107240845,7.055103782402031,0.30742382946596825,0.0
401,38259.36956289346,5588.690504500437,5733465.93241517,179739.2270062223,0.6486025719315867,3979.0501004132575,1.3357264424294153,0.16412636427588884,11.175183400721902,0.5107476607227616,0.0
402,97177182.67833236,46569223.15816475,2419478724.6347365,221908356.34999782,0.6713309143402307,3553.575454651771,5.8269005130958424,0.06076768992181307,4.2504158696390135,0.06286368349794416,0.0
403,4058792.0568389595,1970355.9520755026,153062581.90997133,11261193.24278481,0.6846675481509035,3940.5970843001883,3.271785470569712,0.11439471527283969,8.117377948994505,0.11372041946994316,0.0
404,385811.0751944361,39318.42715314776,60238101.6488332,1956291.153084981,0.584214711324119,4099.602623008118,2.25929150567151,0.7375410162927662,14.956155663593199,0.28711121019480107,0.0
405,29282973.020027377,3342509.1955591245,4290697297.1786337,144897652.28622928,0.6947676922509027,3998.578581935887,25.49699850196435,0.07190261728904002,5.134821482271529,0.10119808284760888,0.0
406,225535797.83349833,85151083.80223921,1892040679.8598886,436437998.21684295,0.7637168715236895,2748.3917550749084,15.895790150306663,0.10851889684500841,7.877376698062273,0.1671606572478461,0.0
407,39107388.95065384,4547703.455880633,8473927310.115384,216537581.3296178,0.465990245622349,3580.880844475563,147.7019986915436,1.5830115433629075,37.56315151936974,0.33788915868803876,0.0
408,908254606.2994349,103481407.03826627,88474475336.40083,4021800296.784243,0.6702986905184148,2247.774076804726,9.657015350349686,0.2109200920721622,13.458234865209084,0.11803917502721702,0.0
409,233340053.13881102,22882351.797750123,28219593837.910835,1139593776.860539,0.6182832265298057,3636.863811494638,6.208055656000305,0.18799108145521118,13.263569329672237,0.2067654765989037,0.0
410,22095254.08478657,1839341.7234806072,5565422819.831278,133361111.54648955,0.773933547105105,3313.6723104816683,293.1635532778857,0.11250674104879019,8.348759607802071,0.2822575505134141,0.0
411,8967.771609649262,2420.547949630206,2645978.756473501,48993.611879198266,0.6452600676085937,3664.0654861817206,1.6607606877195369,0.7125357340251267,13.260304202252708,0.4587225915602755,0.0
412,13083.387914678871,1403.9682018427714,3475074.7629509987,75964.84579197735,0.09391980239580391,3732.551972741144,1.6554055193685089,5.491868777122286,92.55164857978252,0.30319258238440394,0.0
413,29372240.36384358,3891337.589588029,1690128226.381513,113065499.5355571,0.7658615964175848,3836.711493400055,17.24006617797702,0.05091927643780227,3.703183407598601,0.20397682005520254,0.0
414,44144746.40504068,8520885.014470259,4627591669.413698,188351132.23505574,0.6716137376431423,3688.1055823023257,5.9916175636088775,0.1338780168082721,9.243609294631804,0.13538321441072831,0.0
415,21318303.51481053,2847566.515063182,1808734284.9004989,89312498.3878294,0.7395111582593722,3618.547457059627,17.367207141109674,0.11816060081015864,8.409227471760332,0.12428753021244071,0.0
416,1312646.7207588186,360823.84497360757,56702073.50027893,4047496.9130309583,0.639439948703391,3972.954664834312,5.201876020431762,0.7707018998967357,17.065350269333898,0.2627097770808388,0.0
417,19505706.5515106,2314783.234082822,2455483396.847414,90891022.05414239,0.7382625930766926,3182.277556359786,222.15628245589906,0.13261953072629734,9.71620717427145,0.25986220131543636,0.0
418,3496444.8779622815,555502.0116140852,189239513.09512788,12589113.891824322,0.7969812994602873,2866.972715655572,23.780253253247007,0.057082939257858546,4.232159120282438,0.20608970793682593,0.0
419,20522836.60798493,6799376.870412837,1420886505.0485501,70715241.40529934,0.6549965672955486,3535.361481009584,3.7670870346544993,0.13381291538744203,8.812039886258923,0.1732420267663758,0.0
420,36658542.483126484,4290823.2544540595,2716396472.249324,153645750.7330377,0.6798496151003822,3867.769276686276,6.954015799098114,0.15429906553370945,11.380696774316796,0.1585813766140168,0.0
421,13458902.106764039,1521566.713548155,1194649053.4714031,58875251.45305574,0.7118129792817601,3493.2553990729407,5.641983046645293,0.13096981913951272,9.276798950872879,0.2139705850171641,0.0
422,181706182.11852965,15412654.104448866,32729634005.006916,994791777.8039801,0.7014350911357602,3754.8292436609336,274.60641459887313,0.19041847657049643,13.188362319044632,0.2205378301414185,0.0
423,472138.1762134539,121252.73903627359,20926871.054536354,1386749.4518687916,0.08362826135553872,3988.3694401498533,2.7479786075932644,5.463138063316333,90.41410190520055,0.28917605344857983,0.0
424,15794762.016618755,1260465.2516317887,3867827777.481931,94885890.28905931,0.7603975555555753,3586.0073161310684,142.67341652167522,0.12783446335667917,9.327090534768889,0.31094772549507677,0.0
425,2877.9035093524226,737.8674560999085,1132528.1972735208,17280.438771744528,0.7072976735071921,3820.1924996130383,0.6108712194985032,0.0709412010267565,4.376684224544244,0.3237095088688854,0.0
426,4623.565816799983,930.1862753282596,1421680.8475477088,25987.942011909134,0.6778933899431382,3578.7748185495784,1.6632623270677465,0.1427830156375772,9.968331221728771,0.2847729102822894,0.0
427,11736614.61545589,1833454.4679551814,569625180.7889371,42079361.60029653,0.6642028598246944,3825.801228022732,4.6206927410192,0.7761057630319876,18.195188975788476,0.08595671714235356,0.0
428,788749147.7053211,132071683.25866035,36267046636.307365,2712650932.5001955,0.7591333584578452,2442.1582298538924,202.2856206230394,0.03006526712640998,1.8809138662986684,0.15202286582268976,0.0
429,31122634.882987905,3737945.921980879,2530433551.2637677,131640595.07106109,0.6612902521802764,4070.2369348094226,10.79390006878669,0.10751990913055484,7.637575315472371,0.34393040388644314,0.0
430,3245495.075037668,490644.43021150195,151832324.42794415,11534430.914948557,0.3459088984860619,3704.0189269317434,11.717701685563448,3.5086626977802964,63.4829818968512,0.18947699883753522,0.0
431,6642047.089337033,1238476.0397550869,518548414.4232569,23656473.642883874,0.7167867772503421,3285.1686290437897,11.109620741949946,0.09180146340177116,6.522346466079247,0.3799609895168078,0.0
432,15612734.275926208,4340903.933160338,456022592.26300776,45174277.89003772,0.6453281198468684,3667.9932873086327,4.130091144273279,0.1379721094413023,9.548533118391699,0.10620288949284272,0.0
433,7367598.943931757,1122846.8263676092,560978511.2555914,29477037.99629604,0.6968164259735902,3893.0318537692624,5.005595856509806,0.10739324019509952,7.770979210176056,0.4015383636722687,0.0
434,492452913.0534285,286100050.99388045,9125834734.97964,1015589874.0623547,0.51909721972423,1695.996344505143,5.9969449614174986,1.4432572330649145,28.102052798230908,0.20397531757359752,0.0
435,5670948.513366841,452548.5931282632,994740100.7369093,31449669.615541965,0.7072694072053434,3835.059132063986,8.610518193644706,0.12653830017505427,9.058440993582245,0.3816804358569701,0.0
436,81764.56516379784,20514.521723865902,3324677.3920087977,232000.25261185365,0.6529518193163305,3127.488372255031,1.591874296480122,0.09184320456206843,6.90683993541501,0.28660828619948975,0.0
437,55145933.92991342,5610723.090892026,6083933965.09199,261416619.22224244,0.47179482479879364,3913.1073320408636,4.597125820943475,1.4718080390494763,29.953706413419695,0.12859459703838447,0.0
438,14346475.596195187,1193018.7817860446,3546081502.2800612,85516548.50435719,0.7440991462500798,3757.1094284375577,36.47160592782798,0.12606889122629256,9.231270292248263,0.4283451871290944,0.0
439,400386.28529310273,56506.41014406646,39243980.68216099,1701515.0726630273,0.7093105406836517,3436.1025223002116,8.26723108345889,0.08249083261831922,6.051997031658637,0.18333865410356628,0.0
440,20301317.451172274,3442576.818320977,1307361007.8207145,75979056.08391713,0.6511955851571375,3613.372713959563,3.975260068163267,0.11698308132175068,8.308211607743843,0.12417146233146262,0.0
441,4842.6029185393945,2636.3430829891117,1166363.71272959,20342.330447715864,0.7055657604915243,4045.519538877998,1.4057502391997674,0.16387226672741545,11.405210735409684,0.055941949011094776,0.0
442,388995.3338453209,234759.67321085618,7642265.776484606,730264.0451956228,0.6534956073991817,3286.307198196031,7.1413889559359935,0.12787807258532516,8.984537808950869,0.20816135228410054,0.0
443,1151833.8891227162,442844.32140148024,46700363.774010755,3195822.0903175706,0.6100974267915685,3180.5487912428907,24.600579428077438,1.5311783840333042,34.82420303309162,0.17632190136673942,0.0
444,14536762.613000363,2649647.7314354302,723257399.0311859,50841724.36104784,0.09871747578549443,3757.9427519447813,6.16257768880824,5.493501166430031,92.66697426599097,0.3977818785282606,0.0
445,208627.70043474063,160070.16447108597,6848662.189875913,404096.1703348862,0.7831050463025342,3512.7003617709115,9.207550330806308,0.09176544437644152,6.797110348684486,0.27675515703127546,0.0
446,19597499.949060626,4235007.218270311,1553242055.673646,70061742.61371233,0.7370921453630255,3181.8765138071594,112.80581180705066,0.07165057576249083,5.232963469171776,0.13413997355019167,0.0
447,76945.44704655927,20937.954209191368,8567484.468156613,299639.87568196957,0.7495409740026758,3643.8041263854284,1.2152696576314452,0.11327946829792683,8.387412890973335,0.2566905933334075,0.0
448,4355.849433311199,902.6472976064866,1475598.7974801748,25472.95575801119,0.6474706484520623,3517.3447112973035,0.9830117885615653,0.7342302226911925,15.021750315950396,0.26119853929291625,0.0
449,2794349.717956142,183377.7520440254,693119618.3379176,17448689.680382293,0.3281143741496495,3993.599833055883,4.810576228887318,3.45806665503826,59.47186451547215,0.3757456509393654,0.0
450,502444.02211699233,37402.01947730298,153798100.8524429,3242019.826836123,0.4883889382377708,3626.2955317350743,2.8312851669545656,2.1293548456294635,39.80198937853857,0.39608718690599,0.0
451,33150848.31037005,3889776.356641845,3229861593.56766,147684106.74156228,0.48279638155888105,3475.4518911786254,70.72526127621016,1.4625974917269888,29.932259396761793,0.15028128561258908,0.0
452,2001897.0867067755,584329.5893113398,39072099.403220765,4899750.188544324,0.7596826774728969,3540.4328284875137,10.160015576462769,0.04456383343271959,3.052714677694861,0.09626103416038091,0.0
453,7409869.485342522,2523167.1521270587,155326004.34663698,18807545.011574488,0.6927722478962354,3598.1520115873664,4.38952414830801,0.12837337169513646,8.813878315318686,0.13687596619675763,0.0
454,26011731.765508007,4681739.046212471,1421084668.4598618,94313889.30795687,0.6584404590220002,3983.260636440882,4.130475002292853,0.08259718943578535,6.02991516881103,0.17016596695526048,0.0
455,17842900.613566913,1173310.6553414091,4205095911.4741983,109931241.82703784,0.698270748278101,3839.0087733323944,10.551017283073815,0.11066084992808393,7.446356948481958,0.23003341528915092,0.0
456,22158.73834045101,15200.47034224316,1887054.102855653,59387.26806211968,0.6422864334734734,3730.7928872036346,1.1014112471867306,0.042152034942381976,2.978673102468656,0.310781602748466,0.0
457,5649099.086834031,1000849.591272695,598694947.7376449,23623981.36175425,0.6089215855269928,3652.4572866702747,1.6424969058449004,0.08972065673550471,6.262305066233165,0.1931098443662019,0.0
458,514287.0491395007,119736.36417314834,23512439.70817097,1628093.4027547936,0.7818716660295861,3455.11382757758,6.863307277978853,0.13538418620939083,9.655353891833583,0.09798243049359537,0.0
459,525340387.7228023,156241174.72823656,7588600385.387625,1223110953.6920545,0.6075806367361097,1187.1136408816456,5.688978432381718,0.11543704508469847,7.859287995062234,0.1423527105657629,0.0
460,23196695.84621965,5385224.805680478,1090636201.5972812,74543342.46151164,0.6391965598518198,3870.344577469538,4.747540210202627,0.7421068844283591,15.787771311609953,0.1388182593176195,0.0
461,7556812.167135738,749496.0109375318,1163352429.4494917,38907293.66474439,0.49844109591693153,2795.5511342213063,104.62046156740233,2.23626229599533,47.810052561806614,0.12230935911956657,0.0
462,5853675.800026314,1492479.4246277818,308118317.92382276,19095532.7232987,0.5691115191775123,3683.362658658226,4.597692379361997,0.10850102518922107,7.64769871582358,0.19002600436201994,0.0
463,9078005.111436902,1474122.343398538,429919525.23368514,31977821.20344653,0.701943388798336,3643.32344743585,5.254880226875415,0.09188948133790706,6.594612101327094,0.17492440789191271,0.0
464,51380.037421427296,6213.133590775833,5876203.169083208,234287.53129951266,0.09399241216138296,4188.873604032957,1.754849542732223,5.428487736948672,88.42606404361791,0.43128350854853487,0.0
465,72266515.05836394,8653209.659712942,10422700571.321241,356922026.12253165,0.681964713644956,4344.193499697546,5.926095538076837,0.15663796826864304,10.631646462549854,0.2784224146162957,0.0
466,386060.114778401,305310.2582230011,11638806.347347958,777333.854733328,0.748561996183915,3681.429184671294,4.601697777501128,0.09729683116607371,6.887049957787387,0.4351954120170238,0.0
467,382348808.5616044,140635975.77349827,8016162466.349759,897528679.6639858,0.10281145707686032,1811.8393037637425,7.854041223001586,5.5203527068073335,94.44705332413726,0.18985173601407085,0.0
468,297570.2903583788,34316.96788501536,58260312.71498964,1557305.4037615983,0.7197606323580207,3515.820301617167,2.419091047639545,0.07691287747027191,4.720029739582429,0.3236754481846463,0.0
469,7372.580676402043,1074.523102215313,2202833.9121499746,42059.4330998723,0.6532293816047622,3603.734396684681,1.0527465602812724,0.08981967667773941,6.544451874165648,0.3525819730177573,0.0
470,7276.825824213767,1215.8164557873363,2125097.4824252664,41322.253977633794,0.646855912601161,3865.6312078757437,1.5855772173256124,0.08351799122256268,5.99827591284169,0.17714273990448065,0.0
471,21931619.791394867,3664938.3890395216,1511440983.49668,84392991.35994007,0.4668653787600719,3548.8340225648208,17.067213548574237,1.4567051568190474,29.28557571286019,0.16542421124904774,0.0
472,90895160.66398312,9073357.62456188,10264882598.7741,436381795.7854274,0.63448224301994,3084.961264924118,79.73499082761512,0.7613553186341103,17.17753789958575,0.025926084455302617,0.0
473,2516.349046727753,225.53747201096812,998074.1312398147,17354.59754201952,0.07209394862891363,3559.014959125408,0.8890865681752957,4.771495635494928,78.65553224138151,0.40012352886812114,0.0
474,13280.310383350075,3794.3447288683483,2122863.326947539,53351.18653378983,0.6872356867391287,3380.309345171914,1.5023713543421378,0.11902972749704732,8.685876064517043,0.5216258863732649,0.0
475,60999.31094984922,8306.196351871771,9045013.44679739,288609.3956735743,0.5902878286582764,3764.3143564124375,1.2253585878398745,0.14373412224036883,10.084688599617355,0.06622587953287486,0.0
476,6788216.555862613,1180041.7807561893,351131236.6451585,23825215.12630689,0.6813561890777035,3781.0180550376085,9.70030587776357,0.6654607852776093,10.252039499591081,0.09052596569652793,0.0
477,133899881.63400164,14616615.620888585,13952943710.140656,615140202.241583,0.6966076003025266,3039.9472272280163,4674.197510804307,0.8542332738390002,24.023089176262616,0.18282888588030513,0.0
478,35778108.05209412,7474258.236297319,1905163285.5859504,119881351.89435354,0.643097000594387,2963.1121994154582,89.50797870808817,0.8362904206822268,21.774518060749624,0.14994911444214315,0.0
479,9540.852985764242,5058.377862863767,1394679.6125571989,32917.907009680755,0.6822486185771053,3521.417749490628,0.6045014751966453,0.07468965988881697,5.436064278798183,0.15555063900616642,0.0
480,19387867.58954552,1938152.8604821158,2897295265.318746,98259942.45523654,0.6987401435633097,2925.3639713174525,771.5375550995478,0.16810865053930274,12.442313753777684,0.22999619779808214,0.0
481,6974078.518036321,1604076.4702169658,440626438.5478727,25784465.09223535,0.7029496435218231,3674.6996038242187,11.257258060058215,0.1050150018711559,7.399539394944905,0.1024774331459154,0.0
482,163099701.18451133,44427500.228792496,7463810024.932614,504858033.6596383,0.6845219105404404,3692.3828483262137,6.742965241372909,0.144833572006198,9.691137240655399,0.014620780762315428,0.0
483,8666270.102180833,624607.4044408894,2020694615.716484,52546595.68544941,0.6601401412016457,3003.891647384015,34.334927356000506,0.19088895107549417,13.57891052031265,0.2597738640354882,0.0
484,14083755.73936204,3563008.3331674067,1008091276.3517158,49594084.22031102,0.6560562071304946,3702.9463211404754,3.826959199697202,0.09639950758911722,6.9113697766583755,0.043353778135328584,0.0
485,79591.69310346142,17720.145180525997,8677338.430664206,319980.83888187737,0.6245168276214109,3777.6822495095576,2.6100094362971484,0.11544873691917293,7.787362814380396,0.2711082740256494,0.0
486,25076.1376757266,6939.731227993667,4289867.252141104,111608.94950022102,0.6911186413228179,4001.2884040526123,1.502139052300133,0.10719011234472423,7.636691976570278,0.297854316312485,0.0
487,15622.2979237652,1953.563455629685,4076740.3708564625,89459.11004637336,0.5643471310865978,3790.9917932154763,0.960413007978897,0.1696489737588859,10.97474052423824,0.03675775425354759,0.0
488,24328.834528025178,13728.42649772898,1769497.7837117675,60797.04969175729,0.6458828609471525,3517.4687091760784,2.326811332801908,0.08214921436396558,5.973368939932307,0.5633315516699563,0.0
489,2427645.6029130565,755423.7149756287,44096130.57843299,5610337.878002918,0.8100173328894448,3985.045382391839,6.33529260447422,0.19589101672230386,14.139501965926547,0.12042535553371987,0.0
490,127705584.06583719,14692926.516635563,15887823193.05751,609764514.6494081,0.6570402565610853,3905.3736218975837,5.507831898293593,0.07288461025255666,4.811601314374312,0.11087526474601522,0.0
491,4163.618081115775,910.9225175445321,1050577.0629561276,20765.53823701008,0.6000632816265041,3770.9086872334187,0.8555044543029635,0.09820964985666229,7.132451338293551,0.5244079269249031,0.0
492,648860448.589264,182711886.51678395,34206672160.986713,2009486931.498764,0.645337644670923,1796.3671725300374,6.570910613185262,0.055765984898619704,4.028678743721838,0.16426202592183514,0.0
493,2755372.7798290043,182247.47419351124,650845743.0522118,16927829.099302515,0.5089987713029072,3647.664084202267,30.279543133710128,2.1793970899518875,43.19241698296834,0.10755297266227992,0.0
494,59532.93783036445,16607.845402212344,2494963.4096009824,161750.00215314986,0.7689740291372216,3568.0947107391585,2.109637445592004,0.08250835579425049,6.032635194224241,0.17302427359263536,0.0
495,38359539.64505285,7939688.497595963,5423901318.575437,170614891.5062965,0.724797098223588,3206.563456645315,67.33338277655476,0.04539678915576868,3.4222991792524895,0.18142977544543096,0.0
496,55621173.15176374,4946694.924919711,7127548048.491307,279909696.0303998,0.7066302045504769,3656.8292224680085,11.967726286227665,0.08669176572015366,5.742130000445789,0.06700560922673181,0.0
497,31133.279518198826,5300.43528346408,4412767.466477396,133626.19577922695,0.6681330511986259,4042.5483576809875,1.1760029517348862,0.08189579740736415,5.700184832920255,0.3992105909989384,0.0
498,26562326.068093188,2499200.4822794255,4733370710.943056,142590181.83472586,0.697994990923769,3060.3748904384283,232.67524154271447,0.1709425134009658,12.615243228907158,0.2693945207264923,0.0
499,24453.543793416073,9098.846821999028,2103477.6890621744,75662.37213984094,0.6716587893995084,3381.5338454425087,1.4595010526729693,0.12126640874038222,8.653003275594997,0.06460913480316559,0.0
500,5100.781391267943,2220.939242385401,1147091.549065515,22477.579146886164,0.6613967259491583,3564.728515678535,1.129129064688885,0.7696839740205955,17.546926641833625,0.11219193738597474,0.0
501,4276214.495702783,998501.2068703525,311303125.3027047,16032937.727147218,0.6323617583992026,3775.970095274165,2.5926394470352427,0.12883893859287293,8.828188056148045,0.10610079513670673,0.0
502,405191.6926872764,58579.9602890542,31850902.89218712,1631267.1966536292,0.6808590635488735,3565.7530090950304,3.061136564922219,0.19579328464279905,13.809566527332333,0.21736377212563787,0.0
503,1969.9170600648747,172.1826306568086,892199.4271290699,13684.930322973018,0.5734187487962845,4011.195587346262,0.3586658707982957,0.7341096163124143,14.814893382746742,0.19452592765637397,0.0
504,28011.033415817354,5875.819523868842,3550530.2438474745,109712.2141434652,0.7020692671367789,3982.645414194585,2.0360905942002443,0.09275968374461704,6.57022612200875,0.3787358465077896,0.0
505,22023652.255535726,3029163.708775581,2339796356.5064445,96970523.55158772,0.651334470674759,3975.152197438365,3.918505172878037,0.09471218277803332,6.725970325994264,0.1892287211528967,0.0
506,17222600.152705006,4006645.632861404,663558990.3875551,49564810.14425342,0.4768910319056303,3548.0863023309216,28.02478843676834,1.4325075777583938,27.620831093187384,0.18523205716779206,0.0
507,311223880.5561552,291165893.16183764,5435823993.047493,462835861.6860558,0.7651190658616162,2076.138682468074,145.97002200440718,0.10897036189059665,8.00288353044275,0.3408770407858292,0.0
508,5052.761225647465,1084.7811723939922,1377101.4955127393,25961.11805827347,0.6866578874794357,3504.86459501813,1.880435058476509,0.15723772067293976,11.32576445129412,0.22611749577122878,0.0
509,60862851.04719374,11651506.55765147,8339540538.569168,250070634.31278673,0.8172374402562392,3292.7608122365978,391.0931255885067,0.14769014161338684,10.526555946105672,0.44146591898737664,0.0
510,6346548.342660954,1197687.252225959,340013544.9639294,22524274.8088129,0.7238872522286989,3370.2660593366436,16.4699814291912,0.11001667894778375,8.207011623298026,0.24888447245814124,0.0
511,7028.879343962765,1128.1952495272203,1513955.5055035395,34626.62729291174,0.4416430260298262,3842.5337836389463,2.2309277409003045,1.5944939705621346,38.99092002806658,0.2872243910741065,0.0
512,20457175.197517924,4863559.950728502,1024452328.7964542,67544840.55673403,0.7655072631362938,3553.604856466227,6.620996484612116,0.13017033354778995,9.077974835415812,0.1062781338802452,0.0
513,6833.29467812888,1706.5223377406153,1144004.8812555545,29781.806499080085,0.3766522466526984,3726.545122641522,1.2257355589175307,1.5408016814123335,35.3215689468348,0.5493743638640298,0.0
514,67568015.94614789,7673483.230172262,13448421133.470984,359723369.84266376,0.6066447249209191,3826.2031710292413,52.556509253523004,0.31735550960259695,21.580050470641186,0.3641430163356496,0.0
515,14101.329126518209,5047.941789206246,2630565.3588462225,60247.649956088724,0.6604277746570414,3458.7009512111163,1.760620441516637,0.7740124639179596,17.86746724998065,0.3981690853351159,0.0
516,1572427.9934591418,372554.3163509866,65783542.005449556,4843091.051407182,0.746440969796154,3486.9546133233525,10.641969792755559,0.1415437529621837,9.673903980459823,0.12875576473636707,0.0
517,98905950.34301181,15054482.190098811,6925461684.385829,382275834.2820112,0.6370085205308429,3814.187417697149,4.737622997106638,0.06126361249723802,4.564947589761535,0.08683304186974587,0.0
518,18236067.46926602,2560318.984557643,2874394789.0072174,91562523.42404865,0.653001343050833,4025.221939205692,4.174897944962092,0.277257086301388,18.201572957068297,0.22732552353329033,0.0
519,17864955.604287423,4646214.1728213,280417711.5363971,44550816.47488623,0.44047206209017586,3638.083647545947,4.286863746993148,1.5214542417815557,33.71814322973583,0.03622799420893029,0.0
520,31497449.799903106,9065501.840263719,1104592671.0629156,91112521.35809228,0.7036498927701502,3692.81149161069,5.4270482783609975,0.1217895562431683,9.059409564991157,0.3081227012068768,0.0
521,15364.139802211435,1953.7731117354656,2184107.667917275,72278.57635198967,0.10255700223057133,4224.0089755069985,1.6786684236686282,5.428204115220175,88.14009410831198,0.41177702523430687,0.0
522,17693.31612993962,5812.826002211232,1720881.428820359,59048.47109341164,0.7219727159958984,3431.788006976425,3.061747927265264,0.23726080554245987,16.720184664382764,0.057591169472125815,0.0
523,160453.82501973663,34916.966332790325,7799024.155992609,516968.36339490255,0.6885685655614973,3411.357869434332,4.4569576043240735,0.8092254402529842,20.337084394764556,0.46845176514584297,0.0
524,21572.824325394504,2809.5620323899807,3460963.1652418613,103221.97349587483,0.5486066736786382,4156.718209323422,2.3296340245942866,0.2930211187356052,19.861526141285736,0.2786471279353078,0.0
525,7203440.584808131,991454.2039059295,530592202.3189047,29119560.463208914,0.7096180957408124,3655.3477735847428,6.657436201548937,0.11140588386456755,8.070686721417463,0.12440833307983958,0.0
526,790249.1018222194,71967.15687253913,192264890.36968884,4737861.445060549,0.6800198086218523,3613.6639137171383,4.619758176534207,0.18696313507447115,13.525684341140925,0.3218939218704103,0.0
527,28312.24914134047,15636.316563939705,2429731.780685582,79945.55756947919,0.6220682078061831,3454.410713964689,2.567811673799766,0.7714349912116754,17.46995894974518,0.15960851407591164,0.0
528,185565.6018719259,176394.46587703744,4155080.2631730014,268984.731836534,0.7028230761403449,3516.958917332721,6.847753590838546,0.07409536018818415,5.401076604439467,0.29785151247663766,0.0
529,9812148.331074815,1266309.784173984,1086867496.8776603,44815810.36495043,0.47139593812940783,3923.5262242019635,19.577661763326507,1.5225152807522317,33.85902883338204,0.21725378379760088,0.0
530,14319482.107542425,2784322.560119192,954616186.2545983,53630462.34785798,0.6097100753695982,3773.9755653203592,4.54120696592679,0.20840005619710925,13.525163129355372,0.226143411808266,0.0
531,13370.620287442891,3660.5261871508606,2662977.5009572147,61983.33973505469,0.726077622772298,3701.3894907346257,1.1756792217343144,0.07132874905001332,5.185205269759836,0.27959979376745,0.0
532,9132446.969917217,2036951.3319794652,407270305.19563115,29954741.20356837,0.6213081443320673,3906.1010164945264,5.380326448069061,0.13868729348906567,9.83102208384711,0.22615322836513763,0.0
533,5773844.588857913,892093.072443824,399838500.61063325,22019393.77828742,0.6609447722687538,3771.992127444433,5.224584458903439,0.6632082213996853,10.125830181771686,0.15089906845752232,0.0
534,4956162.085020237,478164.5519240064,1180500017.1991522,28974951.690699767,0.7867295608401672,2855.212438266493,15.845116224469272,0.15521310063604563,11.36321123181584,0.3182491240723976,0.0
535,9085.22598324059,3544.204448274561,1872865.5914426069,40346.15809863775,0.6406355179451801,3394.015315547788,1.7291675868972929,0.12167637928372414,8.409249204556208,0.08689637519337316,0.0
536,8511384.4935363,619527.4265820009,2041587492.15775,51909368.69467874,0.711982402184279,3294.937366781406,6.836200329825877,0.10978253261644388,7.738000118319832,0.2717802722972333,0.0
537,16900.27711013855,1865.9495746501877,4282482.480667181,97451.09735726498,0.5988144902525993,3906.4041938127434,1.0368815136237535,0.05621806686785602,3.9491575495237425,0.24274635436009398,0.0
538,14599.085960610299,11623.623846371233,1248015.2826621463,35794.92682621803,0.6586331502552074,3881.220977709886,1.3577081336586836,0.7539061895582542,16.478279006061893,0.31040061684826187,0.0
539,13157.4799121775,6588.060498201339,2485379.5260410253,52979.68331882897,0.678272388358022,3602.717971002854,1.3315503874322894,0.06535466291898998,4.772804972453796,0.051547269830855114,0.0
540,21367.53695593222,4683.349521934217,2562861.7552187154,85339.94539143206,0.49266924072451046,3323.8058865922794,2.2528739324614615,1.6249824072331758,40.02238174369482,0.09511375878355163,0.0
541,253107.45654461806,34195.062330042994,28200931.372390885,1114001.33029025,0.6711559751323045,3462.016317017966,1.367426942579225,0.09513409957309271,6.485290610470154,0.3283606698148551,0.0
542,88828041.71289048,28529250.630350787,2777369791.671754,234843023.82038918,0.6323065339632478,3947.5448732462787,8.484015520076381,0.7234504657992811,14.359515270660978,0.13031647263162519,0.0
543,73021.73494668261,19829.220972828938,13142115.053209698,340458.1159713216,0.7248002072104615,3618.0042192951314,2.596639915774205,0.12200163994240283,8.703017696777428,0.24537387739210528,0.0
544,32451378.114586227,2389980.3568800287,6350682461.801787,187544555.03539366,0.6698924331193831,3736.091226032221,9.380257025292527,0.10789999445398726,7.57827652350309,0.1980501025576772,0.0
545,3320.1270680369576,374.71568530283196,1439401.6408736482,22303.509767658008,0.6873949380657705,3583.271148678169,0.7550076682442033,0.03903288556761879,2.9365974025249444,0.2119736218618383,0.0
546,455795.0017158374,33593.341915751706,142829839.55307847,2967202.138884958,0.48770503150051214,4048.9753593469895,1.9502312142802194,1.4947930117798331,32.064194677340865,0.2765348535719123,0.0
547,10649.443466283137,4113.403492283321,1688798.4827224694,41207.22635176169,0.6839700664756226,3500.8790068291178,2.114966496446167,0.13094781892891846,9.224998236512066,0.15004074423383976,0.0
548,3915854.2124610906,276890.8949894286,798099570.33442,22918546.064760283,0.38695193946231166,4056.7540451844907,14.52735644041727,2.1106830734708013,39.19373103687498,0.3020386759902084,0.0
549,39530660.62378787,6921118.476462485,3152895246.9530444,158301426.22709724,0.7130679704119469,3581.916147107064,9.274397818583639,0.1127712120176481,7.993375478776592,0.1472404884781293,0.0
550,5116185.689102596,1525651.5539970668,260083478.64783224,14981283.790096458,0.46494766452583336,3704.6785466346846,9.752667276369618,1.518055552405625,33.555949820075064,0.29588129567192406,0.0
551,7781776.280917168,1789938.013271517,496163502.1429566,28171087.88318934,0.6706098962451308,3724.095332044395,3.4129200402738737,0.0900248260667353,6.6318682009844565,0.07632727188258549,0.0
552,1263597.6726542583,80969.5320297774,317918038.4838431,7915879.354061698,0.4955426854110538,3945.1841132191594,9.763903139823496,1.5475393965983315,35.97267793296306,0.2568066065082445,0.0
553,436979.2411935497,33933.9525728957,123931833.37123117,2746067.206004444,0.5255393879762227,3659.2540035095867,2.052330944505244,1.4804990455861642,30.80295426685486,0.2884772929671852,0.0
554,38053749.95024793,5044167.486380455,3556539565.6016006,158720839.5842927,0.7152040746197528,3065.147057566139,146.65035207017308,0.1541267566800572,11.445443924415114,0.2619664856885801,0.0
555,4749904.393082032,542347.9146317802,548599760.3323567,22288948.081087347,0.7388404343355693,3619.5852184517703,16.304645285890658,0.16594155205831757,12.012105661129693,0.17326258869394634,0.0
556,12095225.47378349,2489202.0509141325,1093470755.5133972,48457363.49725403,0.5224538130797305,3230.5871596464394,43.0537280170294,1.515819648848608,33.64245030349897,0.17617234180729555,0.0
557,11796.241578046387,2313.959573428988,2355670.9990561674,55945.62572458637,0.6264293921264862,3483.9144470166466,1.761891840202949,0.041615504724614547,2.6351769251468227,0.38774431264095166,0.0
558,22762353.775822088,1915648.6453384864,4981417299.17426,131005160.71462366,0.7537535415140618,3343.624726799869,200.42207351392145,0.15796101061132362,11.346208246943652,0.13355643599718994,0.0
559,23657.498023122425,14085.961262353036,1957563.872345493,63703.58172769286,0.6619517741690706,3386.74996490391,1.6375967228969386,0.10389962096166228,7.646853691312363,0.34085787279499286,0.0
560,25175916.128588963,6548448.713026015,1382082123.3306544,76995867.81403162,0.7440876047740339,3488.944445604984,83.9821550628204,0.12351737651853263,8.881627607957222,0.16154554688933703,0.0
561,14152.191520470791,2631.462747558503,3685361.044481573,77538.11268552014,0.671132675550388,3525.286376058915,1.4863878522226437,0.13523274772117383,9.273836090052665,0.37369112555977824,0.0
562,98248824.50042671,17110413.640142318,7543952725.109439,390254559.2070903,0.6840302471790247,3801.0654922067865,6.74563871807101,0.1621775311664635,11.340377007082006,0.25131989446573094,0.0
563,507224.077936561,118991.89167803871,20083540.29726211,1568688.526325422,0.6806988969474669,3264.798998251402,4.626004398301388,0.16190043324653497,10.673642131184723,0.1622194726104145,0.0
564,16281397.559571823,2859016.0001726476,831207416.9777243,57198374.74119228,0.7075047951936283,4123.998626827093,6.47051952509189,0.11287817059439371,8.207445138946486,0.10930144644861621,0.0
565,1504702.0522266496,514078.865229965,26567561.228767313,3423405.9177533323,0.6984332353268934,3469.132348088563,4.051158746614665,0.1534290804026699,10.808106515443779,0.2666874126021997,0.0
566,79641049.73578182,9517475.81003446,7026944998.411471,341013336.35115504,0.8117623059867192,3306.511962487328,250.18812459666333,0.20762228827912477,14.725804643146898,0.2992172971330745,0.0
567,8652124.615210388,1732045.0249096472,228088212.9385241,25347327.57801216,0.664776085319143,4148.631180093799,2.5451974881334265,0.1316149287444662,9.39665834840787,0.06644689009872656,0.0
568,19675589.911795508,1363549.2414471023,4583349893.350091,120398500.4591432,0.5634121714435093,3481.3517432833423,37.71845383859926,1.547870410163043,35.252380225331514,0.2399346212867719,0.0
569,1687358.729667107,129092.29939203407,588080538.1803887,11531249.1284897,0.706923486902252,3770.7353425353494,8.011772329631892,0.10853674193684988,7.932746244829659,0.38325002708278505,0.0
570,159378279.00867227,10441869.041268677,37844163483.88487,986087484.9661793,0.6358743593564853,4088.8355339340055,45.732699107532525,0.75817232587882,16.582271639924876,0.1564267256088669,0.0
571,76652453.33514866,18634105.667132583,1301790059.610916,196981478.36808172,0.10120717532697573,2746.7264972167386,3.6574031831367524,4.195065035336709,74.62120930641349,0.1589320067847883,0.0
572,19520392.21184106,5960837.972654026,1456065249.2558155,67480353.28347746,0.723546073577978,3354.6689022464707,5.7800979438934865,0.05509312258636241,4.115065966309371,0.2209399774267567,0.0
573,8135.025685074627,2547.5326301714354,1549109.6877087825,34953.6054836376,0.6508480928871612,3223.269926299041,0.9872154356676632,0.05612696812139832,3.9595784363432798,0.40831662587135475,0.0
574,4750.472501302522,831.4848264178436,1257650.605934069,24937.122668438027,0.6413692003931455,3476.922376091128,0.9675144734430272,0.08125357873194713,5.8783471885500305,0.16351419853101834,0.0
575,12092164.726298526,2490934.672295738,509166288.07411706,38022741.88413189,0.14659345329732892,3355.3546572255373,76.49003850516063,5.5445239778515205,96.40976494736894,0.20651066964636824,0.0
576,17207180.829569828,1603539.288542887,3362187043.6402063,95561595.75183395,0.7804656654780071,3270.2386560860814,93.47223399866421,0.7080817605321932,13.02515982076083,0.18085716725906265,0.0
577,3601900.0717633134,528836.6600795623,171299633.6072802,12994259.252169825,0.7245812672202284,3853.8942621905753,7.966306142034065,0.7781400273540434,18.104743464415616,0.33177228828279504,0.0
578,120547.65005999684,24106.092571440553,9468610.074424524,432271.47645013995,0.7727252920651477,3363.2524573854075,4.47744295552568,0.08512524048189762,6.33590349270832,0.27843348873489615,0.0
579,5502035.170787981,1077574.1301134985,204906342.3587624,17445001.744651087,0.6848366148819242,3776.9174865871432,4.760544015590274,0.718295617684434,14.072117628186266,0.02450760578799297,0.0
580,74989014.44175878,12407463.242545845,4495189502.295913,273004023.65168655,0.7220041395186807,3717.391753516686,150.7396857741287,0.24269949990715514,16.7439484870605,0.20443852815283126,0.0
581,45690965.708315685,4227603.228255857,7220403136.6162615,239624321.73418728,0.6320689725079733,4185.815829031498,3.708909864692058,0.0791740076717656,5.845095841297568,0.1664927357744352,0.0
582,48195656.12539311,5415083.367806524,5035355909.637858,218783430.53309837,0.6780456122439812,4089.2229590446937,4.183389290988526,0.10045048183135927,7.324748295177045,0.19930741384272413,0.0
583,40589268.11602272,8794624.082393747,1562498674.6344028,122061957.83436067,0.7173408343567418,3205.0030680262876,78.01190133580127,0.14911195350399664,10.588908454228825,0.07986676263694421,0.0
584,1050944271.4354694,255561159.92268857,38020004631.75185,3081410986.744551,0.772488811124575,1979.271985888142,16.51868478155187,0.10339621330051747,7.377760150469777,0.14680932542217037,0.0
585,6487342.114453206,525051.7882699566,1030450170.30931,35019327.64848049,0.7456010178394055,3869.920732735992,3.5630966618773563,0.07670925829548034,5.49925517087144,0.16408864102635168,0.0
586,9581890.329369804,1199865.4434654154,794180944.7178079,40390623.58409352,0.6879952437599072,3788.1329818632803,17.69146357170078,0.17370234206618881,12.150197139491256,0.3515332669860587,0.0
587,500393.2054240213,111304.75487547815,16010561.490340438,1440924.7697528612,0.26641281800320066,3510.8854120234864,8.035706751113171,4.127072052308233,70.04062230579922,0.31655340170803775,0.0
588,11080.525494075187,3159.3500933477285,2313363.6397528676,51010.67508441043,0.6691282214496205,3602.638617174052,2.0282655660129505,0.021082037658211216,1.4304395223566986,0.3029856293647163,0.0
589,63646185.12289344,13271866.746323721,3657983259.0354295,219317493.07180724,0.6031893996836863,3942.68703562304,4.738864308699257,0.1336840889358119,9.873436964842085,0.26435624825697046,0.0
590,24704607.877550997,3266472.0606120536,2342402858.558658,108213194.4283961,0.518927674921678,3297.003373630914,85.71751552953305,1.4966442572699001,32.082177174961394,0.10450137432826952,0.0
591,82207105.56489372,12429263.80433022,10918965870.815311,385526273.43428016,0.6966530638158218,3428.712687395174,47.40494760428261,0.09318909088415275,6.8203532564309794,0.10270906105498182,0.0
592,50278.47769783482,47767.741403452455,1116940.7139732917,69107.09197267785,0.446710303476192,3688.171254204986,2.0627896556962053,1.6114073422119035,39.7663440571553,0.3284323626625844,0.0
593,105166.96578834958,38216.876315944755,8240265.520477739,344203.5408560503,0.6011350724964349,3466.838661365583,2.2455242381103475,0.8968611786463075,26.508618299210347,0.06290049034119333,0.0
594,10628.982646400289,4713.329919003762,1797545.7624265621,42812.00570796533,0.6427689336890257,3520.6756453905623,2.3329884362959215,0.10760567262236638,7.908563032529133,0.2746394644928629,0.0
595,97525.45347821509,13653.926075658625,11819103.145955317,432114.30788785464,0.6098444823892737,3837.815441526346,1.400662574459543,0.06274601934966562,4.498812265121048,0.1408301259381702,0.0
596,12308084.690897439,778161.2592480275,4639141720.021117,85913924.4807488,0.664059192830426,3311.354351622331,8.210632662057613,0.14203883513877438,10.180917187036389,0.44979611396675767,0.0
597,6583564.80389542,756984.227096299,614792822.165802,29279911.114533883,0.6024357383234992,1676.8007662954458,51.951712745063354,1.4573872677485042,29.489925213780378,0.314111945568057,0.0
598,12886414.642907698,2129201.508066149,1130700622.6450653,50475177.435294725,0.4271884495258755,3321.7838043713073,30.770952275284802,2.149702039703795,41.485586224208426,0.11426948461480237,0.0
599,23098.872341516057,14186.59648217772,2748449.05802981,69461.71305552914,0.6244022823552414,3449.092876043146,2.9147703972957943,0.8095049456513369,20.73186549756283,0.46386601630604135,0.0
600,29211909693.617622,8146593476.254041,1168951474520.4077,87153494814.51855,0.7017800002024925,318.32146777569585,24.713282557505256,0.23559629245407931,15.153060616012379,0.12156488732370403,0.0
601,37878.20612192423,6735.643037356963,6342209.934619702,182917.76301340197,0.7343221971098001,3664.754737937819,1.978962829968419,0.0914941680115641,6.390934135097301,0.35178198725088156,0.0
602,12052.204690356753,4412.500245372181,1600552.9083865874,44435.09400826022,0.6686706029879785,3457.181956283588,1.7994820287829452,0.053641609210582517,3.7871861329280265,0.41040874865469595,0.0
603,27483550.840081085,3040625.3254124178,4499823874.777668,145166377.3961466,0.7634750125397972,2859.4483320089857,128.6027348522932,0.09068221625840849,6.759137810273243,0.22604771365294046,0.0
604,70573772.01552609,15116945.660634875,1673065425.4728281,199242769.3048008,0.6108728696603147,3840.831040117412,5.672205026132127,0.7904212907678904,19.36066048340782,0.04522663858075301,0.0
605,16017282.465677788,6871068.509311007,347520459.72962344,38859387.35008075,0.6767911411152538,3709.064017543909,5.536344362949356,0.14452249244107912,10.17886633366278,0.0525305542800298,0.0
606,21070901.868409436,1460944.754041691,5120393446.605073,129611207.49108978,0.7734577794781434,3069.1017637476702,33.6179369515251,0.09860224386310304,7.070971911520512,0.2732929551726817,0.0
607,130622.25783274513,37153.10118896181,7945645.464242741,415237.2510839119,0.29113299139026066,4011.0850474213785,2.502190096985417,4.128311563280929,69.86960762396444,0.515886540987042,0.0
608,12385.17311707138,3622.2779202941265,3136782.490198196,63372.44712692583,0.6241121805875903,3529.1327361680906,0.7418294450438465,0.02609740343576128,1.9104417497414545,0.5116571355642608,0.0
609,15006932.01644806,2419219.6971420157,1754676843.9057422,69262817.59485069,0.6480940904988148,3707.021336448489,2.8311205511556263,0.1167661814525018,8.243632916768538,0.2274491732458155,0.0
610,1947739.7412037975,169909.59948864483,396155689.86496484,10959130.880424725,0.6310841233546733,3607.1286711504035,9.85398785440616,0.18723377704597963,13.252732052216572,0.1609334846502037,0.0
611,14150311.299919138,774533.5261071074,5289266276.538698,100904324.35575278,0.49041191549768853,3649.168648957774,17.64628414868339,1.4335584947640745,27.627687038361046,0.42182147810845144,0.0
612,22263.80759453194,4013.663867963553,3514785.560493064,97115.86820790087,0.6511166836030473,3925.3456889259287,3.286067028254359,0.09257857212596585,6.715143626174125,0.26020498794103863,0.0
613,12743.687854970553,3909.842154109475,1787182.5225093216,49595.54377866343,0.6510100217924139,3960.5248386970225,1.0614385490860208,0.15173206721788982,10.29701635426641,0.4376281892501214,0.0
614,1098557.4926889136,262789.82335304306,21108063.153103214,2890994.3049120056,0.31453174501107695,3236.766962206316,9.980274216234381,4.1116080464519795,68.96392548564043,0.4853356885458532,0.0
615,33049390.780252546,4734589.61521489,3089682777.5200925,139583170.84082896,0.6423386580035436,3549.147404662701,68.87507905115471,0.1418571884136627,10.370238742183481,0.12038825109847588,0.0
616,108436386.83445947,17623240.113828737,8017545902.149646,417532462.4649237,0.7479896533600625,3056.7315569031125,191.5298887460997,0.09090193484223077,6.562054361903437,0.23418592481436926,0.0
617,68892240.20281251,5417760.773636313,11557718313.07387,378638991.95446014,0.783556884703595,3672.6064145114037,206.5907623912676,0.296991294300606,20.172101611635135,0.19438862221850534,0.0
618,873879.0977364278,194065.4206607105,29991632.289779127,2601210.4397275094,0.5182202263500011,4033.835249634305,3.4802064423258265,1.5319102067889747,33.67370081536747,0.0603946584531149,0.0
619,27649282.859034043,3051533.7564468207,2774926368.7700624,125134477.26807907,0.6310514020777023,4172.959243877148,16.597425705765986,0.1251536108944861,9.43924060632131,0.22206065407499384,0.0
620,14836957.580851113,1341982.9203375713,2554267950.18649,81240797.65088677,0.8468356695420993,3244.26449973916,26.6283921586428,0.2742575358104988,19.643115288581054,0.18790145548839518,0.0
621,109010219.21126346,36812774.69359314,3465066095.0543494,293374289.728332,0.7267403712724415,3487.954655229976,13.506748731735643,0.15573387304453234,10.816492843124937,0.08022165573926895,0.0
622,58073316.13108151,7903170.884586088,5169055071.505418,242917087.2733891,0.6246348768435231,4197.275375506228,24.00235725859084,0.13868126465406344,10.114648765619883,0.16478920621267903,0.0
623,31809149.132719617,4438164.00979325,2246712157.5956235,125938463.46707377,0.691756092673426,3398.9389846200197,93.426156666385,0.11279907103159807,8.240595307738174,0.14885152179435684,0.0
624,7542821.260035706,861831.9828893403,997334179.2924846,36196764.006434664,0.47420309767939395,2892.1078184160874,36.311503017017,1.5259066657841338,33.701650003395756,0.3257130843655456,0.0
625,590294005.6038369,67090791.19350682,83912922309.97073,2876548938.703848,0.6591179391294446,3649.506923875056,170.28400940378276,0.14845716441588408,11.271942280977424,0.2553561787010143,0.0
626,6595.805199164953,644.8905867877928,1807972.158074237,37986.591151654364,0.6162027870080842,3809.0058857195845,0.7056832652886119,0.191599615375653,12.384894551803859,0.25404624133451675,0.0
627,4139779.2051730193,712512.7083944536,296770034.2697536,15772002.866791222,0.6524420299537931,3577.4193205451274,3.2647997124171444,0.14535740202923933,9.921309328855944,0.3025015379448309,0.0
628,2230.3990640535885,537.1186002496877,589059.2042054594,11434.337930419406,0.08388886153684036,3683.6296263677255,0.932440349844187,5.462849250329248,90.66639199894053,0.3813821738847278,0.0
629,78524.50232217863,75241.14996777516,1998812.0930456936,110762.90394897759,0.6740100209695947,3710.345736101764,1.7112112006793385,0.8109383700313686,20.182383867037125,0.204074523790918,0.0
630,53814648.81472731,11189681.802366305,2748949130.954397,185626605.5403047,0.7835837129346768,3592.762201177936,11.557299218727906,0.211103419315042,15.188215525047582,0.31475189480290444,0.0
631,34096924.81756322,4279602.580625791,4170123768.4747314,157197216.03727368,0.6629114985472877,3564.6558928229106,5.130254280931245,0.07908193475858098,5.838794554696321,0.10048775342109607,0.0
632,2169065.252529977,607249.8375566417,99911149.3907934,6394188.699590907,0.608977478671656,4148.913155978327,3.668414286604276,0.8293572794192755,21.082997170212636,0.3281055256356488,0.0
633,35183304.538177595,7308629.127527336,4441117820.126378,146662243.66969547,0.6579670471116565,3740.767622277163,15.526583383381173,0.7670317810764924,17.7396073830136,0.3234228733100803,0.0
634,7648.747969524408,2020.876496909533,1290798.6506478633,32319.68923045774,0.6594442154776826,3505.9332960918987,1.9108548732913115,0.7898879659027274,19.06580646615962,0.20782864126551676,0.0
635,183928028.2579413,35403627.106451675,8440650773.847818,593314082.9071951,0.7797605636081029,3329.3505677588246,78.97440681040796,0.20823254821523438,15.206844222899893,0.3526570211202451,0.0
636,38214498.620952174,8720516.489494175,1946983292.4628086,129058028.13560776,0.6892343074247747,3785.4551239907187,13.12238851385988,0.10848689626477644,7.879294822232299,0.1202689392726187,0.0
637,2521.1701897362095,548.762830274493,1046016.6725205395,15997.684784684878,0.7523212277379268,3971.983276252421,0.5789660035315493,0.10602056666969713,7.7908930829879735,0.3064548661121248,0.0
638,22924.31284767748,4088.250665784726,4804402.540109091,116585.78732790149,0.6507336883323441,3451.2843594265114,1.7608675766852113,0.13631949961858308,9.266219096227882,0.40719259179849704,0.0
639,329622445.1261717,28613261.895260252,59312070512.22374,1806359718.0789502,0.582765795419249,4045.9546452338445,5.425911507691128,0.08134119456274372,5.820181931258274,0.18246014389409218,0.0
640,6311.0628793148735,2732.422083082946,1269116.7033226422,25849.971638200346,0.7295878777151469,3838.973306347086,0.8688186520634289,0.06737910588925553,4.835747941196077,0.09297462005878508,0.0
641,7191.843017532968,2223.202704139692,1302322.226919034,31280.95639873524,0.5939146762822374,3399.488718128605,1.017925438771383,0.7681253006660529,17.442421311240643,0.47586511123541125,0.0
642,9563.30153737013,3520.1595533839018,1476287.427045468,35447.226412502685,0.6384217479557337,3735.8321883469393,1.044463988584783,0.09209993582280421,6.711634778809765,0.2947016055464485,0.0
643,67512.81869678738,18224.36066992845,3804897.372446186,198760.56252951437,0.76922228776429,3443.83384783361,1.7214167357052743,0.018989960348478795,1.4422633090845678,0.17743779389867867,0.0
644,72066273.36687627,10767466.657568581,6155217582.719542,295502235.90223277,0.6609036635817369,3890.2426114395334,7.437246510914518,0.13127592582322975,9.435499699857667,0.14143053648440418,0.0
645,811.2458523549377,51.22136852423345,450578.8165359092,6262.820860482256,0.08943740294239907,4106.856392669375,0.6714922155382477,5.454634000411861,89.89676137172819,0.27070509547967925,0.0
646,52160.10590291493,35465.208465648415,1510353.3161873969,88768.55538939856,0.655077888265901,3531.051226597728,0.9836631651752389,0.08734770590884855,6.301579209876644,0.3438456010479573,0.0
647,27164705.62440155,4015019.5257832548,3541633883.864559,128267604.2622151,0.6317326666801553,3755.4904112608197,2.649160151967957,0.05085522093775348,3.743582763363416,0.18270606907681627,0.0
648,727563067.3944466,249606826.91684952,14524082278.415054,1679422004.514798,0.7240873649249583,1776.6021299551176,12.28000073192182,0.19357853682885812,13.929035267649192,0.12735940878199214,0.0
649,45828.960942270714,36087.053285389986,3214678.802533029,104849.24971905579,0.6571956160412846,3252.1073461201813,4.260640939870703,0.14101397007686556,9.353190383864707,0.5445777831574832,0.0
650,561630.0277379344,99856.94858541188,25960491.84263088,1879422.716341062,0.7399425042874871,3709.1140568725255,5.625272225686355,0.07005575408638691,4.913581435986329,0.10360518496083435,0.0
651,43937967.0260041,6696211.943548291,3983428339.056909,183078614.00781584,0.6695623140347565,3537.953630517674,88.7814476194254,0.7836984737697856,18.570851504175533,0.14426034984455285,0.0
652,3005.021171833515,235.70318547403707,940490.0749688819,19150.821740746196,0.08233106596233762,4106.769271336024,0.8088259205130426,5.453191298016714,89.56082380869046,0.4140948882207618,0.0
653,10236.49080561668,2159.03978181456,2198305.6909363745,50042.13381578958,0.687446751833734,3704.6211748222668,1.3840786617202216,0.10271114874951941,6.611644957337964,0.16814886337445742,0.0
654,42884121.45707606,9307404.481781352,2928920195.18714,158234111.92941865,0.7562526980594056,3005.948310619304,208.1574094499421,0.14303312505346036,10.419407059080825,0.1311005110429855,0.0
655,32399.757508614828,23845.199253692826,2082271.2549445112,76516.62321965615,0.6449344471566459,3361.026745139449,1.68595838623794,0.09133967482168774,6.151576661127519,0.2160128580436942,0.0
656,9520948.155827334,1860338.6121648797,535665014.8012991,32785851.92602089,0.7734816218993161,3119.9807673570904,75.28870572857036,0.13206397275300538,9.48141171564427,0.14753157171723727,0.0
657,5341.912934384714,950.2925974534946,1439587.6505519554,28324.008729025187,0.6844486075803193,3437.4130796282157,1.5278570865764634,0.12916186542187677,9.206697938701053,0.2667344368056019,0.0
658,12309227.583822895,964164.4453641649,2428769723.159275,70486742.62529694,0.7530826999801706,3502.3754214551664,98.72127735751478,0.21505033411339003,15.789291295661908,0.2317061306011557,0.0
659,6443592.929323623,619326.8195109969,716960506.7998738,30887966.61839507,0.6467943242629167,3709.0537534464993,3.9543773002440603,0.10307922608103252,7.389893798291032,0.1393183081964757,0.0
660,29348583.664344132,5449152.307108084,1978698577.1816921,110591952.41307183,0.6623333304965066,3713.4467632430105,4.421237120328264,0.1547405048687561,10.703943611745627,0.2792082937157107,0.0
661,48278010.0026011,23844112.933959804,1893770994.2921627,113273123.2742408,0.8030503979899603,3196.8801123801118,107.5035658481092,0.11882644270824257,9.059279218103876,0.1914795106235583,0.0
662,39707148.2763612,4616531.117651016,3948301291.5568953,177535772.5555433,0.6614435754495174,3639.0029681285505,3.8309177608336342,0.05924976806395623,4.111709223539819,0.10652144661139674,0.0
663,6478.6414185818385,3597.5072457958595,1232690.9915982906,25066.779490156943,0.63953401156145,3451.2643491879476,1.1805290152851622,0.09667991756920209,7.101473025281504,0.40149273354777754,0.0
664,1189519.1503120414,92629.54545889408,241206135.58476573,6869410.350576155,0.6763553148454642,3719.9723441455853,13.759186187598152,0.11395613660007671,8.097627019625909,0.350843111674052,0.0
665,11318278.616138017,1454700.9902993087,1868328155.9422538,55809708.767225266,0.7140320665930482,3100.197413753991,29.364828930335,0.1206841589303731,8.455549562193658,0.2775057507296585,0.0
666,10067.873364491035,1366.8088711161247,2567169.530845242,55575.85085335203,0.644169686300307,3959.715838146309,1.18607972949611,0.17224759247292082,12.237877638187056,0.25822141073326627,0.0
667,15263693.478950584,1859888.8463203583,3159861013.545663,85373166.34633514,0.22656994680751136,2818.4397145611197,107.83980109806788,4.139579344425425,71.40892471736996,0.20632365664442814,0.0
668,16411.505134774165,9040.891107086023,602295.7541256894,30195.35624955003,0.5741389591242264,3032.944344836741,0.9641898342304319,1.5569788906412239,36.227898906209724,0.30062315492927205,0.0
669,26088728.368073862,4324974.195872049,1456306480.0461087,91506227.45046625,0.5249641455527526,3238.3188385924327,37.27011685680448,1.485646466933182,31.347378721302768,0.21433727076091438,0.0
670,2676.6892618213233,350.8127092101564,1100462.5382973745,17625.4674141089,0.6491400731259904,3896.776728593306,0.670189680255848,0.1259825168876337,8.632182316041542,0.11535484948238596,0.0
671,5223306.127063047,1082072.2343528848,272687719.2868819,17713187.11902314,0.703482567336321,3581.8064365321916,4.379365581884983,0.1553050321537522,11.114474246763084,0.3364580286548378,0.0
672,4196.938112050421,555.3511945057807,1652793.7693944352,26856.408484610187,0.7278611086390389,3929.423735752387,1.2766368530295475,0.08335674204879018,5.79248811016898,0.28489881743401274,0.0
673,27138218.72659892,3696621.7433933346,2239492381.585645,114321299.62591965,0.7392632678764826,2856.9969174030402,58.39661720016993,0.10764796860626787,7.905687349443754,0.21533306138700328,0.0
674,8751838.677375812,985565.451065061,969028313.3121713,39968863.71631287,0.6686939860054883,3972.381552946408,5.643561535771856,0.10680986871400266,7.539330998585539,0.18908319823303318,0.0
675,12567557.931845171,1539749.7420115403,1142885838.7679806,54515844.19945812,0.5394550174203927,3115.4503047228773,68.81250750426325,1.4658837808479217,30.092036098951176,0.11897665393308063,0.0
676,24601139.343740173,4797524.753912988,1409564083.245821,82882596.02974387,0.7493267872805774,2897.840946098766,81.16224037267803,0.15416789612337195,10.967393030778817,0.18883409697905718,0.0
677,8970.835859026362,1052.1120840516166,2183447.3177796006,48131.20262414558,0.6452248802457063,4013.8871876890294,1.4259328959355335,0.1359954217142441,9.378047551325013,0.39642222800957666,0.0
678,4756.795554082086,639.2195817667485,1473056.6610223544,27436.987980391285,0.6231992943857165,3739.794512314532,0.9346173134023757,0.13898263095888125,9.871390299666237,0.5804213554657539,0.0
679,52251671.06082511,10661918.048072496,3782822798.8344507,193351178.28961515,0.7349336912592463,3196.0459899736443,85.48038370535241,0.1720610433742494,11.960563227266437,0.09880452130707702,0.0
680,29208000.050495528,6624656.073325386,1091608392.0781562,83987714.10887723,0.6601828835030832,3775.6233744745787,9.674338600266868,0.18133246421254148,12.738026660177868,0.3179046489176203,0.0
681,9417.67697929335,2023.6214235393036,3151624.5526953447,55464.45260122638,0.7747206085611416,3800.177341312773,1.653230425233749,0.07646574044449803,5.189703766744396,0.1798420083622331,0.0
682,8525.577911437334,2157.8844470561116,1600780.8785096542,38063.40533654681,0.6347845603763289,3688.7748089864363,0.7307979955158628,0.070986111224879,4.981773379261618,0.07870246086489247,0.0
683,3628.2668623239724,1123.4528255406608,1200475.3460291168,19904.707427582507,0.655222479968787,3345.379828870793,0.714747382901864,0.04011893558439592,2.75500528112088,0.25195712515592145,0.0
684,6944.343182149937,1986.4111774536195,1397146.0749881135,30663.302664067574,0.661990424993157,3499.968304045124,0.8374815125193029,0.08089238831969822,5.545116991757936,0.41205402158326554,0.0
685,278585.1254895762,40675.14607261252,22313764.024028067,1125837.76108308,0.6875239775757604,3728.1135411953696,3.1568038158986167,0.16917810121144639,12.115164117088685,0.4660500316384403,0.0
686,66597045.11705627,9667131.126346206,3667138261.1310387,247293470.3182037,0.6704682263074897,3992.577627707361,33.68778728391147,0.7382799114075158,15.507408031553553,0.1678200421732337,0.0
687,52660.42412949945,15550.90680496573,4641756.345588303,170547.77021453722,0.8320613023272149,3223.291297951034,6.335890510170825,0.07603202554162687,5.639247786370644,0.37127450509583515,0.0
688,8206.713566073948,1543.8764235694568,1776003.9473557905,40260.13235544822,0.6586703635576424,3740.5097755452166,1.131178606448028,0.05701911755073086,4.146745436057278,0.11231702135532395,0.0
689,16522928.071198363,1187663.0510321823,4214917723.7015257,103130909.5930272,0.5062655442981608,3036.852236930465,42.76787161298936,1.5214886787000017,33.92412844099887,0.2764683157025592,0.0
690,132977.04545010635,36883.13680888367,16943778.650225807,528060.7494470567,0.6376152221029484,3690.1079484929974,4.365779160137558,0.7515040905010275,16.47956047244655,0.14298696990737014,0.0
691,16894285.325577427,1125765.2593875998,4884785838.729657,109622821.4775238,0.7076538497160523,3271.755713211971,38.137027003612495,0.11030269555000141,8.082180142207052,0.3186191938365614,0.0
692,19744275.009800464,5238668.002826542,777987998.3574003,60924758.00917421,0.5354065182178145,3031.0873976785733,62.60492781326016,1.482858475054489,31.147473035854397,0.05019428242580731,0.0
693,9450.004062533988,5907.269564147523,1216463.7860081482,30284.445125728515,0.6163463462565154,3690.346088069807,1.4637836137428517,0.8278449848309164,20.85809348680305,0.1180637693696247,0.0
694,208369812.92095503,36642427.75479956,11761007176.420473,734461173.5442617,0.7054665774830433,3652.368748696649,19.55262667822207,0.22430970845878323,15.347278049632825,0.022343901984359905,0.0
695,3775.8676264906144,673.5728331961689,1273006.5012951312,22014.762530783522,0.6359298813072372,3472.7925917287757,0.636986153244795,0.050125894742809596,3.7006200298056244,0.14892759847748246,0.0
696,9804227.169965187,1253769.5366876796,998842132.5168766,43903690.53574163,0.7272802097054905,2678.3327777812847,79.01198763162212,0.11547298621550653,8.07707287034384,0.27737567392831086,0.0
697,15364200.008444691,1066236.5579917529,3871297961.221682,95395990.08443908,0.50797335273888,3472.3755011033754,21.354876857737963,1.5026216460863415,32.54659976411463,0.27614526086097047,0.0
698,65967929.059867546,8339007.18422916,7772436891.607798,302480819.26894367,0.6009765811845809,4048.481815802703,3.684229073741155,0.1678504264000674,10.75165963864976,0.054469038718198255,0.0
699,9543413.56501266,1333787.6249079772,1247292604.4277997,43711093.606649175,0.4620444763392261,4181.385030830017,25.975553144518145,2.7911558959127896,49.542320946169994,0.2567719739016418,0.0
700,3592.1189020541665,487.19428491072847,1377339.3651350576,23101.805316271588,0.6154789360960955,3645.1689777710835,0.7172648874002042,0.17018637654369462,10.817309513985046,0.35603577087172356,0.0
701,41387699.497012004,9625186.406566756,2161051443.961472,138601278.29976192,0.6644763253714889,3752.5168692361913,4.828952585706522,0.1273576474207685,9.027556876836973,0.17081614694610808,0.0
702,98270986.98777628,9596966.276264582,15058539236.276007,509115119.5762638,0.7142248805271528,3484.777927138006,41.32879658932273,0.15980397419613396,11.639662329905772,0.2172652181120233,0.0
703,15593.039511633116,3525.6962166441153,1592652.4645516297,55040.41823390138,0.6851677909767993,3841.7423027854975,1.1193694513965051,0.1566890230879472,10.466662667110713,0.2046194075762756,0.0
704,46465109.40845906,9805672.534260014,4137576948.123751,182444331.84093758,0.6828527607690843,3556.2024050892205,5.529123332314108,0.05123181226948255,3.8592290480732006,0.15282174942165522,0.0
705,24556563.97674722,5164736.1749043865,1039460996.3799107,80938511.29029891,0.6356142582686383,3551.6343001228784,4.858730893807232,0.12063060069685605,8.774681963545628,0.3351588702628664,0.0
706,428205.7945855556,107235.72340849838,9181439.696830139,1093557.692032984,0.4823592616940302,3762.405097889944,10.8894337822367,2.223877245784525,47.00155069919498,0.5282205370569535,0.0
707,7622777.1195361465,794125.5439546646,1172302335.5386965,39054899.87623981,0.6678758256219428,3963.802828110777,4.952145695685062,0.7583653101773333,16.39734046840298,0.31653289734646706,0.0
708,4997557.5507212635,1111912.6346665206,281957087.37838674,17084231.33004757,0.5495953102240447,3125.669691055142,22.03506595466496,1.5739374947455462,37.95554438973716,0.1933285162519645,0.0
709,3891.880777052678,872.6795358260376,838430.5118123849,18938.75404048383,0.2974715833822462,3780.4017724371884,1.0674799118670832,4.093412299708972,67.55826659003014,0.3778399440237951,0.0
710,49997388.084934965,13427092.019840067,3307898524.029635,170982105.5131994,0.7100783365080299,3571.895923827198,9.242909997060197,0.7740644329945465,18.038130853588125,0.19111925871616456,0.0
711,108452375.97376414,30669004.98920229,5260440432.53251,323822715.7123758,0.686530048352414,3574.259262784353,5.90642275044469,0.11602392694777892,7.787528240707941,0.1435637022474145,0.0
712,355213455.2664367,53387111.02570481,20150093130.425774,1320589767.9609656,0.8252058729258003,3039.293070554254,716.2404207563842,0.13164602750242568,9.58930482766109,0.12199944618814047,0.0
713,51642137.47310108,3577705.8068414084,12115896674.85164,314869466.2175956,0.5364120337473398,3590.9621029286914,423.6611323510386,1.5419644159937786,35.372338095721474,0.23071676219624124,0.0
714,7727318.524928342,779972.2493895305,1052131757.2116522,38696729.74044188,0.7980643827778812,2869.5615374607846,65.45946445129938,0.15378561543557528,11.004500996360623,0.15573457203910304,0.0
715,2785.230114289154,1433.79575530665,766565.9667970191,12766.629513624075,0.6439917455815592,3476.5041607975872,0.7304604373670949,0.10018728234982185,7.2028670199103,0.17839898740382998,0.0
716,27378.797457236204,22399.850992993957,1381274.1275973257,54154.05397705208,0.4290104476137649,3894.3627029569634,1.8436959802143689,2.139337572737138,40.66931472543064,0.41248188197748126,0.0
717,4473214.258478971,377273.91329463315,967672286.7836422,25784746.406802338,0.6020554995526526,4216.809889485516,1.607309137912836,0.10179767390720888,6.8451009093946755,0.2170165201385904,0.0
718,8910702.330310317,1483586.581574123,642123313.488335,34741294.029775776,0.8047135115759673,3529.9367096929104,87.15590869629257,0.0843861417241107,6.237062740416062,0.10037635561525687,0.0
719,9054.445042171606,1742.2284984073133,1738848.6845169687,40677.53553648642,0.6393976879686897,3964.56315203718,1.0812341680503266,0.7305803019363107,14.63414662231151,0.12217808970216548,0.0
720,16535792.863000643,1710915.7638964462,2829280029.4717345,87694153.11745338,0.6881890660653243,3874.4736091101213,6.713707012738245,0.7529636784998401,16.379207909577076,0.1999121047431917,0.0
721,2403004.8751512445,298166.1354427842,565713925.0901582,12779683.138166273,0.6062254477796075,3833.326507288039,5.747762390727914,0.14196570484988066,9.981201322090076,0.43977293451725546,0.0
722,7829.936896984051,1235.2874822938531,2095358.856991529,42479.08113740193,0.7210763161382578,3792.4532333412208,1.6898400974608894,0.07743332851330705,5.804695806724847,0.4278794884958596,0.0
723,1819250.2184623077,362349.30867173173,124752683.83918563,6568877.150352778,0.7102678272585969,3942.395494419247,3.702578324164442,0.20374284112712554,13.688622131778558,0.3271016994388834,0.0
724,10443186.79647543,1037793.8565183664,1522453763.03641,53505312.59482008,0.7503870378756125,3011.0936979070266,86.01571645837639,0.1308131130507218,9.394155898497655,0.20730377581729448,0.0
725,1621.0850324345695,306.88039628031163,674042.7457356028,10389.545342906908,0.4275758123648661,3818.5694582662536,0.7044567829092904,1.5702570925128054,36.95368420629575,0.10460606692753427,0.0
726,8154344.663750308,671488.1336179913,1319764119.4919186,43987722.35270622,0.7614373736894905,3718.1131684999614,14.6739319477903,0.03969775852295987,2.768526515904058,0.2901806963320292,0.0
727,230755.31696434837,71768.35201544012,11444842.18377415,667814.035267676,0.7166659497748549,3930.196559345155,3.4047467076656797,0.11790658984115723,7.646472167534182,0.1983739530829639,0.0
728,13142165.683450026,1023880.4262471527,2524569415.7517195,74810778.0384979,0.0905855825054613,3367.3496164978524,41.64256928237827,5.516114332279479,94.19383391081848,0.2090587768194973,0.0
729,81666420.68968168,10761066.554233989,6406016089.609682,338800506.8136984,0.7517481825534933,3761.3438231116643,83.31904562014502,0.14619459696028336,10.712804774212733,0.1141179480106347,0.0
730,14022592.811863031,1600508.1153796422,2145455844.956389,70342296.8530003,0.6311806983654605,3800.0869904017172,3.164821423836082,0.09270382687104464,6.338398576808876,0.24439130170607284,0.0
731,3054.943132584915,510.88002117063843,1175486.5091696,18793.702827819863,0.63632669860684,3546.2862013963513,0.7540460842790374,0.04793971575579396,3.5280846823340055,0.17032910657505232,0.0
732,8900309.728348678,1468688.6837087444,565224328.905843,33143746.193197437,0.6523093559537662,3636.2380260837044,6.384584928061162,0.1329413999067178,8.945364052076325,0.13301196340280355,0.0
733,65869405.574675724,9608971.021439526,6002521945.704667,275714374.028408,0.6368207370768402,3688.0909289536658,5.990666509599839,0.09810811434640802,6.99832082758981,0.23065808514759242,0.0
734,81508266.50392713,10291444.512601841,8486167072.538073,356273341.4739057,0.6576739640563327,4335.64369473624,151.3882451850068,0.24146683681366943,16.610962400390186,0.22854472011646298,0.0
735,3446174.015690104,649479.3336899423,187318635.68930474,12170439.630888108,0.6352699930952398,3934.651769565298,5.084382028805602,0.1827060140083371,12.185373299125875,0.08796533100435054,0.0
736,5150473.520682545,634022.238056781,533957989.8547331,23072796.8594615,0.6263779897136402,3755.1622505174855,3.0280117297629654,0.19439330281094103,12.256771137258324,0.1739003644384947,0.0
737,189529303.7177109,55461930.233752474,10140867472.130884,584237626.5220155,0.658859367775827,3302.234911936278,6.3826144984048,0.13661754894160696,9.85744123270208,0.16026065859555966,0.0
738,3789.6022616046857,785.0064490557603,921124.5761257621,19150.67770055802,0.6121872712102046,3528.787415890087,0.7809668342267156,0.7471736665478705,16.089701575803566,0.48763643042525606,0.0
739,6090315.057274098,1049728.8124072985,275709567.76425457,20756935.49607188,0.6215215686702666,3666.339022821834,3.7934738245681596,0.13537118963455477,9.727166246425073,0.38596611982940693,0.0
740,70575860.90845385,15118145.882818613,1663733240.0612698,199221484.14257133,0.639254737910773,3643.3828505588676,7.8610070116859285,0.08665319910560605,6.5000742387504316,0.07607739232903676,0.0
741,137847673.6231851,23943371.367764764,6296498908.785181,473424749.36604804,0.6751404878346283,4008.3379775113,6.840262744319067,0.21078001390772522,14.322008208289708,0.24375388979699314,0.0
742,3426112.884364673,653022.5398050688,195738094.52495956,11957749.727095632,0.6746583287271365,3863.5191470579275,4.8586198346794225,0.7623805341660883,17.160315691118694,0.2141614033013489,0.0
743,8579.043263382157,2173.4512642218806,1740190.2106007922,38913.8728543803,0.6158796689212582,3469.7461519956737,0.9286864273568425,0.05389504084830961,3.995935017404771,0.17998030730275644,0.0
744,100924.18920930116,21202.831664230915,10763276.605102908,402874.05701728776,0.6143587667139252,3853.328424028348,1.346907526163768,0.7525102425414611,15.838913903625695,0.43507532311406305,0.0
745,55802901.635248765,8811950.250661064,3058520029.695567,204050720.0069806,0.6977238305309844,3818.7911170957796,6.649632772675922,0.08449979112451382,6.226376307551989,0.11058813056774026,0.0
746,8713.004708961069,2174.0155800699526,1455503.9779740858,35712.82790228188,0.5721939219145364,3584.531840855898,1.4402714455498653,0.058886238660693827,4.452261927117806,0.37787235684802656,0.0
747,20533218.669187926,2215495.033187478,2837416073.2458124,100682286.56088172,0.6058408461888858,3974.615254411429,6.353302170896084,0.09810039259344157,6.887704021022246,0.15553599072768265,0.0
748,176387629.67192823,25252790.089421276,16750854639.643341,742985390.2958177,0.6617706089163427,3589.9239104268418,11.006266124449807,0.14115245075911212,10.187582236768097,0.23113194763884704,0.0
749,50555243.3097891,9854076.52267819,2597624054.2287936,174340447.52638108,0.6033316812317905,3729.5142646760582,3.481274279508399,0.07828847338299809,5.764340639597092,0.03068011550125285,0.0
750,520751732.71138036,115866465.35583317,20769731370.824776,1607434968.4159055,0.6917790701259464,2887.5072104530136,156.16615474744876,0.12390450055596994,8.949398486156166,0.19103894274392202,0.0
751,194310356.12680927,75880951.39222527,4570083462.175677,408605678.78847307,0.6751356667255454,2790.3129266478086,44.955086226335325,0.12599729146538124,8.740804826345817,0.30426241721060465,0.0
752,809290345.4910498,153167779.65840703,29307473899.79558,2582651030.811134,0.71556413861723,2523.473509860045,15.382645433001036,0.12338442576713567,8.999568177318492,0.11179872223933061,0.0
753,11816718.889961483,2213259.4010485285,980120542.8339618,46316555.49887394,0.6396752824306553,3677.870746555747,2.4672079139360967,0.04171237424207197,3.085687305672164,0.2773639288637346,0.0
754,27985166.576327622,3475887.036842148,5016239210.843752,137966558.8521507,0.57098522112033,3524.375273412197,38.81319187204637,1.482389773126453,31.21950123177701,0.34769206333762404,0.0
755,10435.02603596573,2691.1951191302833,1791388.625251338,42464.52460065244,0.6239212557444332,3948.9269426524784,1.0771029884397232,0.055559664975190604,3.9756991232025767,0.19416863689461886,0.0
756,287397447.6399782,116781857.81562488,10562689865.55972,754939632.6122776,0.6953578722772102,1577.885630532209,14.054751425884863,0.07708066419406467,5.340903680099148,0.14651324147448155,0.0
757,2721448.5608202065,434589.04661112383,172416920.43308786,10046255.345306486,0.6902812277721029,4055.836036408053,3.1594589992744813,0.09458272844220508,6.546654495460483,0.06716449267177536,0.0
758,6807.117568208797,742.7192987917381,2209842.168720543,41262.11583793686,0.6927431008249443,3932.8189844187955,1.940357509055313,0.17592736281954266,11.984235935270066,0.12620611066123852,0.0
759,4499.680189985081,550.4776286615024,1605518.7365446892,27921.554012424465,0.6423309160687002,3705.4431965590884,1.0106570662042171,0.08676705438870344,6.000576140422732,0.2759870265107806,0.0
760,16949574.282521002,5860681.293054001,318613951.01794064,39615136.57361825,0.6330660443486209,3956.698390551008,4.21749439255791,0.7556816248101103,16.766227456648163,0.10229248965131812,0.0
761,2878740.3411853546,1133206.2901255882,93508583.17281571,7192306.63449647,0.6481492320253608,4297.223506839823,3.3491610094945363,0.14337098871998483,10.025394443197133,0.1649950842565795,0.0
762,3772.7900987718335,786.2596681953372,1210700.6890193764,21267.301323828353,0.704719264737595,3830.44656593978,0.5048157200652839,0.06839430671886922,5.12711447405529,0.3936859784168926,0.0
763,306507950.33886635,31475031.7321376,34359047783.187157,1448230940.6782362,0.4290287896291515,3930.5010641099298,39.03934916039047,1.5279247186779294,34.256973966962676,0.09368747385324568,0.0
764,76348484.01059814,14194375.156475335,3921303098.077175,263727680.25635654,0.7062327973371131,3726.089136748421,9.249333014143478,0.16221079193160062,11.90477156322636,0.12441852383957346,0.0
765,4283463.853551103,3364938.0004792637,101824305.03158908,8203732.930496065,0.6359658971598382,3628.643685864014,3.518066270298166,0.14130656028460864,10.033387962996299,0.028900291163495045,0.0
766,1234.2587755697086,245.95948517480088,477206.68425642874,7595.4255101164745,0.07389306273640328,3957.274306632742,0.47980961716747217,5.422813983540189,87.65821380561422,0.4423446446809288,0.0
767,3960.7233955515535,745.0197237681272,1344207.0763531288,23330.100555722027,0.6686863418619564,3668.270419859918,0.31043349734347425,0.05787911096604663,4.1081640188605535,0.23647849646880884,0.0
768,109030332.93665557,8848272.279805828,16615644346.60445,581822941.4619205,0.28093575388812564,3936.0120476466914,15.21285474072891,3.4807963326291316,61.40227628214569,0.1641316107762668,0.0
769,7975178.107903451,1249419.6280381137,558375822.4046869,30804222.9676826,0.6195839207882157,3708.7074036744257,2.641054343896806,0.14531623057938264,10.189326989752285,0.1605900684172076,0.0
770,2847235.8193339873,473882.84956902947,129525485.0585413,9760142.69918025,0.7469242329180897,3726.4223049796606,12.69238665985784,0.144995698896345,10.65450566247775,0.13853223208137921,0.0
771,364853554.82279015,290706872.3316974,14403990572.511639,819762364.6469182,0.7035288385752063,1161.3211566170842,6.301232018857299,0.06288095100521636,4.731601938895561,0.16177291586385945,0.0
772,3483709.4239170714,754765.4589881632,132513404.0336036,10819560.02111897,0.6639867652129942,3945.6338615470922,3.276162966357035,0.1853162436820175,12.97456097871446,0.012808841286502216,0.0
773,5987112.411061121,897770.1642016314,442074819.1912781,23709824.088639103,0.5792707488520792,3714.9542107704756,2.2422291965200922,0.19243288110356388,13.144722665472989,0.2196178110954779,0.0
774,22183498.78916697,2966965.7936049653,2159570032.900579,96110329.13865885,0.7059147423889812,3243.6731949925575,128.40546066829526,0.11616636282117047,8.74252391532505,0.1788573615166523,0.0
775,355083511.51441115,99013458.71396524,9567497189.11078,972713334.4011961,0.7222311865107589,2360.2646701246226,14.394048041739772,0.020437405120659412,1.594427059029296,0.0877548024679843,0.0
776,172961638.6682945,16162144.170342539,23417687742.49996,872986348.5482662,0.65504425010828,3988.833338671451,53.975381382477494,0.12941229885080324,9.124931885859024,0.1208400495598825,0.0
777,5827.878169095484,1050.5090772291146,1587404.408779681,31871.412841976493,0.7051878695445424,3874.9978452881796,1.1553401231841298,0.13354238286639591,9.688171863290727,0.044143506871478215,0.0
778,12239591.584283385,2334322.778945188,364813725.8332115,37232492.039795294,0.7646875760048255,3515.3164696320296,45.122160245043055,0.16097949292746447,11.622614977464233,0.06195752298570817,0.0
779,8217.374432662762,1133.2344578504947,2164962.5114322715,44539.49809803482,0.6606304294531384,3442.3646870269977,1.0449524439007667,0.12435283091802178,8.363014576702223,0.34698961773162107,0.0
780,11579.570695586397,2482.1666247791327,3273895.5799307157,64318.49160391498,0.6782139143247019,3629.0442618025754,0.8415903361679274,0.1155808749876667,8.170136590009282,0.09982452628493921,0.0
781,466318.89203660266,55518.82816399828,63188009.94040394,2235439.7852958054,0.20094287946505468,3596.4165492984043,4.620036936527916,4.814564403900226,81.46653129670494,0.22505406270727946,0.0
782,26228418.5182465,5355665.470893918,2260761452.850314,105748075.21580899,0.5979955982188352,3678.0599220001222,2.082786107738937,0.043757233998332444,3.000278356338799,0.10774912530252664,0.0
783,294781188.8161747,37994522.868255876,30050674798.727642,1294931486.2558799,0.3983686317009648,4098.148543611043,6.324698744860796,1.526978458108872,33.95559243504216,0.25967830045307166,0.0
784,6120618.702449702,695283.782301917,530788697.55036896,26990569.656491864,0.6926455800909568,3522.5404312848914,10.132376942585237,0.8067853439084554,20.29164160202473,0.1250094029708716,0.0
785,310092.43227695476,46627.99810225436,21148840.76113925,1169356.9911315872,0.6992967670235666,3946.768839970142,1.9498264455676797,0.11030102390828915,7.960137019697373,0.31485053959918713,0.0
786,136173426.725271,43397507.591362394,8896807604.916567,383434999.0536302,0.5711792876590297,2848.9387449866344,231.3367048244384,1.4752554868382923,30.46234857797868,0.2827398090724221,0.0
787,68779951.88100326,7165228.148039257,8662410135.078611,333566654.9614208,0.7089762112700969,3589.43656974465,14.454192417410308,0.08062246544809311,5.876446559875338,0.08424803821047441,0.0
788,254316.57869716696,171027.04334463234,7295541.010896185,518199.49943940423,0.6928618397375274,3409.0713484548996,5.966928164213044,0.11989091756231271,8.367328272621721,0.40087752112440045,0.0
789,2839926.1375575755,641285.9366439354,244262741.77815962,9613765.117922395,0.7106759303183587,3439.0834703558717,10.793664753893848,0.14012577663314668,10.389150637881173,0.39843482451351275,0.0
790,175655724.9035533,31503657.905623876,5759341911.302166,555234177.3753724,0.47383517990271595,3324.781895772116,35.82707782272481,2.804462496413965,49.83401856666747,0.1691780794193518,0.0
791,39367337.062784605,17204801.90079835,2337132291.3705583,125540966.50276294,0.7305946348062228,3849.495724485951,23.503752608543724,0.10089453636009474,7.01386054509675,0.036717878080470764,0.0
792,25351744.951045398,2149904.575420848,6092454425.393492,150988626.04847264,0.6942819309257379,3209.728457843895,101.5025540262102,0.08950275794201853,6.791651810409483,0.25453506915283536,0.0
793,6118.021598124287,866.80909907141,1583869.420969346,33144.087081474354,0.648638929816822,3778.1767509101496,0.9628288556676127,0.10100208321165685,7.068851599098187,0.3277515008448008,0.0
794,20329457.794848155,1435069.2030725372,5702681716.398355,129378655.9002178,0.5909578200327288,2570.1235157229326,162.75804278307066,1.4627499609439305,29.655827338451417,0.3470801830355745,0.0
795,12999371.17560055,1849837.7237810201,912302851.4646327,51109819.0557464,0.708632494397565,3574.351359739863,15.248285516810313,0.7678318772109163,17.865276695684827,0.2098388888101185,0.0
796,1445727.0968498741,257252.33484423044,105262567.88733505,5450533.549595391,0.6893839325886828,3783.9199611001327,3.9592199928866703,0.16354719275517215,11.620977662882208,0.17515602558912624,0.0
797,20835.518458533068,13107.068834321737,2441812.2734438945,64815.55426270298,0.6489840034874463,3524.9681483283416,1.2624084700423983,0.7848265047527347,18.302708437866393,0.29869721203728017,0.0
798,21986231.6147387,7279520.120750271,259457215.07233492,48893692.96325155,0.31783868961392464,3801.7256873984916,4.696667064808961,4.089104765373761,67.21935902168563,0.09655899408063191,0.0
799,6451.655457172443,1832.1128429022015,1284114.0904778005,28120.80016905152,0.6436201220304774,3685.0753445379423,1.0648692379604174,0.19142563247468214,12.968887475775679,0.24401878449823777,0.0
800,34592.47223470921,9555.414458464042,4546668.034117052,138684.4141800392,0.6864174805259176,3219.387496850681,1.3956372205130967,0.07347424922154415,5.243449521823559,0.2019510427583773,0.0
801,61331.44320798181,18262.06868587064,7607893.641656583,237170.82776128603,0.7552467244468507,3318.7763481841343,6.245261169731895,0.1305636110801574,9.16086284065079,0.3051997900808708,0.0
802,7233002.369029048,840534.2742148008,1518697938.160057,40711822.09700583,0.8228201311701502,3110.6618102757743,130.1375611953661,0.18897043276032913,13.818370543020682,0.23670096437504032,0.0
803,6149.933811994413,806.864940013214,1517093.0377451403,32495.317970376753,0.5950975405213117,3982.4453295681587,1.0549182408747364,0.18951966325180986,12.987377293510274,0.27150741853677973,0.0
804,554712009.778923,106315263.95219459,74884456539.76324,2524103688.460605,0.6187155408237678,2544.6501334087643,3.5133555936265193,0.07778601760734612,5.393442674774839,0.23189112070079165,0.0
805,110852292.03109837,28639892.46345116,13309554112.672512,498568730.81136674,0.6638180990335488,3901.622801945498,5.510107312107611,0.2148788566671575,15.340904768269462,0.16549966668195742,0.0
806,14685873.045142332,6135517.637307078,412911431.4428629,36590769.2897211,0.6092171021072957,3718.7257023679044,2.7386488389149095,0.1019132122372893,6.6697449925618075,0.16991023272059821,0.0
807,8430.142020152916,2037.0921621652305,1740517.6295694723,37834.47613137263,0.6948978866243497,3562.948525165094,0.8473043280166428,0.07945584503374628,5.59665097289074,0.47045421239008395,0.0
808,554.504488824161,34.977718980529886,339431.62608560047,4357.642303122347,0.07682910395468032,3700.9949800491695,0.623046359575581,4.089844923758449,67.03068330688534,0.14839518622853368,0.0
809,8372.330089706888,806.8600672439316,2605667.6277274964,50384.12935904563,0.641206911665668,3966.0947658222995,2.083438484566332,0.11520608450879939,8.338980711894392,0.2531098269945769,0.0
810,4737940.06600217,756551.248398564,248152729.65986997,16943141.898934003,0.6586527673008729,3739.324384039028,3.3189133782842246,0.15427340828572325,10.78018570777085,0.3995597471003122,0.0
811,101620.88347699324,11918.31115304122,17222342.86509212,517963.348027418,0.7676437479367609,3692.1320194340774,4.033044396959539,0.07819264940599435,5.717203891077128,0.21693492284707594,0.0
812,9330.648340220314,1343.8579638958468,2283415.6566883614,50986.20230031937,0.6813147369768598,3898.972706803899,1.1278086125199152,0.19024281536990975,12.57267855398011,0.07921322745944111,0.0
813,198089131.942028,30657079.293951023,23945583793.393295,891258136.90107,0.6643752024801918,3901.93658238256,155.0171409190629,0.13502824395973495,9.600895889973847,0.029806848997769312,0.0
814,15265470.04875457,4787676.099483274,1973150207.2889538,63730490.73497087,0.7157130480515234,3447.557120226569,93.1769993194655,0.1418321045603526,10.679101260904462,0.2078350358368849,0.0
815,2929183.4738301462,678323.3696796596,256258764.98228317,10553870.826313892,0.5999382778493858,3841.056019061104,2.6301167642958383,0.12420942543638196,8.273420567276236,0.23976711727884123,0.0
816,676530498.6516709,161344449.4105174,13934986820.133057,1787541308.65523,0.6924839432800359,2005.7875930754633,27.735892884406017,0.05319413486121993,3.777374796653214,0.08464340066231402,0.0
817,7303380.6110428,1343860.828757642,744976033.5609617,31402161.089500766,0.7046652130511246,3612.2987365012573,5.131523943019905,0.10365467102027522,7.0161174873312335,0.19479904387608885,0.0
818,4623186.438356867,776709.4726118268,422532719.22769195,17836539.06215022,0.6780565454585088,3679.07030375221,11.5980489212179,0.7539017382046129,16.584797727802346,0.4615432880757721,0.0
819,5005254.148890972,942752.8774220881,412151605.36492985,19415805.54896416,0.6719524963577804,3860.5907051377835,5.391965846925821,0.8328071384329935,21.21738819232585,0.20278004072830638,0.0
820,4506.885165469641,360.7306152543501,1669288.4032116965,30024.677313353284,0.6354667852041918,4177.732096562604,1.0134989611729286,0.08428791613742463,6.350436032631151,0.12862649640555426,0.0
821,9935.404005806102,2127.9815779868104,2130017.052083201,46426.67122125635,0.6581142425285779,3485.5813764070476,1.6867255580882903,0.1165664456445727,8.30452256763777,0.23650138791595424,0.0
822,65691663.19297417,10798134.602810098,3331679646.4352083,235547229.88296813,0.6951933216173579,3608.8216611060116,5.266717363281464,0.11744158597660093,8.133693312322208,0.1926395244900094,0.0
823,1012627.828586679,231996.29588738852,39014026.31686955,3183127.5067943134,0.0961895442847045,4253.300058723373,2.3996731698197884,5.46053666059235,90.08512943713986,0.12465453518340859,0.0
824,10842121.691595096,691416.9842292555,3200248282.828837,71305327.5824812,0.49586176344625477,3319.67717477753,6.41914137090739,1.472336347250237,30.34066685944636,0.33357394359640524,0.0
825,60168275.28576293,7714164.142338472,10087317569.0601,290443842.26206875,0.5623589060150954,3923.3588409532776,281.7461006255282,0.16197583515409653,11.440711858405347,0.39656170409556546,0.0
826,30162020.609941047,6875453.937902334,2099658420.6254966,110142622.4653174,0.6612550100464396,3621.1380537429245,4.1223783194360895,0.17659672314389335,11.829446114157165,0.16367934037126908,0.0
827,152584411.00679502,14094418.354613762,34165933331.46531,898664514.0213926,0.6827738006275056,3741.9297895299787,59.382451340143675,0.19200305745000232,13.6145570617396,0.23309545973923593,0.0
828,2382395.7230188074,647765.8282577035,83100069.95575823,6865196.626853245,0.7241743262335374,3376.0750498481348,11.179265712225506,0.14748663862042416,10.400301107166538,0.10498437204865244,0.0
829,53407460.517705835,8774568.550872026,4018265278.325647,209119529.76479104,0.6411881314380736,3897.2048072611674,3.878803246588782,0.06923378624738633,4.948703089419171,0.23490293471744939,0.0
830,832375.5632928999,73096.64610017455,135371071.83619228,4462502.045276988,0.5175744988551999,3627.5571960983507,17.873633697099525,1.5916491630249088,38.69651760592414,0.1992108610035525,0.0
831,4072330.8716821834,397401.7521047044,431724943.44689906,19217699.528973818,0.21495444265387098,3429.881032833056,1.4625180470676404,1.4207565247977814,26.260341986731852,0.13449517297646513,0.0
832,1602106228.8326764,465223650.0032152,57747652879.66554,4535245491.355291,0.4850082356375479,1671.3449633970179,24.682675320613363,1.4792915401975464,31.042125065873478,0.186063340009014,0.0
833,132646.99614762503,122203.95086995586,2631455.1008379525,187839.33649364946,0.6908203502867327,3415.476570848265,2.6215391828132275,0.021512364119570294,1.5390093137867282,0.331773861027339,0.0
834,9000.400395941642,2947.876251951587,1273538.8506143366,32396.97309173994,0.7852865596316285,3630.174743993325,1.4787772842912228,0.10554411677168422,7.78642671782851,0.20080577941416478,0.0
835,89244413.13634942,13060654.619844852,8742390994.258823,371823253.4165833,0.6794047623433996,3331.528562435028,51.44910126037912,0.15816204251182606,11.637567506476884,0.12512803280140652,0.0
836,857331159.9432873,153476835.58583745,48378543024.7314,3035353147.3175054,0.6739756567781121,2386.9609183458406,118.7082409445398,0.12747576813142567,9.039795425794892,0.07971436441459935,0.0
837,1167.2008875219904,104.23515274694148,663294.4772932314,8846.796998070073,0.4363729933832697,3549.177016052711,0.6140598678032115,1.5180232769615647,32.77201942475727,0.375276321671682,0.0
838,1572425221.5468047,456185549.7519886,49548057809.71979,4298179310.123022,0.13328374436344953,1426.1153145252447,56.80228566479046,5.526499755489198,95.22514977609399,0.1521509052178527,0.0
839,21022.560079637777,3459.182422763444,4387223.113355141,104730.45979098906,0.6936688613645983,4090.082013637979,3.277702217629053,0.06386639073487048,4.474382099082621,0.21098233348167764,0.0
840,3515779.0077379746,417024.92960952566,392705720.53109604,16362061.122889783,0.57640334513374,2914.035689537898,14.679251431551965,1.4591855634184807,29.5145882899247,0.13792291230761838,0.0
841,14315239.07120746,5844521.98588333,98443046.20069274,26131048.718449496,0.6871950858623899,3497.8383039075575,6.189922978879545,0.10254600043782167,6.902386583685912,0.09894781261823203,0.0
842,4589466.671109197,779641.71987821,192320237.25416723,15449571.89561013,0.7613337193762553,3834.643905676583,18.00213705574142,0.09944889335348224,7.090127955143188,0.22309105776848426,0.0
843,10133.780782524671,1376.2368675218095,2375378.41619666,53249.39502976354,0.6617590618100778,3728.5188761858303,1.795512755459946,0.09718739981992179,7.006920182370694,0.2755377722123217,0.0
844,66693486.031812534,5263578.424298375,10998929375.310492,364668736.6044597,0.7441014915510382,3697.5070240072337,17.150649913052437,0.058908577467207124,4.414353088465622,0.15401023227066446,0.0
845,11048152360.051157,2469026996.4519615,239224700758.28198,30153019585.081566,0.7075239308817716,481.80565084353,23.217900654111617,0.15597046852069285,10.528550130029666,0.07370810611915472,0.0
846,2084.9572395264013,560.9321235787129,668194.8570421009,10885.525875194846,0.45088471410898545,3731.052603559701,0.8361979522890174,1.6005983359983822,38.78558149690846,0.38938170108775516,0.0
847,74623.2667295358,19224.323762741205,13357735.915755676,339044.32963469217,0.8061847495519879,3541.5379966733644,5.759415209553053,0.12150182817593765,9.026067270390923,0.3327206201093156,0.0
848,2722.1482511476142,281.14434423978435,746951.3848534746,15280.903089975933,0.22430692077358563,3833.3007325920134,0.777191498802992,3.447034343202186,59.650369567595384,0.3632841445766137,0.0
849,6301634.05553071,980297.1130638995,332146568.8898502,22989273.55193652,0.7068627228925666,3500.9376334301887,6.202663813984635,0.12801585837534643,9.335298791797753,0.10916747194405434,0.0
850,165822.06078513977,20058.44821054784,14465765.304968163,693944.9455125099,0.6642478495330326,3797.9293039530944,3.336879969388946,0.10921805079659377,7.579655559092077,0.06630744338083831,0.0
851,79836351.03925107,8134417.296935268,11837962319.8381,407765552.405268,0.7053651610218677,3997.3195969898698,3.698387258658775,0.14916798487949795,9.666455842515647,0.23018880982136272,0.0
852,4473175.352872521,627933.8735548088,371522909.47781485,18606694.797021605,0.72690709697446,4004.208180718915,3.9006203163384727,0.12466029710413888,9.186680067525838,0.3153639263384989,0.0
853,29912917.248924337,5905276.563196903,1552346347.489835,105425688.29217812,0.7393314440866512,3463.4788092444123,9.74703056615556,0.10638564813302995,7.838746290310442,0.142361110611312,0.0
854,179449314.4309076,31953590.35523776,7556595430.098135,607703879.949974,0.46859554997200903,3582.230837411208,42.721700718873834,1.4605261432805299,29.68636502552734,0.09526822116611379,0.0
855,13551.67626761696,4003.81442007566,3043027.787185473,68053.782352773,0.6634720418587481,3302.380506814894,1.7826672725517858,0.1427927256366565,9.580412248378838,0.059872235824356045,0.0
856,228767.35822906002,121363.9061251631,4791110.745079246,431771.5873360488,0.7443298483581879,3566.537329996938,2.985483899705751,0.09957469908450704,6.01573699105582,0.15218794676353778,0.0
857,3533.912485903618,781.2512677147948,1095704.2998979646,19330.217981086917,0.6642368788917185,3521.9893754196623,0.49345923781679724,0.049253913859138,3.643626654855164,0.2532294210251575,0.0
858,241113.71241638987,38156.06708227044,28283463.590096284,1041173.0220286509,0.6471280936313217,3940.324262200949,3.1138602216937694,0.09376398953603955,6.817813065089439,0.1874084030658307,0.0
859,96423728.6447985,7522875.646458484,17952963707.42031,544496520.2273587,0.6849182746478879,4053.028594621166,41.10388884423677,0.14863986981172764,10.341081969116114,0.10279184696304135,0.0
860,10205092.010036426,1361406.1871204334,1709077230.4493108,53493737.15346413,0.7696113836112568,3230.8806194491945,122.87876604992695,0.15067444545405886,10.887196152196385,0.18893757636979186,0.0
861,19885341.939664274,4336207.325587655,677563734.3834083,59649931.19519104,0.664661399136599,3782.817680999802,3.6282603707938432,0.0762664175349296,5.397095890073514,0.2322746207283206,0.0
862,1043521.5691632588,76292.30989652225,300229570.20404863,6642078.6674405355,0.4729735520880884,3591.5410462537834,2.234970890734049,1.5401694962311159,34.32624802089379,0.3286056404548858,0.0
863,72249.07389350828,50483.463394001024,4280882.932496344,179199.79498920098,0.6038170818293872,3776.8294748238077,2.9367139225700916,0.7440595090178164,15.525911904610718,0.10071944463581034,0.0
864,2995811.0181892496,1955440.681505279,207815234.2440391,8165205.655736126,0.6565492596262958,3539.9001709838567,12.209738729641826,0.18405122157200796,13.289023840291033,0.35697760986101335,0.0
865,24178984.08295868,3197840.281931729,1797275891.86968,97442193.32385913,0.6940507444026986,3829.4985671947925,5.162735131507337,0.09353243210141411,6.908174147392785,0.13998309611557352,0.0
866,2377262.720170851,435276.9261378927,130125061.75989611,8280803.530777967,0.6687479667497324,3780.9716717352912,2.841440833844554,0.13870550223997755,9.931778323001136,0.1714968948513174,0.0
867,35716334.26943232,8274600.521534811,1022002202.1573073,103476703.44958296,0.6475684582794331,3485.0219723618247,20.83928122741546,0.18478901425516875,13.802885854065707,0.1584226776150676,0.0
868,11704545.45859881,950010.1013753212,2192485554.6138067,65673799.744156934,0.6743236641758534,2957.572831998384,69.250011443631,0.14488154092834798,10.294497047005276,0.2005952577648604,0.0
869,12651.25625023552,4579.77590116019,2019066.2918040894,48955.27015030438,0.6568152404170429,3242.68561895731,1.3532252594403935,0.035073410098673284,2.257682328150891,0.24218500056986908,0.0
870,1956028.0373905592,535283.7214210777,68262630.02441698,5498464.436818225,0.6718616259920508,4021.554372742379,3.8924770350200433,0.7104074130078973,13.1787574939442,0.18600734872079036,0.0
871,16823.646009164404,3430.59036543258,3392333.2659455175,78809.76399329155,0.7258387074022319,3918.792062836127,0.8392042027602415,0.7688183789182635,17.428802386716846,0.0811891214599559,0.0
872,10826172.930193022,2566665.4180965135,553188885.7252445,35237098.26989796,0.6794983282411555,3518.542699023023,6.99589974100343,0.17343095391310417,12.098935097248711,0.158387902280164,0.0
873,423248.02061955974,133313.19226035365,48290050.01472855,1744896.934094483,0.7272976137579865,3590.377306770906,2.590533377150383,0.07128526053965337,5.20934429694253,0.1856182394845752,0.0
874,2010768.5346797737,1005630.4185173748,106978114.883935,5548838.849525122,0.5965672110601683,3726.780751645141,1.63014573928951,0.10904821841030418,7.550029482514056,0.1437141076582514,0.0
875,60449852.92652209,11318914.484023253,5459301897.3387375,240085594.37269717,0.7032805684643094,3588.148775782091,109.8641405041002,0.723943076599631,14.558162862258126,0.1982818338951802,0.0
876,16360065.16580007,1222709.352532447,4156496701.1505384,101177429.76114373,0.8106092193346182,3308.660472570755,135.74068007962848,0.12653163370696516,9.225678207673367,0.3154240745494018,0.0
877,7771.461091539613,1593.1648347238602,2013987.8522548391,41274.37810387408,0.6902051127453501,3770.6521550947673,1.3256104811972849,0.11631881876949804,7.671270866842353,0.4563849186732,0.0
878,79385.14523371514,27022.69255399028,8351538.86650178,278630.26920685184,0.6745751108254446,3477.405408616175,2.1852230227498914,0.07307540336744296,5.243994982066073,0.4097916853305676,0.0
879,505518.8470422154,110193.24992017957,29018525.389852833,1723619.1288453315,0.6631656576606184,4301.016081934678,1.9335232241605875,0.13785178663743364,9.212293104458924,0.11496779967452592,0.0
880,5165407.46410623,512975.3658548968,741128157.0343775,26169795.119006168,0.7354964098095207,3988.859172555689,14.150188278382679,0.07647817687465688,5.474516633173467,0.2650337339965288,0.0
881,1728776.9846830745,370275.9539390232,107860363.66370602,6063003.570162058,0.7460468444267596,3817.774995637569,3.5815394927910313,0.1525607691750853,10.252256952853795,0.3801027554670028,0.0
882,8441087466.047241,3832330148.0713434,55866617819.92003,14924042650.471786,0.7732665479861617,1637.0788637245669,690.6787963253738,0.17630314642575734,12.004258249188796,0.08200994787439637,0.0
883,19504931.987958405,2513756.442027676,2867609378.1302896,93268485.15562983,0.49596693747298826,3269.3592432305263,38.25213140404453,1.4964744691115264,32.42848318950846,0.2250069603664457,0.0
884,22025088.84929853,5633921.390962303,434085193.2940672,55663740.89505901,0.6530451129555535,3778.3982084267936,14.205212612970797,0.17303261587097038,12.609072760972703,0.22111925128332033,0.0
885,4151109.579026521,865125.506979597,334944502.3733054,15181924.381001616,0.6376565104166894,3753.110912633733,3.5970884276699664,0.11642349619685968,7.80956078063124,0.22856477408312062,0.0
886,14359.064908839326,7435.928320258218,1361060.3218001593,40659.470098550795,0.6668374919039733,3349.3022822581934,1.1913274360492994,0.024652794067718187,1.8221737157275826,0.1494228942212992,0.0
887,7426.670014694662,752.6101837423068,2062904.2449043822,42282.4027802563,0.5831836466538309,3881.3646598334685,0.8953715494001826,0.1136507724585785,7.929372192269587,0.2637261184249532,0.0
888,4351.244930586347,1862.0454896766485,564934.9673365274,14035.967080341292,0.18659690167001447,3889.05928099454,0.6552141016359476,3.5112494205736127,62.90148098911411,0.1522865034894939,0.0
889,4213271.470267514,1213057.8580096834,133418223.7976784,11551446.26687343,0.7116661192379866,3732.0916334165972,9.144417301320658,0.08930461869940612,6.559586384098843,0.4058610905504598,0.0
890,108832718.98035423,106933380.79156312,400804004.337812,123936616.95556179,0.7293625903876334,3115.270749225887,8.139172831471292,0.07184014790618898,5.227632903385363,0.13249496153037488,0.0
891,20310.210933918,4261.468113134625,3068039.4996771035,86474.80594492843,0.7430091787284014,3512.86313740711,2.357654795440805,0.08467348089149125,6.097537261114118,0.06086772668392895,0.0
892,708385.8425498741,191519.14941232192,23565480.987968087,1999561.4160436434,0.7295161865548897,3942.9872569610475,1.8091984897124647,0.11576203710697675,7.9575864712224345,0.14307021612893223,0.0
893,1673589.1977133085,141154.68070270147,290268364.954603,9070218.215478402,0.5164775173536886,3519.525344637983,7.1978107554155715,1.476646401091608,30.721106533460592,0.22982366897542836,0.0
894,46711025.29837241,14242234.683606917,3287972553.7838798,162690635.76007074,0.624489151587958,3743.71806002197,2.623130621291088,0.11067672685745737,7.804787666970652,0.20495162270793812,0.0
895,17407122.0488876,2733571.4255560273,2170147688.3844995,82323300.19813414,0.6885025973585184,4116.003872208661,3.6961626339043376,0.09718521955524277,6.916159286404763,0.12324082973017793,0.0
896,1860.3982808137184,425.6788398328351,738237.2962711919,11408.783240917352,0.6056777378189537,3159.220221478903,0.3087260336008856,0.09144675446671409,6.335015920439245,0.37756837151814215,0.0
897,15301787.400158977,944358.9153993313,5943784475.415938,108728314.60593958,0.7298821672616647,3212.655073385813,53.46878053597355,0.1457142305867639,10.581080861028116,0.20376382622235623,0.0
898,7774.290502663534,3492.9742004682244,1479507.3157496187,31307.022430313926,0.6564335846429155,3510.9365368629124,1.3714280606255047,0.7266781169912557,14.326819176308083,0.12290688034017296,0.0
899,1320172.9962608155,179323.40661605896,92532493.94773676,5290128.484603142,0.49996130963039204,4167.365514969642,3.1282786927205692,1.5327773632747799,34.58222335952409,0.13043993483217456,0.0
900,25811677.487731844,6019804.161471984,766309716.6416732,72707275.66762897,0.7049628952374227,3119.1443723439106,85.76795520929261,0.830576532710032,21.62046746422086,0.28025819088697085,0.0
901,20398.436154963925,2268.255201381641,4661112.218266776,109375.70378050159,0.7286870336399421,3931.4960369468545,3.1632629447114735,0.07894201205925491,5.715571153961783,0.18884176014922277,0.0
902,46216595.36670828,8004089.854743592,2213952031.442093,157381042.33513033,0.6403216428032275,3701.655656554172,4.771160074631298,0.11624717229766804,8.270695450790054,0.23018708002118715,0.0
903,31812.49585445139,25142.1207508874,1592383.4204630821,64309.14425148495,0.3354120750470585,3453.7917421908023,5.045128207873817,3.4983398017287195,62.588966066634114,0.3738952556711602,0.0
904,74440897.12598407,13521223.200505938,6425215497.290108,293191610.6678315,0.6786015258513913,3269.9034299435884,106.2571395736801,0.0730422999303065,5.484840987342096,0.22104216154349832,0.0
905,9778411.139794499,889648.0050893768,1736733869.1466682,52814698.16628002,0.6805381688485251,4328.499837764639,4.4567596288296905,0.14526882002514352,9.93395680682293,0.20480835406338524,0.0
906,8417909.767971978,915257.252673201,1223435252.960284,42400158.4839632,0.5046671148980344,3102.859854024351,60.861367767910124,1.5214585099290299,34.38638630071379,0.1812834786955272,0.0
907,21183566.006435104,3175857.9300434142,1576456591.9474509,83399776.62272814,0.6335942217740775,3682.2786886264503,2.4006595528898256,0.12576393578289408,8.667671320760363,0.11498443569928377,0.0
908,98328231.32568243,15587769.984313434,6042980295.176174,366672483.8539462,0.6620525002603467,3557.2422709182915,6.185125300197044,0.15986322952619955,10.559862250074978,0.08448971444389036,0.0
909,4731.375867540019,1074.861736546643,1167908.927286821,22930.73575090157,0.6651157564351382,3648.679269328052,1.0227136909535834,0.11900118204970589,8.378287174065418,0.1453834484355363,0.0
910,10478.862517630812,1331.9389865097335,2801736.4193404065,58870.512606306234,0.6138047309569188,3745.19334517503,1.643028962275315,0.7510416037293994,16.257205026537495,0.5697125610893657,0.0
911,13983474.535332104,1730609.8322578077,1597065263.4122233,64109566.52877867,0.38569019916146763,3485.0790040391744,58.31713740274219,2.226945292110215,46.131862145827355,0.2673365305176185,0.0
912,14976186.113768375,803356.4101494252,5817150033.425673,108249635.3511304,0.5152946987523765,3642.761256391855,40.84043243008606,2.1753135463465822,43.15272893540727,0.41624475049472687,0.0
913,7173.785258755508,2634.3238457596713,1428392.6210520072,29685.479790203513,0.7140116230333956,3545.457862130212,1.5701708036183097,0.09556669092057594,6.883595163268548,0.5088190450442859,0.0
914,3765124.6040767366,378044.5089842833,803247367.3864726,21717744.371766556,0.2497473312727519,2919.2283342432556,4.547898208146496,3.461582955672358,59.96498297144458,0.3428050156198189,0.0
915,23717473.922712617,4005156.9630073262,2983970532.04424,105869584.11244173,0.7115882033259227,3893.783079079628,116.39952070103584,0.16831260165589548,11.983085124388861,0.24321127909741297,0.0
916,3968.296809855645,1288.1479716037313,876051.2068603724,17589.379201817286,0.49628852862914885,3705.866522390751,1.6946866729601187,1.5141322565379884,33.5285849444851,0.3192275749869662,0.0
917,44655587.29200862,6417790.826710116,3954740112.5679665,184916717.70099422,0.6530811913759603,3881.2932074593887,3.6597914012822965,0.09970169061460946,7.005921226930413,0.2559190641825843,0.0
918,395149.1546450715,50657.21023381226,40319801.73585307,1757975.2195177493,0.6397845844264085,3668.7712285900607,3.5625443100965524,0.20061516861150333,13.958285895322058,0.1279217905305419,0.0
919,98434440.63141707,12549376.629130749,9830872780.102255,433214919.3465298,0.5898318122107888,3799.934206699567,4.0249796128353905,0.05970768183866051,4.294425543639784,0.09010948666601107,0.0
920,8488.678400564171,1597.625393884616,1957109.3493264331,42082.32951612418,0.6817041005238017,3600.0118890993335,1.4407236570801343,0.13062956491089253,9.200516476567405,0.1215709018509,0.0
921,623247.9032903959,68514.09024475227,114772618.76339722,3231439.6971760276,0.7744457042711815,3927.9367521866006,4.511953745760635,0.05566044691154559,3.9368206967466235,0.2890946299959784,0.0
922,4820280.005398676,1076747.4141130166,133894844.2919681,14019810.377391126,0.294952237982151,4055.340103273001,3.428866904387889,4.1165279064822435,68.88266051071174,0.08550263664927081,0.0
923,4917.424679575224,513.527900111809,1939032.830389512,32802.928624430286,0.6407715318869288,3609.417642761201,1.1945486072081286,0.10169368482278136,7.1942852617106485,0.18817228277731632,0.0
924,415994.70774907037,50605.47560728023,52836826.495090805,1972086.0594435274,0.6786174013380724,4171.636272776026,2.0061728550892326,0.1255726430484513,9.001023268580646,0.29859314317366137,0.0
925,8426806.4238727,2037061.9512026242,482160471.27561057,29094496.701587837,0.6427468808893265,3708.231685154795,4.691863795695401,0.11342858645139087,7.990208364493729,0.08194484941552521,0.0
926,20059077.43250939,10152516.61175867,433431211.96396744,41974497.509132616,0.7324586946451089,3286.1518791319395,14.619942472108976,0.06075884861986021,4.5267716195079,0.29314631162713795,0.0
927,4808491.242763901,559604.1445280628,505836296.65339553,21972026.973387036,0.48468396762979893,3269.6051315916275,11.18387610076642,2.1367608829997353,40.44415391644869,0.2897925483973929,0.0
928,24215.79721256748,11608.258403933916,2308429.090978903,78067.02445952983,0.7851561041774544,3369.633801409658,3.9176501935771317,0.22556810646996403,16.066434560749027,0.33052376018713514,0.0
929,95798394.46463168,6531994.155602011,20746182640.839516,575050864.5230292,0.5563808095389228,3599.6663495932144,8.148913511823876,0.7370750848500902,14.913293074009,0.2170738646191193,0.0
930,134957.04189722918,14659.741318577531,16799691.524181385,633401.4510305438,0.6797822599137138,4354.844752565873,1.5863075400201843,0.07611628903374941,5.446333530037973,0.16255289749912094,0.0
931,6147560.664928022,674218.3146051617,938865029.5608675,31596787.076011498,0.2782603020569089,3953.9832529977957,2.9928338750831975,4.001299281674895,60.93343635824003,0.3516517336792515,0.0
932,30127.532922332895,14446.01198322279,1886697.4612100036,76898.96754103429,0.778014605109139,3174.962616997089,3.071350921727306,0.07169879746730272,5.292024259332432,0.2000482533264196,0.0
933,4047716169.0888834,1644035488.499247,35421639298.25096,7624266457.649818,0.751092926560602,1391.313024747449,320.6295445995765,0.11088724607326847,7.887870987290856,0.08917048388705269,0.0
934,885064.1304340794,69071.98507689027,157536608.14000994,4914475.273490939,0.5287337916539528,3604.977714576213,13.249019091325298,1.5604954749849873,36.76650013840329,0.38775600109027497,0.0
935,12252884.722778732,1276352.0103945807,2591034435.743236,68389725.32201567,0.2930069378386966,3855.9334524839596,27.539809226496295,4.095004881817649,68.14085796305284,0.32589859785934877,0.0
936,27682607.118480884,12190496.684629396,3347776262.8029795,95255382.42460243,0.7475144492143702,3566.2885585648914,35.00058591681297,0.11914958195026389,8.20759721497167,0.3867206273074429,0.0
937,14561.004132675787,6460.847467573182,2012727.6851806566,51648.50801497067,0.6812639630487023,3673.846138706648,1.3262521649336763,0.05636243139201662,4.135955135430185,0.5233201064870141,0.0
938,80383641.49231769,29130702.523182683,2109599308.4723957,208578848.07364285,0.5911255195383189,3755.7012027309565,3.591293544559581,0.07143033586871246,5.313276965339911,0.1958968378106825,0.0
939,177927218.13497007,18240241.810521163,26723789742.82589,920565538.5372995,0.6091157976315443,3836.0922565282067,14.863959454866485,0.09930050642352564,7.184711753136743,0.16680682362681973,0.0
940,2964705.9574436126,377366.99622437987,297019185.4694106,13200189.442801815,0.5748709651023329,3148.0616113841597,13.983519948781636,1.4515369801428424,29.079559458847246,0.25374183632403524,0.0
941,33405792.23924156,7342234.678012928,903435570.980389,97634959.59849164,0.7276596732293149,3547.5117159978736,6.96170237538985,0.13181922042812388,9.372119801919142,0.19100350656081938,0.0
942,670965.769977799,88473.5970664024,53242173.37597319,2704928.5041420436,0.7310221674146249,4050.2811287386753,2.5725918211807595,0.05064355559279514,3.6567193531858777,0.17994960266132637,0.0
943,1509312.1222517136,419067.6174907228,24798177.83475117,3592433.4846560583,0.7068416203128909,3529.6967112625744,9.785473379849527,0.10311469415814631,7.03316231942414,0.367964631053359,0.0
944,1260793.708466363,252624.84757736808,206215167.562896,5845347.203593376,0.759783725690365,3616.967732756841,8.847720516114904,0.2324108300614201,16.698088254723256,0.27949164567819346,0.0
945,16751613.06097504,1455898.6175542634,2710211461.0137806,89326884.46939567,0.6648251598371397,3807.5668631261397,3.7637384570614416,0.07610710121019552,5.237338064737682,0.1700170737731584,0.0
946,3606.4750571425043,650.9530203695779,1317203.4059868318,21617.352687658473,0.6519635970482123,3533.977291861248,0.9287269931626834,0.8083407596050843,20.477320076024238,0.32644567637038885,0.0
947,40211184.22568795,24788824.161164846,661476492.4511949,76504891.38990648,0.10351651143084925,3748.0258083803064,7.641987313071551,5.532645894179302,95.25494829991624,0.07240685319214096,0.0
948,8266.480709331145,1516.9543503878908,2190699.5564899025,44829.22322839829,0.6922918207898234,3641.1876715646963,1.3792312181584025,0.06269111776303075,4.204964760929164,0.36299247855835787,0.0
949,19852.67850014092,9562.43595428383,2852494.4982382217,74671.62617592425,0.6261817541172692,3522.022507369001,1.0847818059088206,0.04807148494652776,3.646856358825886,0.24160896255148634,0.0
950,3479833.383537248,1230929.7021968248,31090948.98188004,6977873.726829907,0.7205873104809076,3764.0744341044265,3.7124300919578563,0.10962853907738782,7.985174781699153,0.2803552557779579,0.0
951,1073279.9135416648,240572.38031756395,35513106.946186945,3231718.5470945714,0.62015490305374,3751.3889177924366,2.476061780596031,0.7095263203821548,13.413792971079852,0.10250280684175062,0.0
952,9614558.18857703,2535650.260041327,283023063.55449396,27688114.1211529,0.7078208985359448,3680.8437276252853,3.3734544916675087,0.06212817921703238,4.593892867059059,0.3283800096551578,0.0
953,17563987.608279426,4091454.921974701,447108509.9691824,47538640.01911438,0.66838609639261,3555.10932436289,10.482086696054717,0.1144765647939642,8.250311070036762,0.18577253620580494,0.0
954,29833.546065917948,21352.91877990278,2149579.4581954144,72359.55761757067,0.6520808210640604,3596.248215090864,2.0677614494151526,0.13528020230240703,8.709141319681219,0.3452577332559758,0.0
955,5171817.918350804,725730.3719802222,731189806.950083,24661085.340090383,0.6761958982424898,3794.7915683293604,4.289225325761038,0.06304113790029478,4.5144254750791575,0.248588013332547,0.0
956,29732.843989105528,7832.500718914773,3492477.0048038275,119325.75654579513,0.5979596796842819,3300.9728623013634,1.6311832406187192,0.03241621052875816,2.262915141428711,0.16531239414767168,0.0
957,429029432.281657,84598167.5973651,19110832867.884724,1413009309.5860043,0.7029452539229311,3579.062604011646,8.75429283079214,0.10786954558578828,7.864720374725581,0.06380605194020339,0.0
958,5200.085334659045,1857.6389971783324,1417763.4957787567,26078.39195832222,0.6118305706809888,3411.344660531009,1.0424549814111492,0.13074606405857417,8.949263379619344,0.3078815562650007,0.0
959,28498192.801211346,4763334.968036888,2727882952.983089,121179933.12328999,0.6567292075486842,3770.577774106934,3.6397225611017214,0.08969622324335065,6.708354659402301,0.08946707714466416,0.0
960,22409289.955853503,1536708.1703003165,5291585802.073099,137149551.2011811,0.7134713141590467,3474.5968111092807,60.190607661242296,0.1344846908244463,9.955475929945887,0.2548208040846418,0.0
961,47883131.79299916,34987886.18683107,1602107131.1382897,107941711.82291782,0.7104869613161287,3685.4472849748463,9.761272887589298,0.05703294773982881,4.1576367333043915,0.22759603578059515,0.0
962,32158848.834991254,6871669.118754098,2566985525.013521,122693254.59051697,0.2418085853815209,3711.1627086724684,4.892028961522521,3.500199904957717,62.85555578751867,0.25797682378769377,0.0
963,64471302.39378872,16037962.275429849,3331597289.4369955,214520205.244498,0.7026254515241106,3828.5246516629036,6.373217366434134,0.1302563171079898,9.326655836658567,0.025204716493794525,0.0
964,4765036.428595069,899832.6486872577,279617621.14177436,17492333.232919656,0.7221190199421325,3147.183441309801,21.52373793692404,0.784137515973548,18.684191278409074,0.06635585426478459,0.0
965,2804.389412960828,237.10659357768935,1219007.550005686,19253.84310203601,0.6278805146632906,3793.64463252539,0.690407696044775,0.083855446873865,6.156755669295789,0.14239718305906846,0.0
966,7055.178203814215,4013.0652259090884,1481827.3252582378,29162.259134839755,0.64126423505153,3476.935818881626,1.2627022151339342,0.13627515308297128,9.42336980381454,0.04184738678299508,0.0
967,99393831.72619283,16995187.668537144,9760434686.124664,425435408.9230803,0.6840465509667645,3967.0942805444847,8.06086857730286,0.13711169004051707,9.706688109597485,0.2146966499648123,0.0
968,3597376.916908135,689050.8141864745,219358012.5120086,12845671.6147524,0.7319962999938227,3539.4379470176577,9.884983788963613,0.09043731178456511,6.515397891299716,0.24490303296036575,0.0
969,9477.869119940002,2673.080235024084,1753680.025786883,42512.079115687426,0.6859963741361289,3525.451612009176,1.0591503988867812,0.04810460462453925,3.701699715444376,0.44324162735878253,0.0
970,16454204.18575703,4120967.8691251175,335398698.2822877,43553276.99779852,0.7435114976860884,3497.298798192002,14.806461009494798,0.11633346383829979,8.741914858667116,0.086671635528141,0.0
971,22161484.90310737,4103259.1060375674,935337146.3460108,74625156.46126126,0.685821202468287,4193.165500135898,4.823411178118991,0.11323062690709965,8.070899784888551,0.09060762561423479,0.0
972,62256910.930055,8691093.87299576,5061525818.56311,255142391.0093873,0.6798142634594866,3654.7717403119495,14.545137499365724,0.7922780197931185,18.84808361911944,0.23578672705659018,0.0
973,5981509.0519104395,625811.2307506809,825792542.3531526,29473377.031357657,0.6603985811237085,3949.8905108297918,2.4914236308013056,0.07124028211484967,5.058231590454573,0.15197078451116267,0.0
974,49415211463.747025,11333981706.741777,981848535658.3025,132156852198.85442,0.7094513457870197,502.81168570476774,25.616239666920016,0.130152897826392,9.025681316890514,0.04450935618835914,0.0
975,72165599.72872864,12001925.0573607,5088957018.910213,281116448.34506834,0.7008008447327672,3894.4997048590685,9.279783293854322,0.16869978032769267,12.013891074888976,0.09493847374339451,0.0
976,693110.0341168962,79552.0622279261,76155394.53255689,3176105.9549794835,0.6700971564049281,3974.149403337118,2.82152559537261,0.19233897023925187,13.824961285121182,0.07403597384547278,0.0
977,12406961.449823242,865583.6255993017,3793255502.907192,80966255.23626463,0.7317904808288226,3393.1843553433005,42.85541718781587,0.13178558650706557,9.733129224292465,0.17306025433318165,0.0
978,72013.99544739342,8899.57850511608,14536788.143756453,386406.4854479418,0.6522848086234727,4087.888556221587,1.122378672517565,0.09384465205818601,6.526705666452363,0.1626786523428349,0.0
979,85305436.09203319,10417775.419729477,6451421723.087961,356917787.76906264,0.699996113377965,3746.1624871050035,87.84153213422613,0.7936098057359945,19.299080567983484,0.19950870832799691,0.0
980,13710.279574314442,5125.035028419789,1399528.6913735773,44195.33907961169,0.7416092909673969,3918.6223211514525,1.1024996391658295,0.08818723052604342,6.32534008222716,0.37898611780787655,0.0
981,5174814.559885313,634811.8411469577,534878688.8191024,23138512.36399987,0.6054448540106068,4141.154335318037,2.3460217831884713,0.09905500997622765,6.933017727243135,0.20955850930679434,0.0
982,1702308.618556055,238932.36151631252,293592251.316672,7899179.625235578,0.6342048794882915,3578.52340863579,7.479415556204882,0.22374839517445855,15.744014355428831,0.4030818522673114,0.0
983,3008.373258433653,1031.0140834086899,596264.2672735585,12608.84198652928,0.29543707891211973,3824.440264060412,1.0225552020012119,4.093112273991915,67.50085802504846,0.5072256510360905,0.0
984,40452.59955163396,7541.744781946535,5020805.583142003,171086.32242895194,0.7023856493631895,4144.972512726261,1.5955716791000476,0.1413251744694371,10.214898861509896,0.10320263104192719,0.0
985,7844657.721607843,1659490.3274427417,227373784.5943933,23367589.3635562,0.7042473791702005,3572.5535890294277,4.779543590497473,0.12926789907544398,9.24567255780342,0.46006755429104557,0.0
986,32978.08089374263,10351.62600018921,2509573.7345534735,96229.45127507452,0.7137996933572167,3340.0911164559275,5.717278011627575,0.19327653099239078,14.064380325160244,0.3472856856449175,0.0
987,325977563.6963644,108684175.9791164,3061883698.737545,679553419.9495944,0.6381917344895653,2729.374938856231,7.525648906307718,0.14919616724174575,10.735645786323158,0.020006429417552006,0.0
988,20391384.97016235,1598535.202661706,5931294056.278433,130752605.39730933,0.8249591390637198,3085.908749360102,108.64986175302198,0.05500093497254506,3.8740423016543417,0.044624231385383455,0.0
989,9873.222434163245,1514.6003293084045,2684011.938927531,54285.37189784871,0.7397718891312798,3740.4641244711747,1.4209134973930493,0.04323059359270305,3.2261072284941945,0.19776052869349045,0.0
990,28200.156572329714,23748.005497320082,1876974.3427974023,59481.16515419021,0.7095566554242149,3476.1033328843473,2.0578105885941764,0.05601468418733831,4.0166623100754295,0.27633471008270766,0.0
991,48570675.43806431,5067682.177848929,7424768392.537982,248154987.2304656,0.7443244306015652,3058.6671356600164,117.680633172839,0.09741806300253755,6.273140322473585,0.22114192991731957,0.0
992,10358729.108258601,625597.9940152427,3457154251.9304495,70916638.63917443,0.7850028396037143,3351.6524230789955,6.329129281799295,0.12412160363334061,9.207392314997678,0.3512226176618112,0.0
993,25922.409197663765,9862.98177387813,4250398.544342263,106441.7884281945,0.6916199060937559,3538.5628967155935,3.1674270505442603,0.0882990187376751,6.466055145296098,0.2969259288152817,0.0
994,15781773.66060337,1818139.747270175,1513934326.102832,70512278.18896005,0.6426766643861479,3763.0221020868535,5.027448323666343,0.12110565565156665,8.555874703365863,0.1359080025118272,0.0
995,11727.336953593864,10791.698857470432,520457.64163527533,19547.944458497775,0.08246878681531643,3790.7074177151217,0.873888747557332,5.435147463810348,88.32530736005285,0.5126356749925637,0.0
996,7430651.426857928,743802.5148926311,792153831.7158328,35167384.278827175,0.09827861502378314,3676.525681652483,13.38214126578038,5.514817426139966,94.10728125559719,0.1102760638956662,0.0
997,13400247.112280168,4151413.9116193405,1970697657.7882488,60838214.77346434,0.7650158481299624,3421.9787466762523,94.59091216624604,0.872769421002044,24.771840592611632,0.1308295574680927,0.0
998,16762597.185702343,1456764.2154311792,2712088824.422982,89394885.59230104,0.6609898761017914,3748.267012703999,4.62985458459754,0.06718071504672629,4.542727442765059,0.2075242628419788,0.0
999,1836852.4260654908,353339.64936896943,52816242.014512464,5531303.323702581,0.6031759221203394,2849.534560545889,9.635256241050376,1.5060552253766974,32.970522261380005,0.33415836807194504,0.0
0,109869.18849113188,13934.412594185942,11928608.488210035,474410.3379179785,0.7340391470673369,3898.9831588256266,2.2757708785254467,0.06378989808179565,4.4159766757398415,0.44602721498742043,0.0
1,5492.005841260411,2723.160273816192,864788.5622467756,19134.38684581465,0.4467352603274448,3736.390557287054,1.428460677134804,1.583855627715564,38.15907599888263,0.29478849691660075,0.0
2,17841154.12470458,2311983.1112074605,1753383906.8578866,77466286.22900084,0.7199492028613277,3004.819860979498,61.42978470132675,0.11556262291617747,8.593096049622448,0.04133078197521111,0.0
3,68241026.39870304,7392689.355067233,10268468362.686972,337638608.6413492,0.6940787237288918,3576.9366628942134,27.417121164601543,0.04819583700305641,3.4768243672019836,0.40568504879764844,0.0
4,12026484.468307693,875622.3298635588,2982314254.0980616,73811780.6669127,0.5224096303780985,3743.5066797667982,24.38333046290867,1.5060706873697594,32.90384899466882,0.2917396199871936,0.0
5,19276.702878793498,4586.484390992989,4007597.0381157636,93828.54649981963,0.7610723842414187,3407.765831853965,3.739733264375914,0.06904881089082275,5.0724217766664355,0.2592426674875762,0.0
6,692439.550405367,83937.20779677578,69979608.94963558,3061280.85335378,0.6864647539299047,4046.563222733152,2.3355611709581523,0.1413002665227019,9.42743956100524,0.26518405636212716,0.0
7,172388559.43298203,11429761.706632972,39368286986.84508,1052887200.903883,0.7172171644552494,4023.1035209205556,20.398603607582302,0.10071528038075198,6.876608002742192,0.22898031106724706,0.0
8,2522608.812901671,491264.81220548955,230618656.1073934,9939874.905281225,0.6293297403272592,3556.20730811154,1.896023332640233,0.08850272741756574,6.34188612827388,0.12711601999951982,0.0
9,11582919.197069388,904501.1471924683,2004394348.3155265,64184812.79105822,0.7221131896580855,3858.435927279552,12.732118671054028,0.054782387722539475,3.832350328915834,0.16415706758697698,0.0
10,22170827.18230599,3645171.076648332,2172038235.6067038,95227097.17622207,0.6477357387291028,3881.4935155111843,5.064711300236908,0.12615620685769188,9.110706041671964,0.2607957345634819,0.0
11,22952.884756295505,9622.443326537777,3660003.2747109495,93896.1016525995,0.6204428937145295,3705.5397351207175,1.817371335956579,0.07382592627400361,5.349421855215921,0.21455181651553004,0.0
12,1909002.6878409982,374686.6347153288,75886820.35107084,6148086.588281389,0.6545363629730488,3747.363841838991,3.7579992324928853,0.1563042659789134,11.25572380049948,0.11453637395436758,0.0
13,48149165.63991023,8936265.314955754,2077822362.624813,162420737.72350264,0.7272256578438865,3598.5730776459004,11.189200405221724,0.09771270434504417,6.94220451284033,0.14461626254459076,0.0
14,21542.915968134574,3985.6348262707643,4419144.535607666,108014.802049994,0.6442925604067458,3483.907364662872,2.7557214218670945,0.15818289371268063,10.988243650540355,0.26352621186815,0.0
15,10621.489920143313,3310.7417327157846,1930190.0926943328,45423.26622912772,0.6639507597028935,3451.9736947883,1.2306574224971556,0.05686680866481009,4.140162545867993,0.520921459843085,0.0
16,16226156.860459995,1097507.5944204428,4163387019.1203756,101433613.01531348,0.5028004381781435,3870.2651722165565,11.586737404340175,1.4936522846255198,32.07485950229137,0.43754749425437933,0.0
17,1386216.0281529701,211106.16850167915,102250269.66766943,5341581.22287033,0.6027957168376032,3800.1801480364397,15.454784557704166,0.7465759347040751,15.982727104102986,0.21943654882346192,0.0
18,252261.20089909402,41947.19049371204,15373632.172489366,915223.6875261127,0.6806648192934062,3930.2646422526855,1.9727633342816588,0.1245760487809398,8.847212951146755,0.06142752312312216,0.0
19,14841925.554591034,998759.8044110241,3405331422.5677896,90641986.45272116,0.5599474174674498,4139.60379085241,6.266207716831789,0.10573831947760723,7.749925265998198,0.23262848033243694,0.0
20,10068285.248326693,3127011.040177013,397220786.9270158,29387936.83603692,0.6332695786502416,3514.7519499365635,6.761385879405113,0.09044583667243708,6.461054583701211,0.06722687067174532,0.0
21,3315084.8538840353,389508.4746262657,368067052.64414275,15129247.000063727,0.764495464667088,3584.3903478330894,4.1047899629194875,0.040773899294484384,3.035148207868525,0.27676969453603906,0.0
22,37224505.59324698,7643926.59496015,1441242744.088685,117607170.40674865,0.7037880509145343,3082.097231577908,58.88094024027023,0.06990268444172605,5.144770283844363,0.1433499741558432,0.0
23,6051308.493634505,875946.5157916446,864989427.7670349,29234033.059369583,0.597450872581281,4160.214023204882,3.4858566069025265,0.7976850174654914,18.80370822657825,0.24211888852312508,0.0
24,5044338.48520526,470094.1051359012,915895866.4737478,27160908.694202315,0.4437178328313089,3871.0576613029007,6.538761903785831,2.818000964785377,51.55431194300074,0.2577057651307881,0.0
25,4973440.205668755,599183.163144062,345185255.7472386,20405973.281443518,0.7394002765704827,3668.887458757433,2.494451998500021,0.0670477528163607,4.8243380862145155,0.18988060698100825,0.0
26,24325.466088290264,2141.2404187640923,6735115.626258595,145082.88414416809,0.7113970168164447,3817.254362272986,1.6864810412317872,0.06256486209282172,4.589266033958604,0.592015619653691,0.0
27,23280160.91074578,2541545.9247923503,3056325737.318438,110697619.51901369,0.4916301481039854,3479.2518134845795,86.02921689093904,1.466226277834223,30.065745157659467,0.18595090903512426,0.0
28,97129.28593503455,21349.5517611904,4486745.893847507,301011.82820751634,0.7529889549087184,3515.018468451187,2.9722321876717634,0.15871950587928288,10.731759724092448,0.1421873014804679,0.0
29,22752.444415869573,4226.064026189153,4625123.445221452,111575.06886397341,0.6723671572125081,3203.2730713893816,5.815921644669502,0.16658088134355725,11.55132433089897,0.1965441570554274,0.0
30,1221009549.7424808,533782080.62816274,15293616483.598536,2335653614.5206776,0.7074220472297108,2143.390860346345,162.26639974666534,0.1321249677067664,9.590933931503155,0.20287579606267445,0.0
31,11568514.326775696,2275393.388824151,1223259140.4448445,47890810.37091219,0.7273140883054932,3616.085341308877,6.565657816340675,0.0545214346747314,4.054953215815084,0.12179356577855452,0.0
32,15555272077.727448,2047459888.5924668,1039140594474.858,61426449289.44905,0.7637837541182224,1669.3598132475645,55.47016218139526,0.11264173150467452,8.282563622907363,0.10981129912945051,0.0
33,79121931.150417,6262956.512977386,12841195242.752594,430583438.2204504,0.7319706314603907,3583.825969931347,8.632552069464397,0.03962325423496767,2.414068935519971,0.1641209511817097,0.0
34,19678712.970983513,1296417.4019963394,4675508827.176813,121406067.27861771,0.5356131923253604,3340.7732955741594,34.58997702232436,1.4810523172243468,31.15636549912616,0.24227294823085885,0.0
35,18141877.54149357,3227951.6422798056,1280943097.43135,69834463.99324648,0.5993757847187101,3713.9448827977317,3.0151851479227703,0.031962814730636245,2.3437884588143887,0.19344413613684017,0.0
36,6240881.390341839,1196648.5988602352,439446553.86642724,22398105.348604698,0.6230191298524007,4287.941224610768,2.0901252061367956,0.15911667638541188,10.579128298052362,0.21346480540491455,0.0
37,2828179.114615547,882403.7765894277,76186019.6854914,7604542.700446057,0.7312782347485106,3533.2483532758724,15.30501216739656,0.14737512210253617,10.16972182405068,0.10963266113156948,0.0
38,11764.59093608634,4068.2901647462945,2411081.6025053295,53555.972693218035,0.6508549392265899,3402.1501260335895,1.4958135543930102,0.05601825969459266,3.8641133446652036,0.3614526732139529,0.0
39,8292885.874111578,758742.3673314364,997748920.6543753,40892366.54461878,0.7852443806798073,3836.128852417469,4.075153426981991,0.044995073488959036,3.3972634795855727,0.12517657907386684,0.0
40,138678778.16081733,74245834.65737143,2407593956.273203,278705346.1961412,0.7220288762724614,3456.7065603093265,7.347465583149184,0.15132025219405554,10.967625445302364,0.03449330996624815,0.0
41,10619715.206190538,612668.828829232,4066085066.969342,75623828.23835476,0.8011311557768032,3703.047441450756,13.4264519488336,0.0930685972280469,6.471542730587172,0.3868529723684304,0.0
42,346391.7837529144,108592.26763393378,28210105.3827342,1223428.2870778828,0.49102934822389643,3067.7869090896756,7.089320583079458,2.8248396918861802,52.19352819751655,0.43023919451163334,0.0
43,4078870.8034265125,1584397.0702991416,52233852.7606973,8503019.73080063,0.7362670338699046,3339.640083413842,8.729517402428938,0.13371000166267608,9.210304259341397,0.1474332514563048,0.0
44,13019652.54484379,1171827.7501646434,1961576894.038945,68058199.84441397,0.7441089503811711,3343.5304449200466,36.49669935620033,0.07838672683607033,5.787463295869651,0.11839672417897219,0.0
45,3137.732940792712,900.9100823041994,757565.0788312117,15078.45866182376,0.08999958322526178,3669.5820601566174,1.1321328536143704,5.465234508932062,90.81181482110013,0.46057813318928614,0.0
46,5799533.238472717,920552.2874753323,510977136.2356535,23519086.11550099,0.6384509755201251,3654.2216071487865,5.568794709736324,0.14345877763474765,10.244680129999239,0.2013310007941839,0.0
47,375217403.45199424,57649548.95424893,20545313814.888103,1376525642.0516918,0.7703167945336171,3009.4430565322136,2466.0583037660203,0.25404934121643946,18.482362308892192,0.11162270322977132,0.0
48,478126658.27325773,230663492.9879725,10635089326.58721,1046776197.2344166,0.7115854391872606,1661.961713294696,9.394301799749941,0.11328623998028453,7.787457124400778,0.21379395065027706,0.0
49,75647.24936527185,11321.384188348922,11781365.939152246,352940.37752890383,0.6470395345570541,4234.603703143699,1.6294219900987945,0.155386758819047,10.127675938879218,0.23842846596790784,0.0
50,5769.191031948777,782.7172803792638,1165861.035559407,27641.1454024743,0.22800461114815565,4266.364452918783,1.624929913024121,4.2202836412566835,75.43633842381999,0.34710625550934177,0.0
51,4248.102706685403,728.6703434399708,1385980.5354939369,24976.697959539415,0.6652088890740911,3788.1147819826465,0.5882532615361101,0.07383681683027107,5.339045049378522,0.30418946837577715,0.0
52,89517478.62839213,24113717.48652981,4906334622.976347,288825893.78602564,0.7071170654682792,3906.542799180645,6.058376515527295,0.12031792112344472,8.864113592199523,0.2705301273330624,0.0
53,8461162409.858014,1045379110.135265,595845016691.2456,34511351936.23276,0.6858732681185777,787.329628086696,37.950665152833544,0.13774678286581662,9.67552464259846,0.09540920070572557,0.0
54,532533.4356376969,44845.403726163866,166380083.57922798,3383025.619082076,0.5621837783011009,3921.927396335454,7.648278113411453,1.4596484450151943,29.66141356874538,0.33081429445972116,0.0
55,3995.2791820743614,734.8664942221683,1504185.6960555627,24820.16459860831,0.6964721203896407,3903.7923690584466,1.443782869135718,0.1497230059704818,10.33414815515205,0.3328404059989742,0.0
56,115117346.6436053,38788738.170557246,3840640888.988532,318450608.42370504,0.6378655403623932,3456.8257728199005,7.836170096549385,0.07100169576665802,4.779116504885401,0.09164849822484349,0.0
57,16237465.967669267,2101700.5170864724,2876977853.010157,84436715.73002301,0.7700489125410594,3215.61788172824,151.73048416525333,0.1397152478344413,10.353617566830163,0.23835447579858302,0.0
58,28616458.781184673,7212159.242948455,863401256.4991548,78114452.60182604,0.415966796816672,2780.4730734817495,68.37377433270456,2.221168840335637,46.810679779347666,0.15596789621985965,0.0
59,17332043.48988808,1268865.2165048965,4346298713.485643,106800049.28733848,0.7704713009089854,3194.7928392007084,97.22266592033232,0.07090676786600776,5.136701808602588,0.31189665724046056,0.0
60,67055.08567795977,27463.711186786364,5540798.007686479,229193.33044284303,0.659863640960828,3886.005219944461,3.030094880089313,0.7849308227928081,18.956711937741527,0.22735633215970422,0.0
61,4337370.1515441835,1183710.6037417937,290331801.61987156,15688255.434234377,0.6720521817589022,3427.508531389075,6.732923790630028,0.09442419987406962,6.492227890127798,0.16449630352056374,0.0
62,8554771.610785048,849519.5500426285,1130980469.7865424,42797131.50604239,0.7499800570144796,3219.085356640129,12.775887594287225,0.7677428680286025,17.477029863163523,0.23415855230303986,0.0
63,53311569.190238625,8031659.521443948,3393260255.4383607,206250895.3932353,0.6743669687931529,3608.4262774058875,6.098583865805819,0.10419989091702533,7.44610434331743,0.09674627202348692,0.0
64,7540298.919085436,1443693.3607926324,351762440.27658004,25921440.77125574,0.4458036211915526,3668.346116827879,4.6765705848120795,1.5527583815449815,35.81782930341946,0.28914121043751706,0.0
65,43070355.6556033,6590083.811413882,2467894585.0996175,161898182.7895679,0.6680802709659562,3987.5437243007086,5.733166131690911,0.8218395885900188,20.814259537041874,0.17444438867586987,0.0
66,4400.1453373895565,2626.639671839615,634790.8457811114,14297.051779122534,0.07700964599996643,3566.569227910224,1.075256791730705,5.506276419312541,93.49058741036283,0.38608478127332896,0.0
67,126957.27057583924,62706.778150812956,4361537.430586127,268192.72791457153,0.7299577847526135,3383.4665822941647,7.2106778066605255,0.12100500313304678,8.667155620887495,0.5358203731933935,0.0
68,76343806.79571348,14193157.387479696,3907486596.7462263,263670387.33166963,0.6038845112011194,3943.242851816567,5.116887916806497,0.1936407414557209,13.135063489125276,0.1109827933436918,0.0
69,13284966.528403947,2963467.159369208,461233681.6911375,38568587.037221275,0.697863012934728,3600.9854005021166,28.03157997440054,0.08021290595043133,5.836850326201589,0.20499498341235478,0.0
70,26537840.80834839,3680340.8796666428,1405473607.6121516,99116531.93668485,0.7426779113973796,3631.2680949506403,6.643402893320961,0.044334915072253976,3.0434518907206156,0.03549995451860988,0.0
71,7408163.359341979,1159842.1761245837,529898161.824525,28347618.774109624,0.6881451018283408,4021.231637135118,3.576797001422361,0.09277411270375442,6.743768796954159,0.19637423423640607,0.0
72,60036.14384613289,56609.12902244448,1080252.7584576996,83216.85389273308,0.08600860684944212,3642.7128215812236,2.740921947350433,5.499681184808706,93.25850093385854,0.4226434175496708,0.0
73,16193642.126186034,1610176.9185148545,2352872660.999406,81990856.38697752,0.6907827436129816,4104.933371910479,42.81817349774124,0.08469205200113165,6.187147506201109,0.17433650330094677,0.0
74,1618.9879474545487,229.60686811831383,743271.236298392,11079.73508659025,0.6373712651162828,3689.463490048571,0.42279023842558855,0.08415175679956972,5.824996674089277,0.4064023971600909,0.0
75,83232508.9264351,17614140.771721475,10066405439.220417,358126783.2384242,0.6529096828818611,3934.0904527501048,2.7295788549911184,0.19149051377930676,12.814344253334749,0.10496582648400116,0.0
76,5890.871733122909,987.1472578328414,1701456.9273737601,33647.53613466544,0.6071825661153902,3654.875363830119,0.7994921443084512,0.7623328715412521,16.98543905270295,0.5117777470870827,0.0
77,9394.287555292265,1564.3134545320222,1963420.6631159112,45524.24048217548,0.6080645033582955,3518.8446796804174,1.0293235756505168,0.01870761376147545,1.2780301779716354,0.2457985236764824,0.0
78,4926.364722874698,702.4514608390584,1223505.557880843,26308.02335657089,0.4450461104796908,3757.4919032854987,1.4845813811890796,1.547875207303861,35.42773477123528,0.23672725612262158,0.0
79,5072547.476971605,983782.5740161259,310638278.67808676,17600169.696009044,0.618155405154047,4057.967980274488,3.080215159399084,0.16633297522496235,11.150907958889908,0.10384009367675445,0.0
80,2787458.2612455157,440888.69332767033,113347443.25914998,9545512.757361311,0.6139922328469449,3549.5201189427953,3.1625405244252716,0.7460475438039931,15.898323376902374,0.11978797930163551,0.0
81,15220951.97295923,1018380.339837588,4664500373.425835,99670753.81982586,0.49684831533825297,3371.1277105644303,5.38198847236861,1.511137869396663,33.03342092487762,0.34768322904401094,0.0
82,654285.1633943304,108281.2859730157,62816726.05078747,2763434.3867807253,0.6415633076963554,4164.563553515192,3.993358328232785,0.11302009624120526,7.789913902852646,0.23176578269035544,0.0
83,262029206.8305447,49184863.59098244,15298095496.805918,929272593.8883159,0.6000339371939766,3404.5585217261605,7.205450495718886,0.20748680942084005,14.59248915804917,0.1248561569014603,0.0
84,1211.235954581734,159.10160139083274,504238.3406128989,7890.963596763495,0.3574170442920989,3827.4066741199013,0.5113666796084126,2.752544614763156,46.65956240429544,0.4599294224674812,0.0
85,41780635.823157445,5822748.120323658,3687936610.5520616,176982180.51763433,0.5935440427550759,3742.785247646246,4.9954058192692505,0.2637308409348972,17.433449050357016,0.15919179383713689,0.0
86,4401653.516294949,982534.4022928458,108949860.07050376,12178049.72181508,0.6968288024791953,3672.504263433114,6.64226624538569,0.219691317771475,15.452108387000049,0.11468316851797764,0.0
87,12710.965794925674,1719.430195150985,2701414.450657306,64599.052649696634,0.5024313146739886,3709.614822049066,3.8524599995266144,1.547063729235546,35.835105525854104,0.4895813269728778,0.0
88,5391.573773314459,693.0749363895318,1686385.3471676528,31731.869893951265,0.6326479978611477,3715.069844368804,0.9219312506826282,0.08672236443917436,6.148565080715978,0.2140957856752531,0.0
89,20704445.901511397,1575816.5755437412,4559344230.6284275,121891413.7215809,0.5447094707549734,4073.8446243695157,37.67081506319246,1.4981684746387087,32.14964770151253,0.17448851160967083,0.0
90,4161512.352978144,868993.9883987248,163148880.4595786,13029771.544934364,0.6719645736557629,4035.880601517638,4.184760585575023,0.10481581900158946,7.6657611508696535,0.10979496258541102,0.0
91,2108873.9497589488,218679.95097227482,313252049.83171207,10713795.482683674,0.72620736940739,3734.1292509100604,6.606944601903679,0.1502429831276241,10.788642529374801,0.2033783063286753,0.0
92,18778891.546961255,3062617.256408287,3250429794.709773,89689665.26035185,0.7583854175263463,3342.2668839959238,28.08543609279652,0.11524387661139972,8.376555569224958,0.2789843613704006,0.0
93,927.293403832279,59.272500492282916,457279.76368541084,6896.777199018245,0.3095787031735524,4417.396435508081,0.6496115697516285,3.4766849604316676,60.74990326758475,0.1250032939399659,0.0
94,2301476.150351612,484150.3740669964,82736090.63142616,7249191.346273568,0.6401263406491006,3855.205185912798,1.8949478942003546,0.10067870831427213,7.278492627409966,0.41460630204877025,0.0
95,1642495.1421469352,231283.51086132615,152081368.9239207,6977140.13406906,0.6636481177002043,3967.981473204005,4.4016172899974295,0.12612776509821844,9.058429139512219,0.1362020296222944,0.0
96,19065324.93830072,2723922.4273310727,1709406494.7611363,79536365.28298137,0.6936892592025732,3542.2793382894306,14.540101718693894,0.1812121252765837,11.919877646185412,0.2030106429933687,0.0
97,323223.257374657,91413.89614431959,12669899.660038475,871229.4716730323,0.6426634478495352,3800.101876909515,3.049307985222658,0.7336169664063827,14.851993632677733,0.5292489769184647,0.0
98,4964.115965684493,1561.4865293479493,1338255.8302362536,25034.257777018116,0.6666607331253636,3477.468846155294,1.3877254138446917,0.7781339089398422,18.18254524637546,0.0358270230319534,0.0
99,1454755.3686044337,317283.17201589554,64924437.81508193,4643447.649236371,0.6624802131557692,4076.400991751634,3.1909724596785667,0.13468311436288155,9.567873008464192,0.11203831389077074,0.0
100,10624980.740429077,938213.540630424,1650093927.687658,56384032.629484914,0.7359832758631875,3657.035980813883,46.72871970839685,0.12115455773133181,9.003292603216812,0.12701465724744365,0.0
101,11618909.754755316,885570.6476955224,2024383259.323293,64723950.01951394,0.7307946581949832,3896.3138825713677,5.912643794858607,0.10015024770720685,6.94698359928577,0.18103110401111683,0.0
102,2637.0231070975638,377.8348447753739,1015614.2860399846,16471.631531352126,0.635119338140371,3567.318516948407,0.5535390143915025,0.02970581911608585,2.274300236332786,0.22728749308607113,0.0
103,6580839.390319693,503583.6287667061,1291058223.502147,37777689.231007434,0.31071898083077637,3721.9231664206172,5.0538804538888655,3.4394999472124717,58.40464346006415,0.21057915976154484,0.0
104,5496.212533806325,1206.1979372778198,1411467.7448658545,27421.292030765628,0.6538893936613339,3489.729613279287,1.069951205432118,0.13139501511589877,9.36702611632938,0.30050614166557854,0.0
105,7396366.443736644,1445378.5587134701,250220592.91961962,22637818.478634384,0.7432356508047009,3664.413691537736,6.186461572586812,0.17712730612599,12.959782563135073,0.04453862869584666,0.0
106,5636322.620757061,687538.3694542466,520358647.333523,24722409.61687667,0.8003323691908868,2779.077893720194,58.90606648298199,0.12202608971235662,8.825886048184545,0.1343074782323117,0.0
107,9213.011907885888,750.5021825773407,3357600.9068651595,60225.50764708863,0.6787442593161752,3724.8923296144553,2.6255844729990194,0.1508710493840913,10.633909151836308,0.5686817634939274,0.0
108,7199695.780488337,1042938.3846215609,562589400.5492432,28543385.23941821,0.6408318426572409,3930.851706362726,38.393233751571636,0.10044285953579601,7.397562276978009,0.21677943269711097,0.0
109,13706000.053609755,2171150.053626716,676014083.4406078,49148594.05322319,0.6633235682029046,3797.208827819328,6.521424534392577,0.8090581451208688,20.625580768762234,0.10620968101111229,0.0
110,3772.92830591401,1978.514192655731,987449.360539479,17095.939559410683,0.6373520281417855,4052.9556668331234,0.8718388651980116,0.11714491590439735,8.253211597950628,0.07380735613190116,0.0
111,285410.1892144262,23382.554965706167,52186098.21192412,1573146.1722574022,0.7124034229798434,4071.504565411541,2.1288449321816096,0.0832853006122007,6.0366988297489925,0.2303664893607224,0.0
112,172634223.05962744,52738853.6836905,8138421292.392416,516893884.0720746,0.6527000798733902,3703.3085749807724,4.985748913108893,0.08961479894165816,6.3766115556291085,0.20250233618191849,0.0
113,1398616.5980846079,251168.30605215984,82465875.71392018,5061449.020572608,0.679074859098883,3844.221385319206,4.797537218441497,0.7235576230535277,14.679963994185721,0.190761816286256,0.0
114,12286170.743505199,1425043.7966902887,1173787026.3514042,54869416.355457366,0.22566569446763235,3780.6444209400834,9.147416185725335,3.4897865256505023,62.14011200576319,0.18551027750512736,0.0
115,8592020.318889279,1644873.274805101,667088602.8092086,33292643.760622334,0.23544283928840892,3305.3117336847954,6.414071472292116,4.176700349311758,73.73072105043387,0.2989951576322422,0.0
116,4947.75426667792,708.4765846031968,929882.8471963151,23575.237521078136,0.17864351969190062,4278.2638135235375,1.1190796700056507,4.177741077550477,73.06841538325126,0.30881273970757783,0.0
117,2355924.404801157,325227.91578097054,145696808.6996315,9172952.497941716,0.31254427929727246,3354.3809900238057,7.636071443059866,3.46735410977132,60.27618044535067,0.2857634460225963,0.0
118,10855572.8736644,3611080.267524241,514772944.9332911,34574902.6412288,0.7070384476610746,4052.7091684091138,3.456483648589238,0.09733515842259681,7.206382075417207,0.1392913370362789,0.0
119,3072797.964547926,392426.68400387315,301705299.30180275,13581587.364984253,0.5788696510316618,3847.5195785826327,39.01451169880067,1.510192210651193,33.079951484593906,0.3579679035827248,0.0
120,25687.608127677355,2130.1007532109825,7305247.136604031,157029.76931309458,0.7389012354315929,3596.940881601372,1.6023343416159825,0.06957877879339032,4.964493388378114,0.3326520004684136,0.0
121,135343997.6590727,52212459.42199249,2526515796.556963,296777648.2253517,0.7396794495360003,2534.2580746204144,104.40073294652993,0.2790316179074542,18.6736504508416,0.2197465735385135,0.0
122,12022534.112974714,3516420.757457494,354254414.63315976,33360941.737618815,0.6411368161896311,3580.07201357582,4.781970731946539,0.10734270677779652,7.616926577484861,0.18448432650448085,0.0
123,31012861.674514364,30441621.032516636,98154372.89539537,34307228.96315273,0.7355893124107018,3307.7596006498134,6.504345234630861,0.1499753954032883,10.90052222262178,0.09018264680918177,0.0
124,41057587.200696126,8995336.483686505,1573714313.7385974,129561423.0844378,0.6090649132165963,3677.182997634996,4.307972368785904,0.11569383125592703,8.04407461876254,0.09941968023754646,0.0
125,747034.1510244968,117263.41463894086,60520838.6042483,2975177.3522309167,0.6741910874122563,3913.3247610436274,2.24399050563706,0.08791532185140838,6.321487847261643,0.3581355790036625,0.0
126,6855008271.717784,2579195353.655591,64295652613.4388,13502054036.696762,0.758055227567119,1171.7413091656308,81.7183143560191,0.09450153190939928,6.863077677624672,0.05194706355756927,0.0
127,5415.223496183242,1840.396383641144,1151806.4388231724,23940.185553766823,0.6683173470444075,3593.814330547155,1.5051478871791777,0.17223578879312829,11.983361489370463,0.1859339494294947,0.0
128,23441670.44920314,5529912.312594513,2974272891.907481,102870002.47488073,0.7322997426639762,3565.2540306883066,27.619746610444082,0.11753399461066127,8.749336889364704,0.2198715428567751,0.0
129,12893.170060608234,1475.4404933537323,2928214.9917430235,69969.35219160489,0.7230460580783672,3679.0524423440293,0.9290924358660358,0.08383767614726176,5.612199482937673,0.474317418238673,0.0
130,3438.095174351748,388.078787569802,1373646.7020331458,22359.916437919674,0.6856443028041783,3954.451301409821,0.8399594532247944,0.13078889626088924,9.048271413066665,0.08102108215758365,0.0
131,70168074.47019741,35767600.7743945,3088605867.8601546,194179541.54939407,0.6986678700597071,3593.4237442417398,6.316170391546905,0.19852982965366178,14.283939750836078,0.16897788074805725,0.0
132,3731553.085647737,500684.72448394913,283844831.0262325,15347760.449395796,0.7276009569942705,3794.2229366571464,12.413663716767525,0.1181176432865609,8.438031919464231,0.11728087111466068,0.0
133,8110.809823008461,2238.491506939169,1759152.1991128798,37698.66850782842,0.691711435077899,3720.1096869442654,0.8692014275813337,0.08103266144609425,5.571875875506005,0.15145239903516755,0.0
134,580317915.6143026,186608648.2389653,17918245441.53341,1549793582.3005433,0.649707671092722,1826.6529053833397,7.665935652854255,0.16356125080968953,11.067154080127201,0.09851718178940179,0.0
135,15674776.378403213,1000867.0373383708,4783804236.948854,103457367.87886843,0.3077625195661427,3616.0707881850485,5.424360087326162,4.129430305164746,69.68241930686227,0.34375319666395376,0.0
136,278897490.22862136,27857992.321050625,37738396772.13185,1384788721.095445,0.5377214842138038,3662.3742177284166,233.192108399129,1.444601141309969,28.53670687676754,0.07091445434358858,0.0
137,198664.82457114794,91938.0516325173,9999281.958427671,537568.1294422691,0.7413034479421161,3545.779587225723,1.4616034008615493,0.06301369468924119,4.485021287717897,0.2958091754576634,0.0
138,4841756.181792725,851029.4599877608,300458356.84653175,18487790.171183385,0.5430646839611638,3456.855016124475,30.698989692722005,1.5116601531554223,33.56728717956311,0.052643873143338585,0.0
139,8519826.55983308,621088.8740053677,2041296069.517184,51928183.631073095,0.6962311972921582,3247.405894870806,7.007589173494325,0.10473418614377313,7.436408244754324,0.18652854772968097,0.0
140,669683.1962367428,223528.92721183127,8931853.695853624,1420118.1239486898,0.741379241904655,3479.9428818839983,6.20707054348766,0.10197111713951079,7.236819947488418,0.14213691839544518,0.0
141,45341996.129185766,8967858.057795513,6900397647.152036,214623639.86057186,0.6705454345849581,4133.798718588646,4.779713236001028,0.13701850502460192,9.854710172106781,0.19399999387770536,0.0
142,25539.21579176242,6108.56891655208,2621649.049711182,95744.8501747248,0.6084906905619657,3788.971356009417,1.2087747963133189,0.21747092809800614,14.749575485977019,0.2441933556123761,0.0
143,3423030.548641459,3352757.608245422,28924245.641855527,4196125.3070144225,0.6926379287739833,4049.123914451813,2.4834436397702686,0.15235389469045685,10.504427860906079,0.17491040328193416,0.0
144,11177.259047347685,7542.592505568684,1375476.0951407258,34741.01415334647,0.6723451188230343,3886.386891912807,1.5916521285101186,0.7576539779116089,16.916469545906622,0.1774712073638772,0.0
145,7676066.973993434,913020.2493826147,1108266694.023425,37871014.57772015,0.6164899349677451,3699.584594610368,3.3388904147480813,0.08448349608379387,5.483351027320628,0.30890770238236137,0.0
146,3194.75684215422,437.09990808603015,1216563.552904822,19993.303539131233,0.6502148713570761,3605.166406156999,0.8398227495938481,0.11044402452289433,7.882604312318786,0.4109759920180184,0.0
147,5418761.825548631,709259.5893794456,518303895.00209296,23358536.35723794,0.6677841942838378,4208.118605697863,3.247026637138932,0.18667956079349945,12.879413025647523,0.21098213470663005,0.0
148,128782.66827562705,29690.291658424667,16253170.446257403,515185.34212629014,0.5991105945118781,4000.003807172401,2.1237198952462397,0.16473818434094153,10.908619174502013,0.19013340667811635,0.0
149,0.0,0.0,0.0,0.0,0.0,0.0,1.0,0.0,0.0,0.9982587333625258,0.0
150,5390.6687777195575,1282.345707340403,1178655.9593220032,25963.93100473502,0.08871756187734554,3810.0961462378114,1.55227919249998,5.47023164289672,90.84931813655315,0.37534108731642724,0.0
151,37137108.74864404,5255069.569954356,1859632164.6689332,136813302.65678006,0.07589185203009005,3826.314602540071,12.142925552625384,5.48368813923294,91.86202486467532,0.1832109160222146,0.0
152,2165838.198885001,1099681.3244492235,96624580.44402954,5935755.30900529,0.29612147377391246,3659.154946640363,3.0806561532245307,3.4284601717648884,58.48039584268817,0.2940420291897595,0.0
153,14114579.761766776,1819769.6240001046,1167588373.5885267,59171458.17426109,0.6568787642716114,4364.3898244442025,2.8698019019777954,0.17861218774501636,11.485608663215803,0.15096549290970984,0.0
154,11833400.017699972,1677401.4752173927,895959398.6182741,47773773.74705875,0.3180886504650341,4266.9159578801355,3.541210444833371,3.4674721407446185,60.371099242926185,0.36788505219863826,0.0
155,7731.81257926168,4287.760190204026,990905.1326877351,27336.549852084347,0.08687823722358763,3820.3099799908096,1.54991992439744,5.450369737424044,89.42387377709723,0.47057901653485856,0.0
156,13249.42325002799,2155.6638615091892,3664521.127007287,74446.84027064005,0.636796342913965,3439.4419258785574,1.1681060920427928,0.1195912652316399,7.9578993136766485,0.029738543557514804,0.0
157,51962207.65264376,4467106.5563810645,10818799027.017384,295852900.25132596,0.644091499051201,3532.851918440844,26.052707402081857,0.1351913828561714,9.214953952018693,0.2699286101489362,0.0
158,14744327.18629865,1071734.7142114115,2873953524.342142,85197581.92675258,0.703760544480591,3805.506126856869,18.93309645299765,0.17517249569619658,12.75327899783308,0.16906036094867372,0.0
159,326385.30780518125,68503.09566524152,16107036.657561984,1076716.7176647598,0.7074474875952694,3465.900758225575,3.7901298204976492,0.10334279892363388,7.371479618307279,0.2588326540055285,0.0
160,27655945.337014515,3053433.0892140735,2783295742.447883,125176617.44215539,0.7721959849171204,3675.4216673973033,30.417583764553594,0.1399715586807984,9.986292505853713,0.28821673241413726,0.0
161,14770990.629873654,1879746.1142067905,1414328844.122889,63746483.662050486,0.708699641313037,3586.812298818947,19.969830385510623,0.2285649400965087,16.28380522421815,0.2994101901187016,0.0
162,31890803.26907882,4834923.900838885,1846349787.5800624,118781418.61230259,0.6938709489658665,3459.0245773000142,8.206783222659277,0.09546104598103744,6.683947704722686,0.14888111075468508,0.0
163,15484.814053555252,2414.644262699592,3923447.9096262082,86494.206463023,0.7064820402259773,4081.8630066909222,0.9817161255015547,0.13828766883634866,9.518971818418848,0.3594300151670277,0.0
164,781042.3692627994,98422.1351580825,92892321.49822047,3579314.4455941976,0.6827754162639714,3749.2106303607384,10.047364904740354,0.1569933611667606,11.041724252319007,0.13285462732168996,0.0
165,4072296.0949075967,492483.84595874493,388236417.02829504,18024182.009740554,0.7678872238063172,3136.2834059319994,22.573851461216645,0.8042212120659453,19.391967516279504,0.2004706418746632,0.0
166,21224074.421213977,1770437.4745834842,4856839372.518564,121760300.84863052,0.7492378563645002,3271.3727620401896,182.86585282531087,0.20334450447568883,14.877078048837358,0.35045672677403844,0.0
167,436361.0660057999,305540.2117318221,28273426.882456463,1183299.7203275107,0.7227503363571743,4198.4616552835805,1.9245918150217005,0.12697919030543706,8.776818876393486,0.18257532361777054,0.0
168,523837697.91797465,284097686.2811993,10795123090.459272,1062131217.6580967,0.7175410698673997,1841.2673074976547,8.96745185292009,0.19262044829266572,13.067929031125356,0.17302269322349362,0.0
169,3991365.304573781,562383.8603809228,215369965.65402824,14844391.493317014,0.6827277131836273,3817.9764158479206,13.047290706116458,0.1586170030981499,10.941951259989292,0.29729566563341386,0.0
170,59034922.98990305,9173788.536122462,4902012504.658019,237209722.7473564,0.5101246915404353,2982.7549001713965,126.2695088705953,1.535912607222372,35.26425731724389,0.03528836685712073,0.0
171,1123679.160278261,482459.5786241993,37184502.54893021,2785613.2841090774,0.683574100854465,3638.879120776657,2.047027467894565,0.14136545722152477,9.284509547493425,0.2190695076618033,0.0
172,2015.9524138471556,392.9073067564634,713758.1895069589,11912.00518126018,0.5902502246301529,3385.7848444004007,0.1348060953536481,0.01680443416064543,1.1206811658748195,0.34585166478085794,0.0
173,9444617.243751505,886544.5767406598,1084649128.4680047,45862401.68035261,0.6166798878972225,3715.1891893753545,5.111712211819989,0.730463686646219,14.768386940505863,0.13637920772510626,0.0
174,13566462.724024585,8357300.865096472,914496509.2836215,40077397.38368906,0.7636019357554001,3671.5517202953056,5.181791614352894,0.11991393506903299,8.833444990476167,0.267579313316882,0.0
175,5083.983240260559,659.0475578046554,1231554.8134914245,28094.699608000403,0.3996301368075381,3850.319906393658,0.9521790043018161,1.5160560738070854,33.596571350108,0.3929493104817812,0.0
176,24182194.539412457,3197877.558361753,1791467978.100717,97464238.6866678,0.6585716648282693,3767.3465734756014,5.01637328651186,0.06557518388789071,4.635410694252599,0.11079373171939805,0.0
177,23959400.63957464,1579828.164197558,6730302222.534274,154002799.19278342,0.5270490687859514,3443.5718551178743,54.03865292043872,1.4439992542917277,28.487316476375746,0.01230395451687574,0.0
178,5336573.172468418,566344.8744173732,622177120.8602741,25365888.32387121,0.7302338457106032,2787.298002963902,37.242581488822644,0.15269645075280555,11.089124057906027,0.14511368816899095,0.0
179,24915185.288433492,3684049.5180847445,1312043692.8163133,90748656.05357032,0.734483395779044,3403.2668158072415,99.13719128591408,0.10088912728618596,7.3429135041365985,0.1508842544788203,0.0
180,476928.44302704063,40061.47821118809,123896358.4278675,2894169.332140269,0.4292170868674402,3379.8831060437988,1.2916860635959957,0.11573306117668176,7.756641654567792,0.3254620213102497,0.0
181,20659993.83412168,2685568.409416476,3400499090.767207,105254719.42685015,0.67402131720338,4120.132019593265,8.016396231012168,0.14825356445931331,10.204091488554898,0.1155371050082362,0.0
182,7053393.421599634,2132981.6654721666,370197279.9695023,18641237.05557915,0.7111643994024772,3292.2853253196236,9.712168109660645,0.09905954276565102,6.789185597777326,0.23879139939900584,0.0
183,5922757.135353217,770291.8442191161,535834807.8053697,25707987.759055655,0.6715839864148407,3256.4614045146423,6.754052389582121,0.10667772742145978,7.812342569207251,0.14180579045866717,0.0
184,4747.472660951964,1245.4027300767557,1358617.4300278523,25176.5668212564,0.6333001069907688,3591.874439575594,0.8631609871615237,0.060436683825057534,4.329287399601915,0.31251208533178765,0.0
185,20334.553722910863,5593.708131753609,2486506.203266076,76049.17747143039,0.6408880737075234,3780.0621467216897,1.576153848143687,0.714508282981323,13.486810368487932,0.47117677378445577,0.0
186,13328147.279020038,887566.605609896,3083833860.355435,81533594.24023062,0.24973330644019467,3642.2943729707777,17.326474666635058,2.833517100452109,52.735102838239655,0.13080822360917874,0.0
187,8726665.784915462,711458.7235686046,1728119514.5018296,49455016.71926791,0.49033222990370595,2972.6007130860044,9.935440495093994,0.062589852601403,4.832668646746133,0.15582096657446606,0.0
188,80518.2931413788,23464.32228236693,8850123.508790042,315182.8039025192,0.6403959321371145,3744.435766051388,1.678935884923242,0.09887930648782453,6.716760688375267,0.05858854326682508,0.0
189,204.30560642860732,38.81060809510923,113440.24934552536,1355.7201764313247,0.2490973605469129,1945.9225095910788,0.2717063339024578,0.0031075814652978375,0.20249454758826174,0.2911811856828681,0.0
190,49796.66626479683,40103.992391525404,1907149.1551854678,92118.34461575668,0.6480097062209532,3527.184443990498,1.7895994097194632,0.062239782419199675,4.671352336101552,0.04435503397188949,0.0
191,4936200.968123615,1189615.9237781088,113587414.59413958,13383369.499998162,0.7303039594445089,3453.717542904189,5.256887335921775,0.1839951645366189,13.237141317651657,0.09998428708627523,0.0
192,33575383.11532629,8848895.333345637,2743203463.5573897,121842979.76556921,0.6306364117428139,3571.2538379499633,3.347111564331315,0.11570756464090515,8.354937767945207,0.15022964807948166,0.0
193,23870.153390457486,13707.60765394876,1584399.0418035467,57869.4978946348,0.6659486332175931,3344.1048306879275,1.233017625552742,0.005903988754199041,0.37815227156482933,0.36148522819673296,0.0
194,9150325.44783317,3759622.3628369803,304142442.4623551,24268529.11284811,0.6025432381497646,3699.964844484619,4.731333169947411,0.8337860509544643,21.49198012473097,0.16704874980356155,0.0
195,103521113.39948115,34929501.39302155,7539986964.722132,342969757.958669,0.5517264033246404,3978.2122188774606,41.867240169511504,0.8524029183135393,23.300150632276292,0.32558569021527073,0.0
196,3537707511.569918,641751961.5400606,240475741867.2846,13247241034.749617,0.62105370140613,784.6968987082129,13.353787944304315,0.1602447649534696,10.337372052735683,0.333883683052801,0.0
197,4791409.974455541,720471.2650873591,325029575.2596513,18736392.61338146,0.7909073641438223,2480.4119929659005,44.13817535766959,0.13688735268981747,9.701242095100042,0.1008723986926917,0.0
198,507319.90728243627,36171.63298501426,165554602.19190967,3352543.626517427,0.49111135201906125,4219.867627904139,1.6826976881957425,1.4903454626009895,31.496922798754156,0.38123586087535244,0.0
199,12022425.343199842,1545684.1843418186,1036633174.3032362,51513831.97496808,0.7406928130157032,3918.688365084289,11.139673962507107,0.09491077761813482,6.601493711490295,0.206652019933605,0.0
200,18592196.581625883,3234787.0840161215,3331852666.577511,88472212.45202322,0.7502271818063122,3440.212556818051,46.2992983639049,0.1544315769787091,11.179110865528973,0.3786729552981184,0.0
201,8507.237707688892,1446.6793066355708,1835944.5206666563,41796.15593584053,0.6453624510004949,3462.9441015413195,1.056926049741741,0.10317297566336459,6.82412114786254,0.3205872105992963,0.0
202,33118086.468321122,3256977.4295126693,4188942979.4184594,162826412.95186833,0.58391664414622,4218.172144058108,3.7467978595954534,0.7716804084707856,17.79809975493916,0.1313445549914866,0.0
203,2507.66124776816,312.2638233574535,987747.7390867986,15959.515023374432,0.6558861260315355,3881.1183309118205,0.7734808654442465,0.1048731858068023,7.410417257174911,0.17321788925596102,0.0
204,2860989.358793241,447423.9644392809,123985061.71410072,9890279.83055228,0.7117660633107736,3819.805149206076,5.258234379853625,0.12029158748438648,8.494665469392078,0.19357868212275187,0.0
205,4314.997448935355,467.95126595121246,1490864.856355649,26035.355632747705,0.6536265536995494,4169.35466851852,0.7128408711069225,0.12910732552326776,8.564989215170197,0.07807723243554622,0.0
206,13146.776357226317,5027.185065775778,1590651.3078422989,46300.73953961606,0.6796950748258018,3228.420745796536,2.1250990158339715,0.10542774582515238,7.678967407801286,0.3658857633022716,0.0
207,4799587.138244815,800146.4623939162,310931221.797007,18040742.2978641,0.582025383271679,3855.7518361901284,2.386955160545818,0.11984942650615223,8.397331293754092,0.3031531581710093,0.0
208,7054.7254340258605,2643.723704956584,1594335.0514163699,32230.989294412495,0.6806097341041203,3505.8621516526637,0.9976197547073631,0.07358938248764382,5.207496918925524,0.17574879316143927,0.0
209,4328.456359682767,1398.2570604288146,1065928.5542182298,20640.843056598784,0.6592134188068746,3443.103389421993,0.6156170993647179,0.03952533603851434,2.5767261105924675,0.33022786566229656,0.0
210,2243150.7533510756,489219.21935595304,56410925.377625465,6257114.859702675,0.7652874155593913,3530.3121209697083,8.38921371895515,0.048953352187805256,3.303099482028766,0.13414191991420124,0.0
211,287008.5505337169,50386.21729574101,18456399.139756568,1085796.5521148867,0.6729018606874295,3601.6623230407617,3.3189211764661293,0.18179123974122904,12.834792050411341,0.10543689016358605,0.0
212,92035.17958675246,78466.12334999708,5372917.428326255,178020.31003554168,0.6619160361553992,3484.8212953303664,2.8677167384919198,0.09677319863435815,6.544420285218858,0.38773789633236166,0.0
213,6496892.123842878,672643.0249649261,845829875.3140754,31719496.400100105,0.5341057497413177,3074.8250889592955,19.169977411382366,1.531399174250223,33.95477710372444,0.15938458152334317,0.0
214,6265.586945207552,685.328853293943,1895291.3435132247,37452.14709274998,0.6388693000421214,3925.886829063372,1.1007615706116143,0.18374519235309678,12.217196323206121,0.224306704641991,0.0
215,18496.488157869266,2401.5952341844177,4847792.761835835,105646.89001611593,0.663917093892521,3472.983284842098,1.2172364375003628,0.08902515717157655,5.759310588539783,0.299898481871318,0.0
216,28436289.97179734,5270916.600165354,1612851928.8357453,103782689.72479361,0.7253527235744986,3788.238168994332,7.312557751402105,0.16316543501328545,11.796886554041361,0.15436903808447086,0.0
217,6703590.80375092,463004.60593970993,1828309158.1459477,42671545.55393464,0.7282059088407296,3344.1611247225,18.631169075586563,0.1765564115550741,12.857489830020677,0.24931942744216506,0.0
218,69905025.94686836,12018199.957970245,6135696634.604399,289688908.02181494,0.6902545578837258,3519.857928002102,13.13746484303414,0.10970465054267561,7.489945190048822,0.142435784648963,0.0
219,179150.3278938348,33494.651602563055,11276716.258444762,635958.0410502612,0.6550737165062237,3751.298647526537,2.9202731461858233,0.0764285665029278,5.300297965194931,0.16155448399447184,0.0
220,10954.858106876185,2284.026319064974,2321234.652500258,55164.958015934215,0.6539946186566593,3269.0901952362237,0.991112948786674,0.07793919785969558,5.508570440024437,0.17732283553079214,0.0
221,13958657.275946686,1753149.7905513956,1666247962.6887672,64692114.98627299,0.48919363195355653,3587.921999566065,7.461935133236396,1.489249630683743,31.619593260145667,0.1328768184506384,0.0
222,26007414.050088044,3650678.2583214184,3524768423.3995905,123623924.17147355,0.7205702502976912,3953.037735496464,6.173426022036749,0.11069435961025187,7.864479876030925,0.23860675177495713,0.0
223,42158.62759795238,12931.968095944958,1879403.0506115188,113064.10275107405,0.705977657529092,3172.2180639573653,1.0947907742301444,0.08990073181888389,6.135874798841077,0.6013163995856772,0.0
224,8851.005054788622,1370.04921449169,2107330.5976647157,47131.4046148724,0.6315118690741575,3482.234826250635,0.7121637347845519,0.06086886083489196,4.204739435403441,0.24253443909333486,0.0
225,3794420.319267777,482538.50796636834,713769684.8803635,18968468.54049155,0.6733443385183823,3625.040495179537,24.981046626095,0.11405790979474109,8.43614244786565,0.4215120395833736,0.0
226,17250.950951273786,2605.32644217406,3357332.867880933,83986.62073258123,0.7943735599679322,3962.8428416178094,1.8743230128348374,0.22013895203140796,15.21920413339914,0.47786311159658407,0.0
227,3447.0869100100667,806.0989496389906,748297.9503620786,16006.998027563812,0.08722827876884692,3935.324602574362,1.2899593289795361,5.482663772268036,91.64895006246267,0.3051317948335064,0.0
228,11103.793649350986,4847.179939913265,1492855.6469370134,39558.62678942756,0.6486397509550207,3468.8382778418527,1.5646240557564532,0.06913605968066197,4.833757907040339,0.30673432668662576,0.0
229,176008219.1554312,59496059.63709865,6277755227.140964,468581314.15355027,0.6802460102980482,3424.042217942132,10.743513080109018,0.07463870408885383,5.199968769388495,0.0699196574386962,0.0
230,58221.95383981081,22784.461655628387,5611491.578593438,196618.43775845278,0.631612830011042,3670.8500201353145,3.011039765533541,0.07872057391075513,5.672072540443082,0.3847675777772128,0.0
231,1123697.1419610577,90385.2699170873,190239353.2721846,6119514.8087192,0.4435907300052809,4051.578481547437,13.499336946633756,1.5119118978936998,33.40898147869707,0.1661650027774019,0.0
232,15099643.633916488,1027067.915280656,3363142181.6316423,91233891.06813395,0.4509893763730872,3977.564722749562,10.193401331031211,2.185306958548254,43.823800603423486,0.22486235028835713,0.0
233,12971.287545673435,2121.484991212843,2973618.069218827,66607.91918153901,0.6918597191282403,3509.7575763506843,2.418999725280328,0.11826144484757153,8.711799764405113,0.2507246177564274,0.0
234,4104.569550178101,730.9481148987137,1179244.5786415793,22109.75475015999,0.672946347939036,3582.2828101334203,0.9713035875477426,0.07106533325295813,5.180016378826449,0.26788150911172165,0.0
235,529888.8994644515,104942.14509077712,20471755.740333833,1617469.2546755462,0.7175230677093346,4142.461047818126,3.418637335429953,0.07963594004970434,5.399643533831258,0.11466300589960957,0.0
236,196344.97748612627,61324.03141633326,19380374.245667264,724049.0745160561,0.6876766327650896,3481.8342777611147,3.9782400028483167,0.0891532683466223,6.246479250144103,0.14885836504618016,0.0
237,285039.11052893125,60207.664954693464,17229786.33556903,980828.8917859904,0.2690652993518444,4282.577628660098,2.5784883316546527,3.5656970461668784,66.54066294254285,0.1987418338570287,0.0
238,5310.466671147454,1081.1250067102103,1440183.5196165338,27521.066470844507,0.7408781717751598,3485.4635792992904,0.9641484500997177,0.09058764463844104,6.400304475718892,0.2563761621080488,0.0
239,44240748.041612655,14517081.362363014,4360633815.928781,173455989.0976308,0.668573884019351,3508.1573122037234,5.270991395131096,0.09796064622462489,7.001993647987463,0.1744913890564322,0.0
240,4797.70557124683,595.1770793234191,1415743.7261206724,27609.87260572114,0.703449335884862,4141.808220308185,0.7558339807637579,0.14950888192060763,10.388237866702468,0.1721493118906647,0.0
241,3823789.8151080636,440290.3854823064,324002954.3957554,16616774.410588231,0.44882348263412075,3119.170709398816,1.8415596892819373,2.1304317740317513,40.02521900616701,0.07022746147256945,0.0
242,7400201167.700514,2784184044.8852363,68053003646.58175,14574698617.59995,0.7295429271464349,332.83518543969365,21.40319293471647,0.11067361005437756,8.23497447623841,0.18932128539152226,0.0
243,10783647.6527465,1974408.24945282,700147749.9052837,39721163.265169345,0.6309067303461602,3462.5040544578874,4.543782070804561,0.10500689887113648,7.579173423033343,0.13988931179030137,0.0
244,83621.43593927317,13287.639232436544,6200699.011147872,314371.73091320705,0.7103014730290351,3924.180508874252,2.5582551221807557,0.060176511125666375,4.33837463326766,0.514690416626761,0.0
245,14033.99468911719,4374.763034757935,1437429.5783172804,49855.77214452417,0.28104701629520645,3693.2951205013906,1.964700774341454,4.063708625883534,65.81326005322856,0.5681160788136327,0.0
246,23731.359312647495,5522.687725505974,2931922.246377112,102754.49016748261,0.09453519837261226,4155.374735792149,0.9844820615655097,5.423808255595314,87.80740991139906,0.22143564022630918,0.0
247,9039287768.45972,1450368095.5750208,395015117901.55994,31027283711.011395,0.7305431109779219,431.8757940134456,14.815978972935996,0.054327013089640365,4.026021175891961,0.09130098779501032,0.0
248,9896401.358923119,1830335.0853212546,583122273.6088789,36023423.3934258,0.7138827060409445,3763.2694469407475,5.488681297298105,0.12993057973954522,9.315144522890952,0.12039524248020149,0.0
249,95429087.61573629,10353302.622642647,11326877124.267775,459827077.107856,0.7480713173096838,3703.076619898134,17.728079412283062,0.26656561768664,18.38646953400673,0.21326908696916771,0.0
250,10080688.308970327,998464.3339789084,1440155519.4904351,51040770.49537541,0.6863869522149837,3362.551905958929,14.44080415244791,0.8194594453241535,21.316132710137175,0.18660172117140164,0.0
251,134992110.8224932,32913450.27859696,3160075142.3060613,370255459.3557062,0.809660798823875,3470.3661732970068,96.35322181965259,0.13739637557123557,10.063573514556104,0.14371361243588188,0.0
252,31383861.02409639,5236836.145259745,6334001476.771436,156594466.87272295,0.46157154127632516,3917.5950235437704,162.8309135041515,1.5735793295784393,37.491251192961556,0.37573574629035794,0.0
253,1153220.8234122556,239079.86475844853,69883058.48235585,4018037.1889823736,0.6982355902459816,3785.8191481855674,7.160116000815999,0.11290192610477048,8.131339217434515,0.301309458268422,0.0
254,33876.983076158256,19996.29800062211,3359486.4878920615,100962.36139382175,0.6570505052418605,3478.9096874307625,3.237605949836573,0.0569631329264797,4.191639434968723,0.18372515352797844,0.0
255,2383969.745749844,647746.773954841,86334344.02773078,6908889.121008378,0.7147817830218968,3529.894048277246,11.294259370108325,0.12620289166891432,8.928450677875244,0.1933677166878862,0.0
256,11424345.459727116,1095055.4962695749,1987131805.0401711,61852010.90253538,0.7760971795902908,3614.3524998002126,24.669293876863414,0.8194054361570613,21.26691109489522,0.2339542139652689,0.0
257,42485389.71584363,8573714.844750509,4478445657.9313755,178640182.7524133,0.602357248937741,3644.670823279737,3.497008225124059,0.07718250202272126,5.594012757483799,0.18029811672633447,0.0
258,84123082.00374255,17469324.528562643,5845953675.051431,306420441.22811973,0.6642238704084946,3444.6232009918654,6.330283199244732,0.14263919077723247,9.846160317425136,0.07510656080561001,0.0
259,9058844.26632277,1139473.8683119563,1204778805.4523454,42933827.35685586,0.6909671025254694,3789.160250759707,8.310057713092542,0.11613184814010173,8.35005500774327,0.22255103311015828,0.0
260,18700969.913867716,1533601.730436799,4576117381.309275,113539507.21384797,0.7283826454795436,3722.5142384350816,83.77515962592867,0.16427987356034324,12.015517411474145,0.2830584136294111,0.0
261,15519.367674750698,4346.965031685014,1629681.3309358452,55116.794527080645,0.2964802363966236,3597.194047113773,2.988463843422882,4.130573693515538,70.17733016381001,0.4782645616721821,0.0
262,33053203.96115435,6064921.33629484,1857145255.6390328,113798175.05238011,0.6543711497600049,4014.9939929910556,11.971322208549688,0.116631364808915,8.449057089234001,0.2518856762142612,0.0
263,9598003.30811875,938915.4695226051,1546805180.098814,50277234.22190063,0.722485178886971,4086.825566303197,21.344319918888296,0.1348310539957695,10.021209795707966,0.14025553163798538,0.0
264,30989018.052548148,4967309.239740329,1551355017.8839512,111093760.58300976,0.702018351606504,3760.5775951325554,5.889563644586074,0.09898187387679842,7.166711204786084,0.09850823582376564,0.0
265,40400194.88567707,4066221.2762228856,4442827219.123202,191077603.48665985,0.7339701239503605,3918.233468977496,35.88903033082831,0.19111836677903532,13.641637194033473,0.2575975028939049,0.0
266,18881091.68903316,4192259.0888128714,1984414227.6100357,79047077.31876281,0.6876731332078998,3127.835997451182,13.140138952782076,0.14116948937560309,10.395352794108403,0.26254370265308846,0.0
267,444556841.49921453,139890717.67919022,6752134654.116722,1031863581.2973372,0.6538522624185401,2286.3324485301137,19.21223255616773,0.7233763654562455,14.150379800015799,0.1663133403162014,0.0
268,3313535.050978115,1180422.8603678788,57074501.73914806,7410496.037867524,0.6304927673599137,3749.95186644565,2.8278557224138026,0.0764412260564555,4.95587076499004,0.02793927106998773,0.0
269,41765522.55430319,6176698.898596964,3641362671.988417,165086921.2041011,0.6416588482984495,4086.620449793169,86.3439630996858,0.8107359088900115,20.734520032749185,0.12541823681512554,0.0
270,295294545.15390307,98337851.83318457,2809856651.5855484,616507664.174318,0.4943531857305926,2187.7547255969657,10.559791264133114,1.4186682618737823,26.452746163734258,0.14028828193993312,0.0
271,19108.41182320132,2153.5318295313746,3455528.3431352815,100253.37629183484,0.08963826627458164,4059.932792519083,1.4489888534301258,5.444140337301697,89.48594533069841,0.37265393701702604,0.0
272,24843904.78393577,2807467.119186899,5308567898.754935,136513870.1288855,0.7570493692225065,3160.768759355631,472.4923320032392,0.778680217418508,18.21014806439579,0.049392243566192526,0.0
273,7632.004330228859,867.2242491269672,2104688.9759655055,43231.39076953614,0.6525019192829077,3659.566576769395,0.9137313998584419,0.1238049117939088,8.651215875848619,0.2660251712492113,0.0
274,5917.43525753376,2418.1774482948204,1191086.5013457201,25225.061132491017,0.650783238879637,3359.678216997507,0.6770176279512365,0.05150206117539433,3.548303105332779,0.13836526221793097,0.0
275,1291309.773319461,137377.38163648217,178855677.5616581,6278761.745952966,0.6662832930748815,4068.635089793742,2.722383019642689,0.12496098249942147,8.72794585437475,0.17046297467455898,0.0
276,12788849.076942518,1670994.3154514846,1082453681.0167346,54721068.70239733,0.629188782924366,4028.183520381217,3.5543337541289137,0.1402521549739209,9.680933698130413,0.23839916806188022,0.0
277,10439303.429251218,1113934.8169414357,1445100431.2262616,52090703.20417651,0.748061647051004,3184.913897810083,77.35545300333777,0.19791653305437204,13.665934183089865,0.06751021573501007,0.0
278,2994336.264913199,1955415.966840069,195138256.21916732,8116154.34647533,0.14060153409078852,3624.716927038454,11.723135822949185,4.210456989147508,75.422841146822,0.30897554011194917,0.0
279,19049688.59046653,3901572.9877991723,920931031.7870114,62393100.63427969,0.797386796685045,3213.1010603125933,86.15426869603645,0.1496320795716633,10.897613099033304,0.14345412846809458,0.0
280,39100199.0249967,10827744.47316403,4157239511.476176,144129963.26268807,0.4459042856478658,2362.218751888009,451.65153036407224,2.2251573978725796,47.07527109528144,0.2539358822263342,0.0
281,212262953.73012266,67128108.88609913,4695145966.333638,523030519.37871855,0.09375871412556767,3569.8381520447374,15.977057922755598,5.545275259017036,96.229457986054,0.10179183706747352,0.0
282,10698326.065560378,635452.0360999695,3972374491.495823,75245128.07705402,0.4227125664026393,3463.3844634317716,33.66445823467099,2.206539731349443,44.80415893004285,0.3935817258747182,0.0
283,10089974.593429372,1185276.7586264196,1151313893.0652971,46858142.397156075,0.6960389386102407,3652.600606583761,4.93559497605218,0.06561230667496103,4.732006524956779,0.34047834500646157,0.0
284,59933947.69620417,17467810.199959867,2318032973.9828086,185014515.44435343,0.6442331529688093,4115.196904944741,4.210119919096745,0.2180436937656915,14.078164191395853,0.07221967441955597,0.0
285,29471923.739347555,3134336.7280910974,3545481907.7638307,140709966.56507915,0.6203313793918264,4051.8706408827466,3.303151238344321,0.049025633486141904,3.5464454539361854,0.20466205947923058,0.0
286,422.6612431447127,37.475685594666956,242323.4993823782,3267.5743302458786,0.0,3819.2054328430363,0.28371109898044966,5.9787743875893575,90.17012430373288,0.371400374051093,0.0
287,31439667.278908722,4581829.409672484,3177646872.8508444,128515740.0354505,0.7079418465182978,3221.2566712128782,43.873232258032935,0.15490865546657612,10.988310318863068,0.33018134411783295,0.0
288,24989693.39237998,7571816.460576433,721747395.8894589,67526268.72027192,0.6078230192268885,3770.0074342858015,4.4468770173155185,0.0554217540845614,4.029583629593262,0.044971221208651796,0.0
289,31137348.387041222,3680504.541902433,2918213620.1380987,136189145.55132657,0.6958705688022403,3644.637403051567,10.063821681305898,0.16607500998605323,11.806005693301895,0.16220474805097615,0.0
290,67007168.32530817,5266768.0111007895,11062161213.806866,367086200.6997124,0.6482305636189151,3908.575447049029,13.470568681687626,0.09674620639032216,7.272876679240821,0.1750047506190693,0.0
291,15637910.552347716,2886039.710483781,947488609.3894727,55971631.24365254,0.48023327735617166,3688.342765469465,27.456566386439746,1.5160014463350187,32.954622436552086,0.12818578355385593,0.0
292,2448765.0186600992,1024948.4801102411,29950049.15447092,4914305.804875602,0.6575800422228484,3737.4719618227737,4.526129592514344,0.0897661781011088,6.368601130764025,0.43071533843585275,0.0
293,46345548.89198597,5418273.802030916,3700216303.275612,198029570.46908623,0.1275555726913411,4008.639988072137,32.93440633376613,5.419550446721063,87.69159235101328,0.340495757844012,0.0
294,6270658.265102187,815866.1554272154,509945220.1132746,26386740.12181966,0.6545146886505073,3570.7120479107757,3.9042895921614758,0.041277552446465735,3.082447126033027,0.07103634959421672,0.0
295,46412556.88687248,7780840.325208267,2501709846.2735405,165214109.8360487,0.6406144812088769,3631.9067293319818,10.429907848268453,0.11630816109338218,8.621656092571822,0.2211922883035346,0.0
296,526973.2121215893,165888.78006066428,7389660.936051433,1155115.0870066134,0.2889749751053555,2694.8311669040218,5.519520573913224,3.4930018104127165,62.33325701191806,0.352393358526272,0.0
297,6927.144775272344,1997.4145991017322,1713251.4568800884,34799.15985923789,0.7190598949001787,3758.9667656136144,1.6278777385238863,0.07096115926719015,5.1871369608615385,0.37728881341887643,0.0
298,5699.52005113661,800.8665244152321,1681051.2818535785,32492.05164735861,0.5958388987173315,4181.61650799838,0.8139413778006693,0.7857372906889533,18.071248535805246,0.18457394616983622,0.0
299,24022566.792408586,3116349.086050115,2472425909.3002768,106383987.2944333,0.7375591096775792,2815.624330136764,93.15420543298018,0.10839622712035535,7.864548631552313,0.12221151140914209,0.0
300,123412.35922939677,119945.85926563565,1941595.687702328,156806.44551874493,0.627019213445583,3777.073715126928,3.19641464128997,0.7919475038539432,19.306204268797384,0.2635722673310363,0.0
301,7545798.41910137,621259.5461158312,1227038387.6585827,40943396.758405656,0.45857054987276025,3709.3597864046305,62.466019105477386,2.231272521285895,46.43504004144452,0.12078255212553572,0.0
302,7309722.5502094,761352.8144259152,778252567.1366825,34104850.952634074,0.7350249217657976,2634.878524443758,47.24759162043596,0.16976516590025598,12.265892361999251,0.14234098135546047,0.0
303,995402.1319595877,198173.616063432,49118961.44116266,3325974.2962074257,0.6857340071524117,3730.787074176239,4.098046865999958,0.1792343839463218,12.412171757706576,0.2061498810499446,0.0
304,34726105.83756828,3138894.83763317,6387988339.566229,188599440.58717203,0.750083311300678,3394.7215147714314,318.22091242135184,0.13736435473876343,10.159419482207742,0.26577260573690326,0.0
305,3566.0757750586295,531.616131611316,1254342.0030435838,21379.26589741305,0.6354286834600911,3649.7609111905635,0.5239692475808697,0.07751921176618035,5.487437633807474,0.2711416911475038,0.0
306,143444905.21854487,17214813.633697387,23357055035.306953,730720764.3813896,0.6404746304367939,3698.021662872138,8.2501320618185,0.06599580929361118,4.630080317793862,0.1482464258666342,0.0
307,15674724.354183128,1547177.1913760689,2898097655.428882,85701387.2193082,0.7607077850094133,2967.7335719803377,88.39518386821605,0.07668262168614497,5.673016809568127,0.2197972177199177,0.0
308,160474824.66159278,52648802.07153929,7874010103.176473,471954051.89450085,0.7032624437817928,3402.4276993682142,132.90182371376108,0.20962289553520702,13.98437950938273,0.09818392543495508,0.0
309,4937253.89350774,416700.30012988177,950360448.4128771,27252695.12341718,0.550618564872077,3913.0304655787636,7.300674153050525,0.20367846484688928,13.796052899392166,0.3231792800236147,0.0
310,279578300.7846067,26363004.891167585,47925462882.32882,1486497324.553762,0.593678578326102,4322.147026555129,5.473166719042948,0.19933301311046944,13.265185043342985,0.25070297635922195,0.0
311,11971839.264797999,1090729.0426245474,2111332642.3488107,65197115.05644868,0.7034899759591398,2872.919070089496,69.26129986321932,0.1654507344740252,11.922978955323545,0.3752643861273893,0.0
312,14963184.508453097,3088101.5777420886,940502967.5680511,54522422.00058135,0.7266661886999808,3549.3333887571753,8.669203526927438,0.13788980759332786,9.921495962278938,0.04723586130738062,0.0
313,30063095.74698822,5840998.913640733,4978151668.9573345,150085154.58933753,0.8581610141153829,3429.204974100995,613.1917388201142,0.16100205311719468,11.810246263798103,0.10073922036791223,0.0
314,30672021.57418754,7853459.309022759,604014273.7277138,77427595.88861996,0.7100194677352987,3953.561504593512,17.68304104194711,0.2038382838216851,13.48097324352563,0.21914635917194508,0.0
315,460414.48347054806,114536.35622036706,18513849.679431807,1321110.2280657068,0.6937690505017038,3608.774699898347,7.375596697271571,0.03604672543982579,2.6590821885264146,0.2780383373511481,0.0
316,9361.445706453214,1033.2887800231306,2599420.7588026035,53703.78090366242,0.6285206176627637,3638.451794675119,1.1618571432393006,0.10719715406528252,7.222909328980857,0.360881296013887,0.0
317,151702358.09516385,17371748.070118632,18625053264.298126,723977576.9262598,0.7292819945957014,4075.6475931877053,16.60649274452836,0.10999712114724014,8.019731329801134,0.17279631322698613,0.0
318,10040245.93097874,3128874.4225919503,376948502.1292351,29085832.156712063,0.7399991618243612,3692.1097017863076,8.3999754836983,0.10848437673824876,7.621280254977636,0.11527497189114051,0.0
319,25659131.989187695,5468571.471595481,2241066887.9471145,93121886.70182088,0.7083100637539609,3012.6335380863,115.3570603284922,0.13679512683401232,9.13421232130425,0.22748869293539467,0.0
320,352447255.0652467,109294208.98416951,18999955077.614166,1121125047.6700492,0.6835840372451834,2684.9339130899625,8.595833509829008,0.11740680448876226,8.238385214121745,0.10097250380751255,0.0
321,332473027.7358781,111395614.40453097,4481999431.417873,737083337.5737771,0.7070645378580844,2530.458437425763,19.115232417706697,0.0943083528199522,6.618639446200601,0.19138719202957521,0.0
322,443557.1084729498,156016.52241015466,36404246.07494854,1549327.9117103298,0.6294149103083279,3942.4610790279257,2.3140699225083416,0.05252595779004192,3.724406535919654,0.08716110182937013,0.0
323,17160567.44948352,1560682.6920678967,4567589508.249242,102754484.28829221,0.6274419921908508,3748.3311756588832,10.852725048901162,0.05691853517982555,3.5954216815286,0.41582872966373663,0.0
324,982655.8409988324,85172.04813966356,155851150.43693694,5199293.813864907,0.6686398917002825,3432.2667567294984,9.007289644996414,0.1241699563101025,9.10079213997714,0.3984901412924888,0.0
325,22580631.099488515,2025676.7143280238,4794714247.916019,127037993.503914,0.6985361005218227,3154.8146675803255,85.32045555683787,0.14562064664649288,10.597926269579503,0.3328935368559926,0.0
326,1510178.35592863,514164.4661376945,30015753.32345733,3478144.363513965,0.6330186691489081,4096.432276653485,3.1794270809210605,0.1691127880457927,11.814716668220344,0.3186953881895323,0.0
327,3247680.6969379405,490737.23727658595,154543399.87835497,11558454.424475182,0.736408160538004,3403.977904671987,10.124694885225699,0.06810635452098746,4.8434030772738295,0.358831227901736,0.0
328,3728859.3836047268,395620.213620862,552849236.7816664,18949570.64282392,0.6089968336340196,3735.1498447171753,2.0677450879913706,0.10245225353392495,7.183892669223117,0.23526530736632764,0.0
329,249476.1839752039,22557.1139170627,32373407.4656367,1257099.6696285452,0.24794875295608296,3993.903857756701,1.7081561691963707,3.530973433728191,64.38508728652315,0.1416621340518863,0.0
330,131452592.45072678,30332034.82486219,9980960881.473246,485219144.9197463,0.6250671827504597,3654.049171046076,2.2225960963835814,0.053355358320565836,3.6379492686221737,0.13711547751705852,0.0
331,84318500.63140611,12087464.047476798,7052403036.559445,347317523.73264265,0.7047474466118845,3706.056190402004,73.62980792473661,0.11915483023837554,8.363651092545854,0.260593536776316,0.0
332,1146147.4622921636,77261.85916642762,262267529.96914282,6948036.202457014,0.43699435795653974,3845.4264096353377,8.172415867062456,1.5283957486049793,34.02372162901341,0.2376458201828504,0.0
333,2287338937.284218,342011601.07364607,145804000740.86273,8574819577.784254,0.07978673048414742,787.0441484153355,8.718528918872535,5.438972885081763,88.6273695831631,0.19074422955624248,0.0
334,1601690431.4375863,465194314.7132409,57790170212.04103,4532763742.077587,0.7416869003209146,825.6152199471893,17.186010350620716,0.11218834190733266,8.247876758955702,0.1927398533556029,0.0
335,8286594.553847713,557500.4424638298,1856646699.7761216,50158366.98226195,0.5083507737794057,4234.195408805306,63.1381928989301,1.4847615225706954,31.625178070466433,0.2596352906596161,0.0
336,1024221500.004748,160947458.545444,60329817271.17605,3802036909.1856194,0.6656945683191967,1692.077146631967,9.228535129413169,0.10650010101814003,7.329838561979111,0.12851978010712706,0.0
337,17076.438758154552,6068.703520881852,2401783.560253841,63558.12380113837,0.6744538288034055,3226.5650481748626,1.7559496129684464,0.1354821597090683,9.891478331981054,0.03185027285417415,0.0
338,5993.908576972103,889.5686186612056,1704154.9334368638,33661.70908630248,0.6753931163382794,3233.4238049889336,1.2975826125850851,0.12551519384788995,8.907792844252933,0.3293529486270134,0.0
339,14405963.632911941,1221301.2905676928,2163566483.2133093,76016799.0413627,0.7510045454152836,3712.336673931862,8.14701733969833,0.03940229172041336,2.4403730993755417,0.16469927931407144,0.0
340,8599.221078154354,760.4478382005631,2970276.994285713,54524.5046532662,0.6523512973331342,3820.311086458708,0.666946703390557,0.07365768057721071,5.166325314524758,0.23286557498673327,0.0
341,1808.9539408399355,545.0664320542286,540392.7679770194,9462.52273846548,0.07656947049005422,4180.0782111995595,0.5544164458978053,5.431610990987319,88.08780547308483,0.4454440675946906,0.0
342,27511.181843809445,7478.495485015223,2673310.878672564,93711.56189910063,0.6826447069364185,3868.6154646679247,1.259337406412332,0.08121650476864,5.4010821472402,0.22497589182570027,0.0
343,32681113.365520157,8062177.243523796,5500721638.504364,147581164.25888878,0.684763968068836,3580.2732516592187,29.834663852900235,0.2309166402247585,15.108836840070856,0.37644493838755655,0.0
344,31072566.54459702,3111248.603285836,4965663945.064895,159096665.0037426,0.7105499234114225,3236.483927374849,227.5505095763381,0.13336551654796977,9.829210572930638,0.3110535630119293,0.0
345,4889847.261299658,568305.9976758079,512531678.47393113,22316553.05358304,0.4984353403866083,3083.529071351541,28.238453670402592,2.148119954500085,41.074157792555575,0.2047709768879735,0.0
346,3929383.3533037812,373684.5609015281,559643543.7509943,19862733.36175229,0.6827482019276558,4251.481646743068,3.610152132725919,0.12239708598714057,8.396680541396679,0.16147206134373832,0.0
347,7354883.049113674,1446145.2326891231,219223062.46104723,22040982.03810329,0.7205835709261348,3281.2094548358473,11.187305344194083,0.22614045561809126,16.41596898170774,0.07825083069866497,0.0
348,17109888.433541976,3990324.072613582,2018147886.0609756,68287200.69739696,0.7875914209364115,3416.748592825827,70.00100687638943,0.10521774147726823,7.583843139196068,0.42942502562625257,0.0
349,3741.038174853845,310.47235965255567,1522123.4613969089,25034.175542706274,0.633367760702668,3781.260062179097,1.5110014596413062,0.7750316499514724,18.14019061928655,0.34292313085521825,0.0
350,24376620.1830565,4315220.18175945,792499452.8629788,77410384.36396249,0.7938014861717178,3337.7826628355556,26.99732426534155,0.11621883214763215,8.561288258991244,0.06494527945898691,0.0
351,28062.6332083388,21984.623064146672,1977996.647620637,64547.003928125174,0.6628344067792273,3584.3013942629364,1.9279774582377862,0.10696286965942425,7.821192631720763,0.18590305746466348,0.0
352,38505573.9813859,3146007.175915229,7609165600.886583,219967310.42707816,0.6223257551421728,3898.1273329103396,31.740443718170106,0.1161412190582591,8.577349184675803,0.17123203281447538,0.0
353,1876.2122811959678,247.56227788889197,973591.5583116058,13545.968822168288,0.6601922261511987,3892.7483327650607,0.5650915403491305,0.14215881487267987,9.48057552744263,0.2922472766319947,0.0
354,43157995.5678276,6026689.215153029,6216028167.598326,204794315.08093148,0.7099349529768441,3131.0414808394335,69.44915620122067,0.03424797673419429,2.5105687158398537,0.259162674880435,0.0
355,6867251.933278081,2287883.3997271,77596264.36868612,15084630.742008245,0.4165348374495217,3991.9196867555884,3.812458116865671,1.561583131253751,36.83120881520891,0.31979420893807603,0.0
356,6377472.039898237,1194768.17586396,315618202.2679832,22161119.52199164,0.6446086088836813,3695.409182816018,4.371355325683102,0.7407762149397539,15.768674029715442,0.12015253108056563,0.0
357,5772084.729482823,891403.2356937667,401687729.13527095,22018273.588871546,0.6488972223336991,3603.4255627520206,3.9814084467278197,0.1175727181975554,8.388388260599111,0.2189976975052622,0.0
358,19986639.57823008,4403654.597674554,695859125.3842613,62061709.992459774,0.6741761541478324,3837.300826322243,6.667965294015616,0.7821665684215888,18.546629049514927,0.12237387092021652,0.0
359,2926.456572774593,242.62695057131046,931295.9078691956,18390.011106426045,0.4139703768298146,4006.6880999635428,0.7058014683537399,1.546610696323588,35.479100304196365,0.1312587201246555,0.0
360,51786018.79925944,8121181.834778661,2464916894.730607,181795436.03072917,0.7434774258248311,3401.380326014507,105.70600665170534,0.7640352359915435,17.476682041977416,0.12361878716902003,0.0
361,4434.547714822884,986.6476096116018,1251424.0593211926,23188.710915971584,0.6895544772658765,3567.4720850654403,0.7318192243564902,0.07352026372141669,5.303507510797243,0.23358189076718455,0.0
362,6475315.087243787,1581738.0101396865,253986645.34547764,19665200.27043207,0.6542683245254406,3599.900361168915,7.641236685882214,0.09036354223714911,6.663889006051875,0.14648340915075758,0.0
363,66163.64341942115,45719.81530671961,4392828.901657287,167910.18816441944,0.6818754729887438,3307.842032280741,2.5757871837833615,0.827086786760925,21.429141534896264,0.10704634661865128,0.0
364,3026038583.726051,2133885283.1060061,9789618368.581484,3933995537.1616907,0.7466047953434286,218.58883494880791,16.82735159365913,0.09862851853419068,7.205726733735654,0.05541032988158394,0.0
365,15571274.57362484,3899345.4041582546,262534318.31318855,39278655.90325513,0.6725547214826285,3768.65167239137,5.184816527990791,0.0781027186519796,5.507296400658369,0.08538775352596889,0.0
366,37176019.89233239,6848335.466383366,2037354618.0732815,134390565.04011598,0.34449219947862625,3670.607183799755,4.47844075314735,2.219704489176441,45.667590562019136,0.3551420803354928,0.0
367,14419073.923387477,1379155.901024038,1616720356.1400352,69222103.19881237,0.5008666406365914,3927.7019541514123,35.403429487254144,1.5410775879596494,35.64552381111938,0.13044474913027088,0.0
368,7596376.155529926,944485.7862255245,517626655.0758246,30734474.471310865,0.736946993121004,3678.208872492455,11.269171097616304,0.030868050678991656,2.126166370988416,0.1790508990566631,0.0
369,6630660.952273881,707118.1723743697,725185909.2715013,30962622.359449394,0.659038954976092,3777.1966368920034,4.376936325780263,0.1392109661477134,9.914740884881505,0.16081945940469564,0.0
370,15737514.251630178,2002409.9038388669,2099973057.0419254,74307882.82662067,0.7456456800569462,3482.914232484425,120.52555662796802,0.27347572778291723,18.373959001447997,0.2213426166600686,0.0
371,12795166.93011621,1039267.0360464447,2099267815.1505344,69609608.0496784,0.699798782405215,3925.231822059629,19.185383531869846,0.09619460620718465,6.980158482622068,0.16997608171063053,0.0
372,49722113.34228427,15519642.652246198,1032615189.364757,125342436.56142876,0.7101770299153406,3650.3541705202915,6.4866686700386165,0.12287579444176835,8.957611771669907,0.10792056508062048,0.0
373,2528589.5277618603,695177.8983475001,64955587.238156185,6636952.605838708,0.6766385485993327,3979.16503911592,5.159505055775572,0.08005318126208856,5.8438917106959964,0.1140314973414354,0.0
374,2759.0565095484562,348.83231062953075,899427.1052367069,16756.612872993544,0.2608341866313098,3840.409771515047,1.2236729350084492,4.096307901846728,67.76664046633506,0.43296177073224323,0.0
375,3491546.043140178,404355.1623234389,452443912.62320864,16734379.752048988,0.7493766142176825,3579.0233508039764,11.771448978589826,0.06668684124087543,4.834232583642103,0.1946992263791513,0.0
376,3919812.6683074078,781310.0331678636,118093875.62285678,11716696.529090604,0.7310341816808346,3794.4798504956943,5.0952342660187515,0.08799742308573962,6.2519647981961555,0.21871753891859103,0.0
377,3085.985125734473,320.0608639097221,1246100.831982623,20503.886709348917,0.636068751110074,4002.1602029531487,0.8516779694368207,0.09517178409504715,6.98485606246638,0.2733876044955197,0.0
378,14974471.1837921,803205.3939003143,5812422948.678497,108225234.75330761,0.4738371472160864,3189.998611099303,21.097782669454396,0.13612418015900135,9.912770515798945,0.41651556870306294,0.0
379,48810.69237077521,35793.468808514124,2270892.7888199994,103287.1941051487,0.6529124085725283,3532.961035369912,1.6408761271259418,0.09455337100532155,6.661942026051021,0.21232320059848217,0.0
380,43382523.78629592,6285081.367097837,3500147407.6961946,173797553.84358025,0.5855198754633077,4147.227289069597,7.559097814027891,0.1942992355728575,12.773471053254024,0.09666150975878586,0.0
381,4835.931569992793,768.9441245238238,1548346.6249199053,28423.71078847636,0.6057000319255352,3789.788016050704,0.528983837526408,0.7130511578519657,13.34913831378394,0.3729598307401589,0.0
382,1745339.4231019686,450505.9361068338,35244949.73858501,4486969.7889454495,0.6045657434885957,3966.915094780573,2.7569258182847265,0.7893003792531961,18.8686618901825,0.18119612527841203,0.0
383,40903.80004101846,9854.26192184985,6824416.051139954,186900.76654456105,0.7521979431382396,3859.971367760555,1.9588918675957097,0.05537218530699199,3.860795601819119,0.2499034491245982,0.0
384,9513.183949586315,2686.421430608426,2529130.961665282,51058.45378724985,0.6910860592486904,4057.586040981186,1.5456201692740454,0.18515086199493905,12.808818768184398,0.5045113948977259,0.0
385,44422839.480123006,6392583.53257207,6153916033.018093,210187620.28152132,0.653235621518035,3626.306608850075,3.377385329647463,0.09033746869124135,6.415812626893595,0.21097478004621342,0.0
386,10130458.247114237,2102897.374712147,584789713.571626,35202510.55364277,0.6889565737605454,4046.5508807668366,4.15501274560041,0.08816615717177498,6.449592404827598,0.09242252824981062,0.0
387,1681.8062128352387,196.90855891820812,862484.2238880286,11984.446134379925,0.660550187087926,4189.076921451538,0.7194913556652401,0.24738417738772123,16.09099713109933,0.16184666837181244,0.0
388,91281543.0988311,16597918.123398881,4207673801.5973663,311617731.00793034,0.49446714089262933,3641.1443613333386,3.439737319624361,1.4464315917411068,28.401427314679744,0.030389354919395522,0.0
389,10046.657023112723,2939.021432366383,1805804.2810300558,43285.70996827978,0.6496021770561505,3481.576274414345,0.8468261856674811,0.03261622903387203,2.1132784611560878,0.2632877537229426,0.0
390,23252216.500821117,4815893.721224895,3226595432.674621,107091803.12362446,0.5753018913760503,3742.8864251815694,1.0220147848479042,0.056179985569017266,4.0370485323510055,0.20607652330556464,0.0
391,809284881.4068679,153167211.61501777,29344851513.82945,2582601607.086823,0.7097151874283818,2510.3732042779575,18.189875401177552,0.1487415951691446,10.801404252172347,0.16801810649474058,0.0
392,10066.489529727545,3032.8708095344537,1758796.7974143724,41985.03804144099,0.7164480967672069,3722.9959232708757,1.126728902274876,0.06997844594144871,4.872447252852017,0.16156892029622624,0.0
393,183917049.5408891,35395664.56188905,8443424216.632971,593261952.3694075,0.69299890299474,3906.723857624085,24.41074993264841,0.21651204556306886,15.46528760077204,0.3972233796137784,0.0
394,335414.34390255663,251752.6698430532,11871566.49094303,748004.8358022717,0.661567654505435,4017.4703132993723,2.1646661855005416,0.20554137910720707,14.724527023866163,0.1234213739543874,0.0
395,19264035.47960561,4073386.884445804,617431783.454328,57177667.36641365,0.6780199102491743,3017.1214808718005,82.41604790103335,0.7982485531182938,19.516909120685845,0.12818282503782952,0.0
396,124854735.77435789,103530647.03397657,3483619600.0854516,229953741.05578652,0.7138642365011416,2342.5716863189873,113.07333038968254,0.9163254985941152,27.205443961074923,0.15128277537519244,0.0
397,31140569.132658117,4029584.7329038917,2480113709.7177296,130237721.98619047,0.6568657706022354,3541.2737557876385,6.1327296313114665,0.11903597931129521,8.197817119489759,0.11722604973604024,0.0
398,17037780.17658288,8239040.396359612,717320970.4507294,48004514.68093674,0.6632334719624966,3660.7921087912446,2.668947515249262,0.14357767528075263,9.319024842774828,0.35605583341759595,0.0
399,7946609.7320367005,933843.3956610191,854724066.7204487,36789628.92428322,0.4953269315274582,3038.173307882642,16.877451328454445,2.1935162803311967,44.66805477107258,0.13970450488682296,0.0
400,22709933.05571476,2031711.6607966847,4886639295.310713,128393434.78447714,0.7073934608752042,3321.3665524747403,99.53597260013102,0.15257070548688817,11.0995905148834,0.30338992424954603,0.0
401,1949981.0014408287,368532.1021944179,71164886.26245365,6364041.244858897,0.6317146802044136,3574.286365351804,8.929027969913854,0.7311008907201569,14.85219010457451,0.10268103756137295,0.0
402,45463.04485878317,22545.362990773003,2368959.211582451,108461.37347354523,0.6440400341667909,3495.9669338085405,1.479332841957374,0.1226001538992926,8.88017011367254,0.5310388333137656,0.0
403,31315727.63292854,3434110.424934685,6470996612.397963,163820622.7549618,0.48198687900646914,3582.165497549401,211.13029559318613,1.496926546701256,32.047731152508746,0.23998494833670295,0.0
404,153968872.14852843,13540577.416507337,22218443582.119377,798451671.5099506,0.7347640720552421,3365.1064624683736,2409.766514859113,0.129472056908362,9.746039040726934,0.13467610616285247,0.0
405,29602488.901109755,5045521.847069869,1456753936.9316883,102922413.92185953,0.7422211944259486,3850.860626871017,5.273030265256515,0.11648672817521018,8.493962750751821,0.15248389890771283,0.0
406,7878117.002546869,1142696.070441785,799933235.2750814,33010451.36564072,0.6885270754611372,4295.310807228023,1.4074156691980233,0.07653145847252567,5.4449584567566705,0.06577394843274549,0.0
407,2808503.6170266825,196993.89167195556,690887539.399822,17458587.146464225,0.32276447422914367,3947.868540761273,3.576664507090617,3.4346338848816105,57.86783992389218,0.39928848919237436,0.0
408,7490.312411755489,2114.5399250413398,1080811.316933756,29441.50920984699,0.25385060488324945,3624.859573028395,2.439003245678891,4.211429585489761,75.9853568904894,0.5901422852996722,0.0
409,11529962.18985443,1120646.309610159,2447389646.241656,64243848.00304635,0.5103998759529931,3347.8631642634023,32.37601149493893,1.5266563544269558,34.3729119987991,0.331211765631149,0.0
410,21381.601100390406,5604.840836824921,2898912.480101738,84719.94517734449,0.7263102087541213,3713.912449764901,1.5381083003729803,0.07952962983498404,5.682192887010255,0.2490339412570057,0.0
411,12509.468271779848,1286.237072137404,1874376.9090971253,61606.62196602544,0.1615391438344258,4358.026772273554,1.2264718428706074,4.792830930359304,79.74687436837557,0.3411638424841961,0.0
412,54524488.58604084,14891874.06029565,1931389857.8068595,157325785.99865025,0.7145608743229406,3552.480189321725,23.763239110602456,0.13804098403676957,10.000367894255655,0.08340184762572526,0.0
413,1137758.4340345024,135553.76115704438,116708458.58665402,5084489.042201032,0.6482663807930372,3643.0312663585187,4.571863387332052,0.06227600686455039,4.428369871369957,0.12419440749067737,0.0
414,134212250.26558015,39835555.33565246,7585997908.059036,425682249.24567187,0.7468228944389724,3059.1169274793374,302.82713010352063,0.12910891795876855,9.191615568413136,0.19629730580362698,0.0
415,700965.9527322791,203414.21308591525,30545418.633966453,2050678.1172887448,0.7756431943582661,3759.1329576510675,0.9517338048038099,0.08253930402402201,5.7736403332267425,0.3121658227999113,0.0
416,119731663.07322566,10102749.774715763,20174527294.51813,645111360.0175859,0.6419869197494152,4253.3011181949005,5.183675526247108,0.163494590402773,10.952734113955623,0.11910312139943478,0.0
417,71761163.6965925,9242003.616218448,6914255122.1747265,314388733.0159589,0.6697251375899114,3105.852055952988,82.60362734192688,0.17390172228255593,12.54159676189337,0.21334077052532135,0.0
418,8228538.967683745,813353.386067669,1094206461.917216,40797880.638268374,0.47719556748962144,4418.048561393372,24.984427381800547,1.5322584677610702,34.9588636118831,0.16374713472438163,0.0
419,52216546.685588956,9090443.443548474,3440871447.4578247,198392947.23000303,0.7523160742493442,3329.968834885227,79.27752794420105,0.766420042138586,17.541292478568675,0.11922095681528116,0.0
420,21822861.653995235,1668873.9001233168,5778418837.4957075,133588195.48259404,0.7466211864470269,3603.911815332138,109.90200177726473,0.20481118012027508,14.26472100669938,0.30739747544104634,0.0
421,6693424.91082179,689117.6833363285,878551522.2899355,32776207.63171195,0.607068946084754,2754.478146065556,31.08771924507595,1.5265397194911359,34.31561048892131,0.273801655676961,0.0
422,34502658.530366495,7782140.383483033,1040573903.4838346,98787196.82446232,0.6234603016575777,3513.173440695775,4.59726747713764,0.1593539829356226,11.593190614978653,0.02404337198471422,0.0
423,12807.923161095157,1928.915586239765,2711370.9093636046,66434.81171347317,0.6627944572904796,3851.9875653033696,1.5944714971269212,0.8670295680181267,24.238454993939932,0.4803414299491398,0.0
424,41620.97403474295,12059.470158489637,2827303.201891367,123372.87871462331,0.691875424087083,3649.0069532039015,3.183773676236368,0.08755830166394549,6.557850880625412,0.4927889565080247,0.0
425,22590115.461286567,3003032.5819776123,1736419356.230887,91435390.6562893,0.7268291035158704,3249.979605151959,24.036274539542784,0.14779435261427798,10.72367947462744,0.21072516318268325,0.0
426,12434888.420754466,998957.6831886575,2137700121.4915752,68478117.30275671,0.681348189775073,3073.0119968155573,25.40890132047528,0.8504579774876383,23.299611910189874,0.18978196419608667,0.0
427,233061.68417990496,162064.77108900287,5593121.872965763,429742.8946608727,0.6771291037959144,3312.496792060318,6.224404522837526,0.06110729334163807,4.553635833454818,0.24165307489334226,0.0
428,221125272.82501364,37233986.18319007,15564693825.588999,864382177.5495055,0.6788581309877677,3174.794409049112,121.29401597952595,0.042595988086653415,3.2472552266492074,0.20936951551200095,0.0
429,10998.970015256598,1130.7324807968193,3236962.4087459063,65967.68605356806,0.6685482931510978,4106.07977182867,1.4810661381272558,0.20821071219825074,13.660971508866401,0.3546272496512891,0.0
430,21467.069542113284,6335.125085434985,3585248.8292997153,93699.73519771504,0.6536275195418364,3679.5317729110166,2.352744711645582,0.11371772376831464,8.136525880576936,0.2458812079561015,0.0
431,13045.246223086899,6089.400591661911,1338872.0514104087,38121.83381560225,0.6828446849698382,3337.416236548626,1.0379633926397185,0.12839088205824778,8.46889477078294,0.18088819015884885,0.0
432,46263.08202850496,22814.517048014393,2682406.3843316487,115206.71368278768,0.6276183161350366,3920.55900643925,3.783231839900538,0.12092851759877492,8.296665018349369,0.36118950850104486,0.0
433,469578.55668983934,49268.54347358221,50367152.044094965,2157654.0686517833,0.5261710670091805,3400.5360437155464,6.018797269562951,1.5335289285134888,34.6000872742684,0.0500683957449346,0.0
434,11893253.070089191,670307.3703753244,4506209045.759417,84851005.55196784,0.6875643152448324,4126.610860837811,7.925363444055134,0.22477385751822254,15.261146830661872,0.4031084368890175,0.0
435,6286709.668575401,971049.0905862603,633851250.6326054,26705052.759939432,0.6483280373546372,3702.742517696925,4.001581605756099,0.11146130284776064,7.62838465808264,0.14631869980175796,0.0
436,17410726.26538663,2942241.1373400604,1214977516.9656281,67695811.497138,0.6898018340001334,3427.8285702654225,9.131441192455501,0.10106149159502609,7.0372745216060695,0.034041653957379465,0.0
437,6820366.921538817,1380941.2102005144,208255861.46725595,20741126.194649354,0.7155391635553809,3497.469576112526,4.85417417176218,0.15819278305480583,11.130313047570844,0.04351417382623517,0.0
438,100402907.25840631,97439957.60659605,785613869.9847046,128414246.36267623,0.6129133546072417,2396.421050784674,5.899074783895702,0.8260930368875471,20.475515019765037,0.1606830632836753,0.0
439,13161292.196351806,6036162.698688665,462014140.94802743,31270740.622858483,0.6864488739517449,3172.8125828581706,11.422281458551268,0.134567397424627,9.567586603093687,0.3339170498658375,0.0
440,12243020.969475932,2634310.727145944,1995780178.9121158,58786537.1535912,0.4610843955314623,3319.201959897898,17.620876381033952,1.5300167978149133,34.71354422157162,0.272512611533921,0.0
441,5205597.897309134,606658.7018433977,605696669.9961272,24179066.550328426,0.6378223749152381,3748.9520043688244,3.383673931578507,0.10127210013239027,7.417768695371834,0.18551527266895335,0.0
442,1043333.9291778387,246191.05600241927,55737652.94096426,3364597.3297410244,0.47296600499972036,4177.944227194021,21.96427289375893,1.576522803914338,37.907864140837084,0.16167018234036576,0.0
443,541706992.0878395,166619340.19720173,9538475175.539257,1256575472.976445,0.7506084338076112,1996.4218062223213,118.14866689005551,0.08841690006454091,6.467326632358227,0.26348523025753945,0.0
444,7467912871.821417,888334652.3481748,576002084301.4257,31354984482.654285,0.6802187345849855,1568.1547914919188,92.1947215472452,0.1326631889804771,9.801266043681284,0.14197601082918773,0.0
445,44414443.65645389,9953398.003874695,3390331984.432485,151300524.18549052,0.7531813864857072,3331.688809282905,142.3562615071838,0.1508058296616097,10.791586443268837,0.24748885006857343,0.0
446,40489238.036065385,8075145.132707682,1546079821.585361,131278087.54019324,0.7236631017874207,3593.478626283908,9.398191206240334,0.09445834892617296,6.830443436092169,0.241122039963519,0.0
447,55211450.33173837,7789045.707983683,4713098624.34963,220956424.45331335,0.757638864227227,3201.6405821221906,224.7496856792649,0.17957099231261991,12.98784915135931,0.4080327828057534,0.0
448,8621261.088797275,2456860.0033091973,157927602.19902566,21825599.383286647,0.7110862908906845,3804.732669980138,5.872527434694575,0.14072389539006594,10.305150872297428,0.11634383846964617,0.0
449,4193.092677143146,1483.5942815460298,1047123.7529125984,20170.527062914505,0.6574870787179412,3546.7282951727925,0.9364538761330927,0.09627830455726123,6.962854966907727,0.20904081013515172,0.0
450,92463.9689361451,15255.83040325718,6763067.811892378,340214.0672502358,0.7520321911593741,3825.6217387287024,2.3895926320918974,0.07312192116183151,5.356862823413778,0.6052732165137946,0.0
451,38556295.44688051,7251981.082830941,1891393336.4556804,131111769.08477564,0.6617023678303889,3684.642576186373,7.373792556246019,0.19738962214117928,13.920232232760307,0.11113255690901024,0.0
452,39402284.03699471,7461784.603899327,1645463233.5529447,132318348.7095035,0.11755521332041692,3858.9385818393885,6.275473383834939,5.474942897791649,91.23504672962017,0.16126392633757583,0.0
453,43561.54090097063,13349.108011384651,2410217.148329695,121690.66600419363,0.8042914077914318,3378.9211373734124,2.694151503176759,0.06859307477639813,5.032396321710337,0.2392074532133273,0.0
454,105303745.53397164,13628414.520975322,12323817059.465424,486229166.5826376,0.594168019215276,3775.5618887055894,3.8206402839806906,0.20391834586048577,13.735474372426477,0.2607065999573683,0.0
455,28620991.10631894,3896428.191689787,5306295882.675226,145885990.51892447,0.7215138860072691,2746.857186514441,575.9208435451853,0.15810320367754116,11.264084281506335,0.08733988010780346,0.0
456,1035447362.5639595,161820782.2576844,63439847074.81421,3871502936.6201987,0.725331411731713,2065.11614262284,411.5829870326081,0.1124349211648588,8.336271843941116,0.13330144727135623,0.0
457,6984279.543811371,1031512.8968970621,799666979.7550142,31325398.66169014,0.6887201401314738,3972.027454788316,3.8463896112348577,0.1721343464020662,11.577471327834392,0.26061777087567367,0.0
458,1789762.9459269694,307694.33990282443,106769838.53548893,6304239.838453914,0.7652327524052772,3922.1845152312844,22.154901978146576,0.18320201422201618,13.10099943378307,0.1941432809816097,0.0
459,11787085.272397403,969528.3427447553,1887930107.635683,63178111.23066814,0.45789889426781744,3931.8156646811103,39.41772917492851,2.881531066051014,55.60832731706298,0.20933289295649807,0.0
460,12767052.611762714,2294928.022220207,570360691.6478698,42332103.88464889,0.6975851139888926,3920.546408584155,12.904475345542258,0.20849844323664435,15.085983949367806,0.1622913283293327,0.0
461,1639.5805995069281,331.74619449174236,550649.1548389758,9450.925015732231,0.19614030315616415,3932.226476318063,0.5571393237508703,4.17543940933845,73.38318576699137,0.531571929466003,0.0
462,2446.313695300686,342.30109495759797,977791.0669090059,15581.311483724718,0.628993773892131,3514.0130761703253,0.3768569287313612,0.02180252031563734,1.4880027403857725,0.24882048334354376,0.0
463,18066209.328360517,2446358.642824407,2033204586.9157786,79282591.73781502,0.6827165440797229,4038.2859099427255,3.407303352168057,0.06952727274407486,4.841372795305828,0.35283917938768394,0.0
464,28139951.75045694,4656565.570879096,1406493576.508005,99438786.68503422,0.6145503328002464,3697.052928713927,4.259332825426778,0.08235957333230663,6.0373844340965634,0.14269405186519812,0.0
465,17469.59347649393,2154.973210277591,3747456.1118600653,92115.08021869695,0.5879546355661975,3760.871123637022,1.82249895740098,0.1498659512129598,9.75882740463686,0.42854641268488236,0.0
466,32604384.861003596,8088386.7773553,816105175.8509922,91789724.65258777,0.666243406501748,3566.6374663558345,4.682782791117559,0.1102599051045627,8.028015902610804,0.0318764008847387,0.0
467,6018.578128005919,1166.5843773143715,1116102.8466090008,28269.871768829016,0.2817720006887448,4021.7103599250545,1.6542062622818592,4.1304984432094916,70.14416901331296,0.3385695276391823,0.0
468,89897836.01048021,12512056.806664111,6970241818.563947,364019583.55156595,0.7134891101131169,3893.8704655642305,6.039540553476004,0.21589477902458168,15.202973224388078,0.15898835508439035,0.0
469,724625911.2289813,104723101.59354608,58138906696.423134,2957403823.08898,0.6798812297794038,3164.5874506403748,12.793862197089378,0.09720984340647298,7.078168326321011,0.10811397517144834,0.0
470,110882577.86678092,9750096.266089646,21481811600.855988,621891984.0392451,0.621828446862638,3856.7995905566127,5.589980804876076,0.08005729336147036,5.855395509033334,0.2520415250933973,0.0
471,37126524.92694856,5051576.99339419,3532866712.354823,159307126.4670184,0.43918801231165644,3754.261035091773,4.724323258658733,1.6053900500494513,39.27856910983327,0.17596437061633535,0.0
472,4072709.2501283945,612239.1734636661,382658238.251946,16955412.01861856,0.5489615298596271,3817.207262193935,1.6326797204359909,0.0766184738452762,4.882193781860178,0.1708423538686073,0.0
473,8537.390237981546,4942.9504236461835,1467489.560235935,31637.7852925663,0.7331904380300828,4123.473513896431,1.1195655256229147,0.1263694570251693,8.811682854730167,0.4442099094248056,0.0
474,6755777.427563613,786511.7428827881,746119969.9237306,30681910.36556186,0.5916188573815871,4136.6965386474385,2.3255667562625217,0.7244585428133549,14.260889614868285,0.18758650627029116,0.0
475,311497.45235576254,60916.60584258661,8782983.546529133,934023.9680154591,0.2973383206870046,3819.5210924145745,1.4555749495885548,2.1407007534113776,40.561987170429646,0.1407550626677763,0.0
476,108928371.0870183,19055639.339514185,12357270326.510897,476241584.08926123,0.6682887119690017,3629.349782253231,5.8628407498297,0.12177380824128381,8.555782066923097,0.15926280171700172,0.0
477,220887.2873899496,49929.53568738727,11692956.920435142,705700.6418730479,0.7023675029468628,3677.8931223261743,3.69577457977998,0.20128243772579948,13.905034186544844,0.22799963943953822,0.0
478,28312.103752119925,5507.918158728163,4305713.970736995,126810.58281392753,0.6551346638481303,3428.7644856224897,1.4749915156123157,0.09541137096598691,6.313428931325703,0.18420985941742563,0.0
479,18462.19139121952,3005.6542884400524,2735047.4190855594,84645.46971761521,0.4929206071832842,3803.1721601355957,1.6258123456630438,2.1667032719072052,42.38114588032617,0.47053070249516754,0.0
480,3516983.0955713196,426281.83575513994,376044585.860695,16144138.77086994,0.589551743836719,2639.7872254424665,27.72538015238858,1.511275721602401,33.33033606044682,0.149532354166795,0.0
481,352437.0772405328,31984.815222042515,64498357.680664256,1943745.7447260167,0.6342037106119378,3695.482396809734,3.279662489577729,0.1452619726487284,10.282066012793633,0.4873927871538379,0.0
482,7889.509545973064,3024.445489229932,981892.5420310538,26364.469234206736,0.44050057933117015,3749.075199293371,1.6464211901856616,1.4817937988941843,31.043979803793388,0.41322631067181237,0.0
483,10820.049064343697,1450.6949814254122,2544266.453594449,57140.31141975099,0.6727894079298036,3409.5641893636803,1.735457337932399,0.16756949009803676,11.58922027324,0.4348813390562958,0.0
484,1988214455.7444415,1373103961.1851158,13618404251.00728,2947295131.6221967,0.6756939108517525,287.8880155319043,9.958904855481638,0.13938172692884132,9.761800587426,0.03323810401009329,0.0
485,2646153.3200769173,418306.11940526444,119486606.43678181,9237037.965296399,0.5725264995157533,3407.441602397087,10.048877442556629,1.52415321507054,33.96786036699357,0.10688412595294285,0.0
486,13016762.662010204,1084409.8467659748,2678404596.612645,74934236.93743743,0.6376376632834223,3310.625155195113,26.665233917034808,0.7993661624556294,19.70987409967551,0.08179437155941267,0.0
487,5277128.034533897,447398.23324601224,828309626.378036,28086036.60580319,0.7529328525062523,3765.358006668051,5.840779685177159,0.03767429676850833,2.376295904108325,0.18892858627880982,0.0
488,101238651.47306165,8718899.93787399,13955943855.889324,522539177.54428357,0.7140146489662611,3802.2067957342806,15.141813541308231,0.11294650902926459,7.904498574088966,0.20674831683170805,0.0
489,329127.8931543916,49307.07220608197,31259066.789295632,1382918.0378697668,0.6694935260910381,3368.268845903448,3.868254228993519,0.0863030622215187,6.278888880347156,0.06637190642412749,0.0
490,2422368.9103376446,421235.3815859018,97624946.29041061,8047560.508972737,0.8060371152362219,3004.966009235201,16.514921027714724,0.1590524741518145,11.653802465478035,0.05152798277878749,0.0
491,3172374.0509114503,376977.7031852939,340459793.55619514,14391708.69220053,0.7039265249716715,3725.0973011984074,10.485383532343516,0.1361600507441172,9.479038112183071,0.274231600623628,0.0
492,16638.000102311926,2611.8197040260584,3820294.640415609,90251.6970531339,0.6034735437466316,4078.140985344654,1.232452727310921,0.7286964696636715,14.310158503541336,0.3688124905348051,0.0
493,2135664.890523835,507722.04022710177,75026399.0941779,6647776.070311419,0.7322852513406873,3260.090449003861,6.166935715325675,0.738687060787245,15.57913698463966,0.16002235494841233,0.0
494,124604380.01703826,61384531.27063565,992448776.0960165,213720242.7048293,0.7703064387509997,3666.220320313367,4.88601939715993,0.09687805168654,7.177596777765785,0.14828529646416197,0.0
495,173211577.00112647,30443078.411325365,12739737196.50047,682799245.3244268,0.6362426399758917,3583.291277671968,3.1686864206460155,0.012435929156778958,0.9235111321036726,0.189433913818212,0.0
496,5594.17074760915,925.1761142277999,1567694.50770206,30689.301496405456,0.6186837695620206,3673.470130057178,0.955763894558973,0.05992852117124361,3.9965605009726444,0.14113416959225575,0.0
497,97666.456410426,41004.88422051315,5707125.669924841,275866.57042993593,0.6041533011460803,3647.9623253301033,1.7991938753339534,0.1678452735831537,10.666707498630917,0.3541206783714275,0.0
498,96122282.87242493,12541289.421624597,8576251817.066694,409577575.30582035,0.7146305739405364,3658.942910781716,15.490511332508301,0.10137989843324843,7.500001954299816,0.1794684477064036,0.0
499,28924258.163161613,6964030.5926879365,1896228306.803423,104623804.19435921,0.761747004176582,3561.558570397533,12.551117152475161,0.1543047580191029,10.948330930948753,0.13223438546155097,0.0
500,659876.2160790318,65708.65183104455,85685506.05671762,3264626.6920672944,0.4346575911653818,3750.123272325466,8.675223436338833,1.5364259134118192,34.78239219193648,0.23470846861671182,0.0
501,17680481.010128252,2575706.916587207,1416453356.2795804,71354551.74637075,0.673247041791119,3760.0309276065163,8.041152489076852,0.1145309980390258,8.256339796089822,0.1632773877224359,0.0
502,15416866.254457455,3135217.644670266,4282523942.851063,88688889.6818029,0.6786762016352094,3970.5275157214155,10.631538580579226,0.13940285911992129,9.870913706386906,0.38286908714008694,0.0
503,2331404706.964678,414118469.5136062,113597543083.28116,7984942241.078653,0.6727527261763661,1167.5207812108883,8.548489842296076,0.0837718520994172,6.109032434046094,0.0937171910766515,0.0
504,4148886.5862711957,485796.4567871184,319912374.26153153,17471969.1860434,0.5878913237388627,3540.7771586340455,4.839249342649434,0.7876742572190165,18.52188238580097,0.13875960161604334,0.0
505,30532120.15783397,3234318.8526265784,4409433207.130942,153567569.25555414,0.5816469888574308,3852.841987351314,2.152005309747261,0.06802478752989867,5.044352331969753,0.12397863189032869,0.0
506,9781.39112563773,3046.831237437028,2285867.970891095,47310.01631113725,0.6591309898815322,3635.2828819506135,1.709049597367447,0.1094990915946596,7.942823799721237,0.39259108738651477,0.0
507,2215.4628757237683,202.83060062532394,830802.4819019565,14364.204810681253,0.4524751631958873,3761.715631277977,0.8714494773281093,1.4980735735751745,32.242032724260476,0.11271412649066563,0.0
508,181408.83913813424,21448.993609234607,18613013.180126853,805942.1986687246,0.10251516408019042,3700.0787560669414,1.130674111534539,5.512403889274088,94.07935270820595,0.14508497253613403,0.0
509,4627088.535032724,479308.42687121965,617290316.2546605,22988289.492864665,0.4516544138387478,3260.105375514306,15.275876955030931,2.133065936189682,39.99365290908118,0.21279417055034222,0.0
510,16605628.370114695,1442398.3713266407,2306130293.5883837,85527400.4886506,0.7204869317137804,3805.0837177740445,24.280203381778644,0.038392149211655104,2.604701631117538,0.20622743134789787,0.0
511,14137285.700842673,3546917.9970155107,510627290.1996619,43130220.250301294,0.6655139734939552,3954.645700124282,4.248307997416797,0.12901724622541524,9.31325646306922,0.14664671731893758,0.0
512,9052528.81762379,969067.5458653212,1090869811.7219157,43411708.774866715,0.7503441844784555,2615.141576035143,99.15409588825425,0.13983559002830157,10.30908779080849,0.381433399065634,0.0
513,10639.040713152526,1469.4494446349877,2553802.4663273348,56199.36927065828,0.6796910099223957,3725.8507874927677,2.2242028131430494,0.08281667568329656,5.976313277093593,0.102913957801186,0.0
514,23160736.832365744,2893305.4927715594,4719708025.776491,126415246.94278042,0.6399787195554936,3716.858714761971,2.496371409692728,0.046699463558557676,3.2220803493782184,0.08644493496209957,0.0
515,4764960.281957173,490510.75397237716,651480665.3883169,23839213.373617787,0.46584590152094585,2999.551716857881,18.522516530685074,2.1171382636070106,38.85380046089669,0.11142066083220997,0.0
516,6138.645254842787,887.6443008948285,2191378.384398096,38195.90966744842,0.7105907094623323,3623.2774598547303,1.4357741549184622,0.01438379654225468,1.0534343709689864,0.20040045321169386,0.0
517,3731.6424911744166,742.9187096859316,1250785.2486259262,21699.575385981443,0.6586875976742053,3573.3190401689717,0.6998732563132429,0.08305676993840025,6.070914199885282,0.17630274486273842,0.0
518,1587257.7487068332,92644.35963854403,569765360.566474,11050936.904744491,0.6503352620484807,3871.5391097003967,6.970816132196449,0.09295904920940315,6.628760468367178,0.4300194880777598,0.0
519,8317704.1449233545,2254226.0336288805,130205323.86951134,20258494.61702887,0.8066697810031102,3638.7391667425227,17.15295636821106,0.13852285357340258,9.966253955575144,0.07587522403824917,0.0
520,8686149.779841531,753780.8658552463,1300027180.6444445,45531546.20644967,0.7912169175961481,3634.16368456743,35.18781814569277,0.17505273981278036,12.15675746592014,0.2098536151409498,0.0
521,16902158.974649332,6057085.432046221,1057937135.8987716,58005861.272945546,0.6858525243661162,3534.356459035581,9.295839275443738,0.11520292072217346,8.17639421826396,0.1705744100305213,0.0
522,29663670.4093207,3208819.5641606553,5193389482.139658,155768709.2250337,0.7415175251378422,3013.552000608919,176.90889978821664,0.13641073512322394,9.660012637772606,0.2810460369234078,0.0
523,2462.3207956603546,506.3055465106202,1030397.8874082323,15441.992956825101,0.6786765282743938,3602.7149088631704,0.3288524868041249,0.04660698207185732,3.352399983099994,0.07107774300991876,0.0
524,7590960.827318688,2308788.7241351106,773183036.7747352,31156444.537946336,0.6779560527199473,3602.5617923595655,4.654924821393902,0.19407388890243898,12.936899669375311,0.3154724969006627,0.0
525,20698935.55816745,4063005.4631892527,2356855122.0328608,94751967.44883668,0.5857180503428324,3059.871927166609,78.62502696327009,1.4326934035160765,27.688701786354283,0.09101399947943412,0.0
526,33257.298391936856,30845.681213389053,1034853.3719622518,53305.388674272384,0.4758199747420015,3480.6194107369124,1.6200593120602962,1.5603730953895334,36.17159949636215,0.35006082292469676,0.0
527,701233309.2753528,210699428.11332577,19009006502.773228,1848696266.1442246,0.5049762398433205,1893.8010026899747,12.214096871694942,1.434812403563713,27.727151841345567,0.18617840086270404,0.0
528,9414657.12628071,892138.5873899795,1338537453.4351153,48053831.77529292,0.7428735522305462,3184.0233495218617,88.86160746371256,0.14925817196491575,11.005072920732763,0.16818989838410897,0.0
529,66520196.012248255,7195591.045038295,6770838591.111807,304150914.3828439,0.6644380876558099,3867.2619169085965,55.66704941858705,0.09048657416296528,5.8920004423254655,0.1898833564638433,0.0
530,31212300.898139376,5523354.626227608,1462762804.1249337,108274914.25948589,0.7337197239423084,3150.970790943662,6.900656703967691,0.1431805950938772,9.733306157190624,0.09356256660377511,0.0
531,8806.522515644969,1671.562213361815,2668610.4549475946,52433.451784039964,0.6128789913897131,3657.9471403310863,1.1030153483633627,0.14797937118380275,10.119447237482497,0.3428541364920065,0.0
532,56789317.08700713,17608270.845637657,2943646042.8957396,174973150.04584178,0.6539641059420868,3680.0960017396164,28.191940906259322,0.1647242879368437,11.294946321184746,0.08934707372395086,0.0
533,27241235.923193634,4424994.543303535,2103074282.2638264,108232422.15223256,0.6433736683841419,3630.8244231806334,4.739011128611421,0.12356239221998688,8.689610358591967,0.14346589481591068,0.0
534,1803435.5091133998,206404.0478248124,192721918.93342483,8109124.898831089,0.6847278468338931,3905.8034296905453,7.639026006857567,0.11379086069543147,8.27321990788953,0.22401208907638526,0.0
535,23017.34286866764,17650.451130219655,2326027.648272589,58331.35853867097,0.6775248566189555,3553.245642256171,2.1453075852772585,0.04268851773676428,3.181524520565273,0.36483155938207246,0.0
536,669456.0686909244,223577.63970367642,8578441.731083427,1416914.0759495837,0.7572644946624304,3455.9683104727173,4.922841111563447,0.026778283320187325,1.9183526660403345,0.13466247930524403,0.0
537,11796692.46872453,1392277.189279267,1032138453.0303453,51309837.96925981,0.7499664397906302,3841.1861668552006,63.69001357129319,0.1673676910640464,11.958197916558735,0.08924243648564277,0.0
538,2030.139581370949,192.06955544249044,938489.6480493101,14131.854461463328,0.6000511557288213,4115.000893066119,0.7732322448440413,0.8124016231010904,20.07979538799604,0.2150494591030836,0.0
539,5349813.133260518,625187.3731552336,506160781.5767152,23389186.553619437,0.678786514362568,3992.577370829159,5.15334026206821,0.06991828778643976,5.153273789198261,0.17879637099140344,0.0
540,9458.1312444884,1423.115620079386,2196874.437912519,49596.593866333875,0.5816657090827207,3572.7805759191215,0.733877672853919,0.03477213036500402,2.490703681598403,0.28365668757195417,0.0
541,1139777.1568234335,279061.75353345077,66390417.71288961,3992233.9456442767,0.5967432373652384,3779.248894636218,1.8813106665855506,0.14442884539133471,10.06395963117804,0.25732272893705344,0.0
542,3254559.226553256,708571.0047179976,103256685.46259826,9558468.858886978,0.688101886366816,3802.08342712776,12.464915398706474,0.06727071042287544,5.086139565017552,0.1480826256235462,0.0
543,7903410.224346541,2066569.7841744456,237108327.33649483,22938995.785058696,0.7160864478516306,3754.6160761864267,3.832312584176501,0.09954229337067586,7.152120646811811,0.09216857524509475,0.0
544,22984579.435538214,5276951.129113447,704865235.0413995,66056015.57846856,0.7049913010039107,3461.024885273475,17.967061988202257,0.115799368291896,8.34139274359089,0.2947062061657479,0.0
545,14444.343542550221,3050.63769492294,1844883.2298547898,58424.73659941164,0.6377226147773065,3963.85523418082,1.1218151453161722,0.18005370653540692,12.591245290477437,0.24085458932859558,0.0
546,32997684.18161888,9884828.603284622,2737946293.6657996,116257072.02384982,0.6991645825045368,3671.5749980738906,28.432637030952318,0.10184590826276647,7.5026241609895745,0.16357037669654326,0.0
547,4776919.353942944,489414.2214925317,603863356.9271238,23403003.03321148,0.7665361273922273,3384.143495849019,19.680938367263245,0.09578127025050823,6.805436366381892,0.2629765222087481,0.0
548,857565.842306168,240676.33565532407,41351379.26941721,2615880.350592506,0.673917179659939,3521.6734666061398,3.297407522738272,0.11094139831700237,8.051203101992797,0.3244134510849298,0.0
549,5021841.991160844,614710.1526434398,735383247.935973,24420435.505660467,0.5970370485905945,3951.969768772758,21.75382805058308,0.10512557236720736,7.838729640400959,0.1889513849749398,0.0
550,47177.25004891758,6286.558416187311,5740465.543661827,200339.51028237547,0.6863548901392484,3760.656312400228,3.4005999633315738,0.0838273557567363,5.9873485247027975,0.4931319972619239,0.0
551,11913247.305878112,1026966.454759802,2795374272.7979884,69496784.19848797,0.6899698978431255,3189.7493070529626,17.604580244963106,0.08204096367488764,5.772505482632816,0.31666703602618657,0.0
552,29137304.554526217,3473409.2428954705,5114642003.066061,150278476.16447216,0.652626422000316,3065.5316731458206,83.28800422765258,0.13875168392222675,10.16800555394879,0.22431412067933482,0.0
553,19356.79761210504,3591.0748123698295,4154185.1153149144,100003.14030949041,0.7049917022055289,3841.6906685914073,2.7252321780039668,0.14398272962338102,9.683519462413773,0.15999265434566118,0.0
554,1356.7887800504866,137.98451961189417,807612.4822250081,10390.022512249503,0.6648799579951608,4076.9950403209186,0.6094119285526043,0.14570469885721032,10.220410888648221,0.36477778463814964,0.0
555,38569.046093726,3804.2977485583824,8811791.027135232,217910.25786827522,0.6713086184383543,3990.087476533118,2.8343541590582744,0.09036183847291523,6.393126173844633,0.4726692248816365,0.0
556,21814.745407147686,4300.378345344229,3565667.568152081,96166.52424788164,0.7583077424840508,3795.154749448016,2.6131740715477996,0.08847770141939267,6.328064875713565,0.3017442376773233,0.0
557,22008823.59215541,4620884.283748461,1100303746.4568903,73735109.63116646,0.7485201484524036,3936.991491351575,7.749263238539929,0.09449997155621163,6.498677274604544,0.05683875496285704,0.0
558,1357.4792939336885,197.76658205693306,568832.5113254262,8879.255674045246,0.20183793033171096,3635.5515995234236,0.9336380900208106,4.238231773883551,77.869117567774,0.38552972143907444,0.0
559,29735.94290289113,25383.886929931883,1474286.9235312927,57531.15589617546,0.6392171075546538,3340.039406175546,1.945537072146833,0.7348599632172477,15.030092386930761,0.34001971817260535,0.0
560,41730119.83773558,5709486.9310061755,3715939601.4150705,178252024.5433306,0.4438071485157355,3785.32868101282,3.769667849710621,1.4438435140677823,28.366019398564468,0.2075504214660747,0.0
561,18886569.502977587,4192737.562897533,2002395980.1890755,79135615.14494333,0.7395557070668042,3350.4931149823315,19.76720185880558,0.14498557679694582,10.433848553043422,0.2902697877980469,0.0
562,2038.1207525878206,623.9786239549571,833619.2438466554,12338.717876252296,0.5048021924623101,3557.7978173690663,0.989135429992332,2.1430748950936,41.046548691881426,0.16735793925007653,0.0
563,5242.060460649298,2138.9353855147588,1230710.0368754757,24090.711548380896,0.6504950699927561,3464.5709823087614,1.517822848317801,0.7674695071045368,17.369236679847706,0.3734172238067969,0.0
564,446389205.6310509,134603164.48494214,6966649578.085497,1053598275.1963047,0.7557961116344033,2546.2188097838616,35.98612912194854,0.12134254582855127,8.647560283290487,0.12084651053693689,0.0
565,978431.9236152016,161840.592970008,85160684.70257774,3962754.9387523667,0.07820052664064332,4373.187572028392,2.2584935467077836,5.460585097233311,89.81751833142474,0.32504082412685653,0.0
566,3248.4332551019847,642.0253295402379,1118081.1598167731,18912.097951523512,0.6782005118589123,3327.0961120680513,0.5458781262336512,0.03304986418188216,2.204073278629515,0.3885840702830274,0.0
567,12906.690239399071,10409.279689866898,1254571.1722561293,32715.75854469793,0.6401144052217533,3581.6965286057994,1.6639241844073653,0.10803679571486588,7.72705115874443,0.12628796751595256,0.0
568,14855148.593212834,2011874.3964412168,1256632188.340426,62408868.60282493,0.5118719077859752,3503.6120583026695,11.409374065390121,1.4908669853138203,31.661531708318268,0.13891226329896575,0.0
569,14748047.423084121,1073818.4581226069,2871408819.795222,85181901.39765546,0.6782757169411578,3724.8379934357745,12.85422824752621,0.10020444344868906,7.346504362723363,0.12278957160514536,0.0
570,977871.1838621702,281954.90705300705,70496217.30500856,3367981.095670109,0.7512571995999048,3850.9655110042854,3.5031239801030405,0.1382021322615575,9.319964792339523,0.5081287685810207,0.0
571,15722.348228465547,2340.7124833038456,5003060.13991844,94142.48034306624,0.6186717445871246,3462.517325861934,1.627551017084546,0.09611491321191581,6.331080813358038,0.1973678331329998,0.0
572,1023464891.5816717,323938456.4347111,22384965099.744316,2526759070.5899014,0.6614131753672192,307.86260296371336,6.674754914201171,0.08608771104607485,5.895517194908699,0.12790009728018287,0.0
573,194639584.11836186,19647422.88246768,27653021425.398266,984406831.3889778,0.7022190972257032,3100.9864923394716,282.51163876100725,0.1287683320824195,9.557402279551477,0.049727964259315076,0.0
574,22928.48749427438,13929.864401623385,2172813.0088743404,64919.86648753715,0.6649658620695911,3425.2542074148387,1.998289942779887,0.18956295338216078,12.96342211306235,0.2367227218502942,0.0
575,12950333.129301865,3697813.434487009,1206586184.7606273,53622176.45715215,0.7014486650613211,3308.047546224053,6.113334984494272,0.06754951509374907,4.934910243776043,0.4138547449724803,0.0
576,38866895.81237111,3632194.3630450694,5849255316.394922,202882180.1617961,0.11245945854618525,4216.263605106041,5.138890857847321,5.416138121549992,87.79743892524857,0.19574934317443213,0.0
577,11046060462.55425,2469083126.1986647,227174117222.87653,30052689054.01662,0.7319772207257034,910.8972571758886,41.35984182731207,0.14108657062427712,9.481598981180255,0.05533620150872367,0.0
578,24384.86884270612,22987.88761218252,824509.0931283599,37314.85955477033,0.5998905058209437,3296.82605691726,0.48802520792033915,0.05358749447035205,3.8716911158271983,0.19684824789313857,0.0
579,9751480.521816222,866976.595464641,1662415965.7593472,52919164.78174403,0.7880179731434408,3260.2948666994143,66.3717732324897,0.13380571696281782,9.465095998444623,0.18673166191840535,0.0
580,8634.975610268388,4421.851569806056,1250958.1554847243,29497.44740125034,0.7030507434551208,3456.6997383835505,1.4308381542687951,0.13317236532959092,9.008583506902376,0.1126709424108094,0.0
581,1966140.2505959098,118835.46276130134,745166555.151015,13779821.793378055,0.4854202270339917,3993.6239972648204,3.3275267000194675,1.493407380837742,31.747095421371,0.14697504716806511,0.0
582,15790.88356227319,2747.5824216648375,2813512.2994698207,73778.40159036018,0.6799095203453501,3563.9977540407986,1.7525550442279714,0.7542906706651472,16.39678460885716,0.40662181193254426,0.0
583,6945830.038326895,960877.7010341592,709217966.308925,30190603.85456934,0.548379525442088,4011.892854276217,25.810092936080274,1.5832133692329529,37.76840813091642,0.06548317669140519,0.0
584,10158232.400685031,2475281.6598117556,464488639.7616068,32587438.200294204,0.7135306071625032,3435.5390300997947,12.44181046291977,0.06933222715766778,4.544957869155131,0.1521316152862917,0.0
585,1061006.164400416,218899.19312582127,34240914.37832518,3227976.949668177,0.6825038672849456,3771.1987721476185,7.064041528697423,0.7856991506670236,18.83693243668257,0.562565528450439,0.0
586,4307759.5272633685,828450.0738926268,316425998.1762345,15902742.56357655,0.22600107176741782,3790.7896868850357,3.355876214163677,4.148768160662186,71.92260716502464,0.32523802130093904,0.0
587,55173818.91567185,13117897.116261479,3398017786.655182,174170619.7491667,0.7673223858923451,3145.8546213335785,164.98065228545153,0.13737473042378542,10.045294178137336,0.2457127703624561,0.0
588,162403805.6401052,76527718.90765083,4810255219.860029,386415316.0653724,0.6546433910527092,3696.3844958720497,4.798163123003706,0.08473627861197945,6.010959198740859,0.16958396223308556,0.0
589,9950294.04805903,705452.3445511918,2639763930.1233773,62318471.369615,0.7345362878775504,3187.7305189418566,19.433917251120175,0.1173245245486159,8.654483364241992,0.3917028654373409,0.0
590,3984508.856214749,569853.6323499416,210665982.52719223,14739309.023188433,0.7127237632857059,3530.107665526385,11.130373268862636,0.11415357157713686,8.178225574588357,0.2639197513061134,0.0
591,56663968.838191964,6474438.167353514,4394495941.079932,241039494.25783095,0.7251679945706456,3491.097374019767,30.780763694560164,0.15861452018747252,11.637109787576318,0.17180259819482394,0.0
592,1296528882.3006287,632251139.6446526,11982718216.247295,2279198342.913446,0.7838418525718213,2159.081445295815,351.7257521314636,0.16255783350096048,11.892175704097237,0.2082528445271271,0.0
593,55147361.099819876,9977520.871725474,3149502883.485396,196847509.57729098,0.7407767127731011,3583.4106393718425,10.843421317433016,0.06969670585587232,4.956022548485366,0.22028823098111547,0.0
594,1552491.623467783,261206.01901299116,74011454.88427916,5411960.714214626,0.6823174289128914,3654.411066312132,3.8889632879105442,0.15865565023605033,11.07927024255456,0.09536073043538336,0.0
595,87162251.61080676,11880728.975822348,9524761221.697016,394101265.22871745,0.7133994267158353,3716.8329794826127,8.45885936610431,0.07623907146474673,5.533316832845728,0.25307388403088327,0.0
596,58560762.71273725,6648151.868544462,6272467158.740532,268242057.88344732,0.6641159363512084,3446.993117979462,11.696925863207374,0.14606199021181226,10.313998037013166,0.08298849759961434,0.0
597,6534.932724484839,934.4132584209358,1646977.2720615577,34519.77146685309,0.6505807398275022,3804.0669384276534,1.101409705271012,0.12888426557500948,9.251868247421118,0.4354017981703312,0.0
598,22128223.035507537,1831575.8370124237,6338228695.853528,139456632.50441915,0.5503090573653907,2734.815982040808,269.1077201231594,1.5279597946817551,34.4646266059739,0.28137419033490607,0.0
599,23946700.58708384,7309147.118892647,1447502178.299744,77318168.86671282,0.6720554527765608,3709.454947438525,13.636594858145148,0.14199356640971708,10.132485788904287,0.07544019921613097,0.0
600,6933390.265432535,659430.7606780601,907274521.6212639,34620689.25637363,0.5673309778234723,3070.0440547689527,17.23927223379551,1.5045752413941322,32.49384055412428,0.2510050628348175,0.0
601,111671.12001124506,19051.52152788248,7868430.716521162,394795.723001818,0.6559972729309018,3770.21724674678,1.6963442185502742,0.05206542930207201,3.544654240461358,0.3605596415397715,0.0
602,678862437.6349194,151884486.6539337,14093247255.458948,1848302364.4130406,0.4810854279173421,1911.6876031112763,57.14865042242264,1.4714370780786834,30.27839251825518,0.10690527676165672,0.0
603,11814.882826579245,2013.4114149572456,3071604.515745701,63630.75092987107,0.6964255871267457,3381.5261616127264,1.4073545175047557,0.06993963271980386,4.802427275819504,0.2450455748887201,0.0
604,45772352.38476304,5222751.213673079,4653176827.469389,206720934.68533698,0.7442036227145667,3164.0099912006353,149.7049476107122,0.09873185047755122,7.2013783010781065,0.22976285866057294,0.0
605,20596.83352326565,7621.0280762756665,2078885.6984275512,75262.60176514646,0.47447866618921075,3989.636811968726,1.3664243938637892,1.576697111661219,36.85489622145317,0.27296732643529725,0.0
606,700040.8902294252,116538.48979608461,35036519.83181965,2466840.3467618506,0.5401770645763374,3789.7470304779745,30.12395420946821,2.195832390383374,44.74526897718009,0.47123803412443677,0.0
607,155679177.71046466,25027382.635173753,8538065700.288305,559788488.4085869,0.6214702589882707,3747.4170983076374,11.751846804391903,0.20003630137923648,13.795868957238852,0.24722412566927532,0.0
608,42422.98605138807,7757.441666305737,6475155.905465288,193335.58114398937,0.7081573433558902,4071.055470889838,1.98581692876375,0.11574364406400565,8.061937113767154,0.24558297753425015,0.0
609,491875.15106354485,53302.250085907755,79617559.93321113,2521231.5116010993,0.7504707867069367,3530.3678408051946,1.93603547600135,0.043021172381495096,3.1427987816253635,0.3427212692707061,0.0
610,186675950.5294314,71221224.83155587,3234152854.570286,409181790.485994,0.6459425831042916,3648.2205435374763,5.839881058782734,0.12592634324948948,8.763206919247397,0.10484614945382792,0.0
611,603940.3808761281,38923.23448254941,206348712.69963938,4112790.089971611,0.5070748650704132,3623.612013467539,4.2210779986176385,2.173067827850064,43.250377566475215,0.3675952986974662,0.0
612,48016572.524525255,10242696.375624875,3834914684.944725,181638485.22188324,0.6653119404785428,3760.4251986319146,4.90856940688963,0.08106325885362295,6.081356341871053,0.15188898088775896,0.0
613,14774036.516006475,1641356.8594372084,3471229254.724698,81459668.34268542,0.7338071999249188,3134.2965732474645,128.84410748635963,0.25584764903712126,18.44633464791442,0.5181979322645032,0.0
614,17666577.919542722,1304971.1749408164,4470246645.848786,108758831.59007108,0.528288977875236,3523.78557098465,26.983483954041642,1.5339827431647646,34.829458265428954,0.20020958623127677,0.0
615,15994524.521129152,5324784.702523175,172342870.13197488,33670442.23884916,0.6267194907192032,4240.822963796694,5.7679464736625,0.16161465545670445,11.755810255671628,0.31681041664008114,0.0
616,4761163.83866092,529365.9559554474,588222180.8397506,22803257.58292518,0.7187911373364511,3404.8129506268506,10.483730423964499,0.7152014880687411,13.957648956548372,0.16859943948551454,0.0
617,11678128.727468496,835238.1253631788,2537019834.5633936,69541345.12319896,0.7858847090939705,3542.340661241503,42.22064027760368,0.2163237857520647,15.82400676350666,0.23175797170726525,0.0
618,9640572.360147882,793336.2395263853,2488005700.839246,59033352.598709464,0.7057190023392376,3388.0812425551508,20.316690134901478,0.14232173573575882,10.49071084186618,0.2880877554874326,0.0
619,22015999.787905607,5692894.17827599,349749927.9033797,54420769.72401194,0.6990227545514716,3674.9826223869127,6.633742626206591,0.11974401286804488,8.121715254574546,0.13003984703245158,0.0
620,8820747.639967378,907414.387263664,1255179839.3660865,44843032.79018474,0.6854102981862643,3746.8497737684397,7.483972842566638,0.12891896619179813,9.046603460366699,0.14137747639444243,0.0
621,444836.15039399825,50494.91954352773,60670000.97845081,2119280.4689760664,0.6903522307369612,3447.699277472925,3.0434014649488725,0.09118712877699205,6.576927360971413,0.2714808721057152,0.0
622,48804.84496386362,25078.216630942577,2875338.5585971917,119967.2679884955,0.6058427124656478,3484.837170383543,1.1036082453323746,0.7991523415150018,19.51067695217277,0.15212213374455472,0.0
623,3533838.807450288,401127.59502285364,460202722.6052726,17136926.202159908,0.5411586171223601,3106.047622186189,15.144035220543733,1.502159998379123,32.4709214725177,0.19634261154016647,0.0
624,7055501.721165794,952057.6521512071,572313736.9761705,28724436.78726843,0.7555631008776809,3385.085984774846,14.515642776944583,0.12213593677106944,8.81996206066228,0.22092776064392847,0.0
625,8325.678790944386,2592.625196264837,1847724.6015509428,39724.41412154692,0.5783215529222926,3938.5221576443673,2.5844951968811767,0.1760274426851372,12.669806619120553,0.3044298346309221,0.0
626,6862503.3197132675,792258.2197170388,749792426.1569403,31102588.214861035,0.6584327639346859,4157.033846884132,2.935529745273239,0.24114616005990044,16.662678691702574,0.176581119581071,0.0
627,49128.09801173759,10399.97809217169,8808929.259544386,232115.36093629972,0.7196104821766108,3541.935651315268,1.507326854022026,0.13838755124962016,9.685462225609884,0.43650372449524666,0.0
628,5152651.777086278,1028033.7411254495,637315610.0113633,22874693.361711763,0.6625439731606089,3799.860549558203,3.1341155426416463,0.13484648691808737,9.271696209994513,0.21903038470982616,0.0
629,2306.4044258355184,193.40260384624963,1122597.9491508203,16541.523351578868,0.6762564400669481,3928.1004426166287,0.26862204477664403,0.06417592670836543,4.716258182370611,0.29404027722671705,0.0
630,23525386.191969343,4406186.830833845,1615280060.5445256,89191330.13701054,0.7135364048416616,3644.239149195915,6.714430413779887,0.07863517567122572,5.513112113225607,0.1367331919207754,0.0
631,3315585.635362047,421045.366066564,213377038.3997211,13141756.737633334,0.5590380534894199,3810.1462906009483,20.073791928026523,1.5453231964832863,35.72900311794856,0.26019393615353875,0.0
632,338112847.0194129,68482793.36572132,42657683176.0753,1487287171.158877,0.6974942992865019,3249.7965432888254,175.15755850053887,0.1264389551742001,9.042846973812454,0.21756296181637327,0.0
633,18132846.319740303,3495958.7621294768,712479439.6175222,57342725.13985054,0.5420560411071691,3370.344867363591,6.499515263709157,0.7580924417956932,17.081987461635258,0.24641826327730942,0.0
634,4252150.997355968,1175173.6676605637,259180036.0841877,15089886.553826358,0.09107563331968616,3672.7291506737943,3.7577846515578104,5.462178930501336,90.32890863955444,0.16768531954539145,0.0
635,7823916.684635895,1323150.8113225107,596638115.7378104,30807102.149722677,0.745994607999634,3501.9862326617263,18.822994141312005,0.12724236200179834,9.261767020300589,0.2983394961045802,0.0
636,3998.7545443659983,1307.658422524511,1239765.8405417036,21551.088706828377,0.609619322195453,3703.7238331123517,0.8969859681139233,0.7792316195304271,18.151335445446996,0.32379189098239997,0.0
637,31990.082010714734,4920.965437846949,3689071.548980241,138579.2736981929,0.666059098670963,4307.447993496098,0.7662427327802286,0.19103066530587248,12.722334480296057,0.44330915499314016,0.0
638,20450111.643608853,2374342.9635086646,2236665224.6306834,93756270.44669974,0.7298900480964189,3495.555386626112,69.70681546704182,0.7970568559476205,19.61800559487937,0.1323028036757658,0.0
639,600573330.8367374,116210895.4317663,24182521930.732304,1940039072.6050713,0.650505627962124,3154.780283721617,12.249194593754718,0.1123296052244294,8.150223544831004,0.05837609347002561,0.0
640,2674.8308455796277,559.1033521862767,930346.258308211,15483.95431556895,0.6172253715314816,3590.438404180547,0.3764965257630746,0.09194306794314171,6.3432472634966315,0.27340557369216095,0.0
641,3569029.288595057,785782.8043122019,142672621.35979792,11277155.94460876,0.7559642661553586,3650.1421013177214,10.690392596220384,0.010280317702257591,0.6815753661646881,0.1503763180119699,0.0
642,1332770.992341945,125986.95704334622,164352400.50886932,6480776.52981008,0.5388274426935037,3369.583644756189,19.452621695253406,1.4563526408109078,29.273474308442093,0.13634611201737218,0.0
643,16591.519249386733,2979.742278032592,3630462.2347609596,82980.73245450588,0.7498932998266089,3817.126324768481,2.579204927152257,0.04322891097064625,3.139871010651336,0.20409320177636742,0.0
644,411547.35057880543,124966.39560580044,52374629.69692307,1887380.2043456,0.5932094542715355,3855.67215947084,1.9234692846389512,0.12021074531881393,8.603152515620776,0.14816305171959662,0.0
645,7119.352728368326,1475.058104719082,1602463.9083601532,35221.13155408817,0.7152200780360435,3443.732682743845,1.2923682598125923,0.0559169718619267,4.073211102868863,0.05151103268136868,0.0
646,32584773.62706382,4706753.256619606,3558759274.0944076,146665881.34948733,0.7150883586705769,3778.1258274743095,8.10728966402253,0.19223563630877968,13.603512564042799,0.22818144705678145,0.0
647,110828.71599915535,25259.369505019058,5547497.065632966,331301.85194729146,0.6613754157256813,3846.4984379424677,2.7489707319639787,0.10579218030696111,7.490315410002429,0.373902121647827,0.0
648,10024836.741990684,951337.6657916062,1384054861.8649073,50906048.07345311,0.7298968071539524,3227.0197592030786,76.43510272474653,0.7745210008758302,18.023467593328412,0.16735820720117245,0.0
649,2645994.6870471337,418286.4559528064,119585562.38829327,9236885.636395548,0.5364405988549008,3738.8199748065545,9.343783833477405,1.507708669007489,33.18899224674463,0.11329007554074363,0.0
650,148595.29335425643,27855.499528148695,8770531.571938965,512230.85391835275,0.7384939862170536,3780.365298815328,4.703869070540858,0.12653815223437323,8.795912502716103,0.20755544421116606,0.0
651,17920979.517876945,3470508.3786228434,1414324734.5240877,67518641.64082466,0.6431812517711026,4006.2364672638573,10.727985575994134,0.2117341235360941,15.212738900512301,0.2587867853317227,0.0
652,11746588.953124449,2574717.687963701,281686997.52208114,32679056.99525694,0.610914356581824,3935.933229372731,3.0878103552967016,0.733054896936497,14.825023284776417,0.10404813186211759,0.0
653,8774714.5948456,1758210.740121866,867015402.9277351,37106943.04549944,0.6676325857091159,3762.6305979132494,5.58804409915001,0.12036161566074517,8.302343488608567,0.21901205208304775,0.0
654,12833.502299129263,1765.186727893212,2778305.4823176535,66869.96810517904,0.6631848528749502,3772.9705720576276,1.933489814283575,0.09535433466903606,6.8708236722163845,0.3025415064320925,0.0
655,436937.8212235755,62973.565319909554,41467331.63866317,1820776.5194986179,0.6797004874990751,4006.900025198549,4.4994711497315265,0.11635117702157513,8.23688883961869,0.20522303719526622,0.0
656,348220.1572750848,61950.1315451167,33405511.5051715,1403391.6882135968,0.7028373804861489,4050.3028209462127,4.660969110654524,0.10583203569029384,7.467727328575975,0.31347474646504436,0.0
657,2854109.7367523243,453771.21987465693,137901420.5343012,10110969.29015434,0.7881361692947161,3424.9587539576323,20.41400972169121,0.1788429434304189,12.950729838895171,0.14847471884224847,0.0
658,32460648.056267988,3504866.1382982,4744678409.200484,160310117.19688925,0.7050842610445508,3011.150860019162,146.92467728091196,0.1284155198844248,9.191658180697939,0.027920661942071538,0.0
659,18973368.262582254,2033026.0764924162,3740295162.7603774,103194061.48776636,0.7443952479556358,2963.408281089382,80.0206808199094,0.06728343324206518,4.678475632831964,0.2704760514477781,0.0
660,7047.484992894495,2095.8801614749864,1649655.4452401914,33985.03759753267,0.5906624208041025,3742.1389477320504,0.7457437944726637,0.05892480629437467,4.298559191017796,0.2695135153159398,0.0
661,35785734.94881329,4577500.722980864,3824914035.7931776,161782926.72407755,0.623684645163588,3218.949238529287,65.55368569785881,0.7657492858726884,17.165372769744515,0.2953273124637992,0.0
662,169045.02270873607,51426.9932026359,11394864.56482822,582027.8345847583,0.6955028443860437,3683.593849894879,5.287349200044778,0.07922394104133908,5.930915581753763,0.30952428934325105,0.0
663,82230.1504455489,49665.09792319617,7779916.344620359,262367.32843036583,0.6883306690712614,4077.832594844274,1.7178848649537135,0.1397281976403268,9.241008752714041,0.34910277485057234,0.0
664,41029257.48301529,9079343.707549337,3954199653.5578756,170584859.4177038,0.7039959511195784,3595.1807966840192,7.1926007121338165,0.054548506951231965,3.836923138917925,0.1878866494146616,0.0
665,36918.02989382962,9887.074607085126,4036034.5590696842,132294.85629486237,0.7676904256056981,3858.932001769347,2.521510977815125,0.043286861569135304,3.2053933519880315,0.3319117461715656,0.0
666,23688.22960053193,5909.153089028495,2009617.5528728426,81924.36711278521,0.6862360232852828,3754.019755118847,1.4031021057748356,0.20017101992137726,14.242542254869608,0.29478466339049175,0.0
667,2265.157886335361,471.75831811271945,945898.5653747246,14250.222823618271,0.6985192907448787,3692.077054808718,0.26444151202104466,0.07783324761243415,5.264002514807869,0.23928740070599935,0.0
668,145078089.51616526,14483228.263675788,19013185235.66887,716006845.5098057,0.08327380128817004,4285.813105856863,5.383640202998372,5.459161206692846,89.86943986843546,0.19474502280534617,0.0
669,89012237.93915462,8532378.40393576,9749098769.874931,425200996.64438355,0.6551254642023012,3856.078305680831,44.77803895987955,0.11775926272677557,8.07950493742448,0.04830169138406716,0.0
670,25236.382987232173,4684.293644458211,2825010.6904433086,98015.51753203002,0.6934355069555825,4203.716431565394,1.6321835678755685,0.14748147977807466,10.072396521001405,0.016120078176876964,0.0
671,4093018.808467547,1284484.1778610214,141118580.6895199,10927565.40114535,0.6540225530865257,3716.504445014939,2.7726532657866083,0.17427635606136738,11.314262277988204,0.2203813343237654,0.0
672,9885.666763844612,1385.4811141457815,2164861.024556312,51007.52714399679,0.5647705485024114,3858.7663688321163,1.9353905218134086,0.7745514458601513,17.858849641409513,0.44394733866330466,0.0
673,79988844.04334183,13538672.430837587,7073283530.334033,328055978.5219029,0.6841218648879941,3761.9465556844734,7.3024402123707475,0.06731268234016419,4.864984331690354,0.1317981162080399,0.0
674,2457364.891859629,755351.1189234672,62029699.61724464,5997450.605274216,0.6845339069798579,3982.9135597138948,3.355614037750088,0.22226421592879717,15.743320066706119,0.10475670145939044,0.0
675,1860392.3848030637,849206.5747472842,64934991.071697116,4805420.656016836,0.7515112747560068,3844.8887392823544,14.670412054666262,0.06311707635493144,4.304086683601561,0.10607220198889752,0.0
676,1035184.6907480719,79510.04686097047,248819179.24488583,6252980.93443978,0.7304453950508448,3390.079466124911,5.041192100339406,0.2991408754345829,20.353915902033577,0.531183752725831,0.0
677,87975898.18732578,74903743.21010154,885408454.5850767,137546211.2518205,0.4931633138783983,3526.659655241241,36.57949181834422,1.5685159994320916,37.34658814064245,0.08958879837208669,0.0
678,11744745.29353346,4157449.86811331,236709809.44329587,28257309.331660144,0.10577223659831196,4111.831978357074,3.8480462890565383,5.500343172921264,92.80647155470784,0.4420361607761489,0.0
679,7637445.667365953,2162911.5425037844,129017733.6597765,18829098.975845177,0.7132931836521822,3575.4392623288436,5.4497222932626554,0.12176906361395608,8.693337291889655,0.18212037968397327,0.0
680,120802.83837830974,28228.506366473175,7052916.156722231,385591.549068469,0.6651564126787537,3521.355119182114,2.5873308881367234,0.6999144171196996,12.586160273780608,0.2825315366794255,0.0
681,15932467.7496245,1702890.237102595,3672348470.4192133,89131631.23462668,0.7132744855088347,3326.1941009071306,24.13250223690396,0.08986308068906101,6.457846776692813,0.342812669109253,0.0
682,23136661.814399306,7022947.291640003,968710465.3441198,67842265.64610901,0.6779404155216016,3534.039873070406,3.6927022063482187,0.12144716076233993,8.308765524456474,0.23183271605165348,0.0
683,124661780.26797032,26811128.344085287,10110679917.043299,466190883.0980979,0.7112451964003063,3395.042008839465,9.868126119766217,0.11786209112271537,8.490499471940874,0.13263641832446502,0.0
684,18670988.558292568,5677899.357869098,938966900.8512474,59327247.6332558,0.7071087445091603,3643.4758504970523,5.842381035654898,0.10378172912962987,7.207660688622165,0.1553744630126571,0.0
685,36352.21074976923,4683.376271726163,7124607.231124645,189896.60218934188,0.6258694978992498,3631.69746204366,1.2176945969062138,0.0801411091987915,5.752510094008291,0.5633362098646452,0.0
686,317443.3751534998,25636.475170374928,84566359.47792938,1966104.8131679818,0.5374598033168474,3299.516184678389,3.1750234875181684,1.5594585387595898,36.79356304904997,0.449376876577158,0.0
687,4933608.197738387,838893.3201408612,219713809.78054094,16696300.399492387,0.6064658927267679,3936.8262798726546,2.1853487051053864,0.05161958398599422,3.6494595743779525,0.2761189669665525,0.0
688,13258.462974689191,2989.3611553943747,2586056.2738055945,62279.83953831552,0.6344365650380707,3902.8323083845025,1.0905669030215146,0.7204069004254721,14.074528955757632,0.32433242146766006,0.0
689,14653232.330263007,2414587.927878382,644053885.5037223,50913894.68529619,0.6286930287645557,3714.6194894922037,2.6631428256461653,0.08419361270788794,5.931430642396464,0.04171658759488656,0.0
690,4220.881644740364,2113.8957297824104,1040923.5420163802,18376.855743102813,0.6674311642705317,3919.906478974249,0.8236789111692769,0.10448452202187113,7.10412268655635,0.22141165942998248,0.0
691,472398.5184598593,37063.112556713815,143943642.00073192,3034347.8551968923,0.4860726764647544,3665.6597179831515,3.094823409191005,1.4763597796729082,30.339133978297262,0.33329249943912276,0.0
692,6899.31647343474,3190.6154596353226,1594403.8927082187,30630.764540760552,0.7544883702908379,3631.9611287166317,2.478253115774281,0.13666447903403506,9.803929640495088,0.09336036771570054,0.0
693,26657543.086840592,5575442.72673515,819654222.9252404,81356355.36514845,0.1506971268656788,3727.8588947482667,3.6673057587190097,4.179281426306394,73.62967480844591,0.05241390955861846,0.0
694,1158038040.3597064,572383598.9492867,9809932889.007908,1999666831.715578,0.7109355243911025,1645.9356827325073,15.436932409555475,0.061892797427957016,4.095686965694355,0.09029968461580844,0.0
695,3529678.7553834915,474553.10335744097,202180191.3803103,13501696.58801367,0.7303352837865879,3545.905416296929,2.546690132014278,0.06244076142619894,4.370601189065392,0.13594387648138398,0.0
696,57614580.47452392,5466928.560708708,6927333499.243871,282151054.81550765,0.6642430075642951,3756.5746668035854,8.23423048412725,0.07297617754344374,5.085068865666929,0.25939443430734876,0.0
697,86754865.86261728,8660020.433230001,9543273984.96993,411607506.88292587,0.6830663969193725,3982.203353005689,117.58361947164953,0.1607520308923304,11.258190956924508,0.07251638874977945,0.0
698,11917.408141898433,1474.961560146591,2509339.1913034413,60001.036208354824,0.7361972167393802,3998.2194175988316,1.5600189118353556,0.03808701877752574,2.881942316044724,0.33885562084547677,0.0
699,44517.33965266764,9818.298757395713,5404233.614237107,182177.3920157982,0.7566384096060464,3527.743724441785,2.089450612635957,0.04927392729419209,3.5124460625706617,0.33075566029997355,0.0
700,90744070.74227637,16057604.272253105,2948164523.7661867,288156587.31816113,0.7001669842611064,3907.3485846788085,9.379507886792497,0.10192893056068089,7.291728269084163,0.056182813407774285,0.0
701,4037429.997280405,568289.0745120377,231667509.49814996,15294571.954126548,0.42803595484889145,2590.8165873437383,8.331432485620816,0.9141759036736271,27.38018869218655,0.1096766554263069,0.0
702,2331327.5762070385,806106.9944245055,91803985.86843576,6646523.162477917,0.6734871733533494,3601.083021825264,4.356402206765129,0.11585024093645702,8.141073413463436,0.015919602745568587,0.0
703,48700894.35430483,8707928.020804374,3645925768.593547,189992423.43612072,0.6596207288986283,3571.089865671072,11.769759611771539,0.0776173994571577,5.319601331430901,0.0774469861364924,0.0
704,730661218.9633576,141202472.00926688,26893908237.36217,2280120828.0027533,0.08771728782413979,1497.3046721474257,7.588013890729418,5.434902967804231,88.47541282051156,0.1161244134707329,0.0
705,7400.622091482388,2140.3641022982265,1775871.2373533547,36228.120298701426,0.6383465181971658,3490.641908149028,2.1232418786645137,0.774096861552285,17.840424531635175,0.27416490554644535,0.0
706,25184.640059691337,13584.229895379443,2537471.3927123896,79748.53656674063,0.6387433537366712,3602.8396531450226,2.17484078220598,0.0945576908916335,6.597783827560923,0.11278173817983655,0.0
707,28576970.025166303,3970488.901194422,2598148544.7279263,122802245.30431104,0.6611743150175058,3648.0209552115803,4.48718042328588,0.08161467069471477,6.0005883933720625,0.11719211016389129,0.0
708,759892.6407768896,62720.25404019751,134845282.70517877,4151238.3416866846,0.5039324700799857,3437.721169588128,4.975373770059887,1.5530082002632661,35.62949809783548,0.23029428735373778,0.0
709,13575712.57869262,1076047.2294234792,2603247126.2966833,77140892.94469094,0.7072314166029389,3241.4687531453874,22.825144638049615,0.8260532020082019,21.638779757888592,0.21327998986379235,0.0
710,15424.630941360025,1921.6704532539995,3790796.642965235,86354.60237915037,0.63093083319371,3850.351424160254,1.0807824271592668,0.7371229145843959,14.823372389214024,0.3076546537263711,0.0
711,3696826.3437363533,627907.9140418598,241151078.98103723,13710454.960863477,0.7457030307251878,3894.969711985622,13.585765344525422,0.11124807701361714,7.953074871987769,0.21790429286640917,0.0
712,33616440.370029226,2417053.9266161355,6993690307.715116,198121314.5645308,0.7022452324937439,3689.251940262803,14.562096851600733,0.034644480873870974,2.183305330571227,0.2196153174843717,0.0
713,884349.2881190733,142980.98343237938,49702051.16314943,3169687.5313788382,0.7836500262581879,3424.508075560678,19.293259703904276,0.0949547520103314,6.823450150982518,0.19054212817204175,0.0
714,19779405.956894625,5115169.619365563,310666483.081664,48822916.505308084,0.6797466139656917,3740.3911728458997,4.448050026603762,0.06721992155207471,4.9611449003802885,0.14884081725983378,0.0
715,10025925.06336205,2103013.7359922854,485381870.470531,33767194.00913725,0.6999385431622167,3543.1750176217975,5.686487044627299,0.07788825359004922,5.503702657201282,0.21944308638219376,0.0
716,18836067.69805499,4263855.456034535,1953723582.541502,79571951.19098349,0.6458020703359442,3979.6601328380953,3.228591088452696,0.11088052599734369,7.392434374832186,0.22326059438206386,0.0
717,2884138.599334601,364434.48113742616,194564737.8958505,11618873.130144207,0.6597693207155249,3826.681617560006,4.690281675596246,0.11314814629737775,7.633843341859825,0.43247528550023195,0.0
718,161950.58641909156,78013.18537094395,7883357.8284692485,438078.21981891943,0.6880311893326573,3896.1176752561087,2.5483748930156107,0.1658718340488587,12.165827579229928,0.20817249304918983,0.0
719,6472413.9233232755,1581525.5811572669,250408435.4547825,19628426.198589876,0.6123965421243707,3792.0830571917986,3.042110679576334,0.07660590399858265,5.485379169109753,0.10029208727130044,0.0
720,128378343.2795476,9848186.475393333,22752660795.038845,718953978.3012795,0.6857154454761474,4022.417500393684,90.67507837525194,0.1220932915224254,8.595703904566502,0.11032318255389499,0.0
721,832445292.7688956,153671219.07825202,37863553362.3905,2851677846.844653,0.8088286109164737,1833.5741733170819,157.765378625889,0.11738502262374081,8.507818894740112,0.07772962418413121,0.0
722,116915168.38425498,54421617.065841004,1632485222.3939161,239445210.46036768,0.7405766366109019,3626.9306133259197,7.555196399787649,0.0624339493430468,4.505231086873877,0.08056060890566079,0.0
723,119442027.7452825,107585815.22584212,3754127243.5457067,196049746.95948488,0.7608432921335653,2447.8465958503266,55.98018015150997,0.10517471347583127,7.615207595234493,0.16598741145287582,0.0
724,9120.739370555753,3859.084780216834,1687486.0631505959,35782.30375360001,0.6645563866845158,3390.681207061155,1.100234387018403,0.02592904981460631,1.6783835286431412,0.14757048071131046,0.0
725,14590.761645008792,3194.805297348269,1979081.378584968,55625.16003889703,0.6450387359054338,3718.7859439035688,1.1884512583054552,0.040297242069995146,2.58349139495832,0.21373413268733552,0.0
726,4652818.088220313,788150.7199965228,480185221.3245432,19169090.58124421,0.5936450883285701,4064.7304129912145,3.1470474930879395,0.18286095601844243,12.325587280266122,0.16743425843816903,0.0
727,98316291.65036602,13044671.799803931,11404973540.507885,444193091.13260204,0.7071947833721453,3459.1003280850327,58.75047971944761,0.08241260959298273,6.001185268695788,0.29124024048943487,0.0
728,58161061.602108255,17310306.242705487,2375058064.825468,172466125.12402526,0.6917807397421336,3621.7189323288567,7.4172016759916435,0.0881575546879545,6.238950396878238,0.35258857359949236,0.0
729,37931451.27693043,8461711.348816682,1477335510.6060345,116757266.28255045,0.7384763990727659,3412.709362127084,13.061960142842466,0.14196767496793122,10.165409587047531,0.12561432233541459,0.0
730,105488264.85808408,7680440.844095225,21766470532.500374,618777467.5690067,0.6777515504186127,4211.719321831835,58.95623549208506,0.14710569916442165,10.395563979727532,0.18506452903084772,0.0
731,26018088.50229261,7470570.30975095,667733103.3996772,70779426.3925329,0.6080653621833033,3822.190181329258,2.341881733454394,0.13872145724133036,9.596286140724557,0.11194471140336743,0.0
732,3674.65198802181,527.1919344315138,1297670.3137739296,22149.58637250898,0.6482332798226256,3775.7802958098027,0.7239818091172495,0.8097432417748237,20.139922669626745,0.3660958314928333,0.0
733,30050722.49268487,3413221.37436046,3615140409.8237534,139209489.5755924,0.6937650421543231,3744.469079814133,75.2650568488499,0.16157840872673593,12.009559834247678,0.16596767285046185,0.0
734,75149.054389495,13095.805708418515,3716978.4231197275,250012.82080809656,0.6221010854546944,3723.0796782115713,1.5104678095143367,0.09223477799425002,6.7346622515698655,0.17225011782376792,0.0
735,3042.0362098856435,481.9680066702698,1230015.3518246594,19543.816783356106,0.6309667526879275,3711.451863668074,0.8435667703611321,0.7432046874495497,15.711685715543382,0.25126618663175626,0.0
736,3591568.6373371272,440078.53836119967,250122261.04652134,14607122.205973607,0.6470800055391279,3488.1599270802844,51.41701763238008,1.5263460136201528,34.34362008779816,0.17458596294836,0.0
737,37217181.68767047,5496229.222109033,4647498909.779218,164977418.5738439,0.7098892328211849,3404.7698895288936,24.650792163350296,0.060547819682084204,4.558384743813221,0.2896552593541252,0.0
738,74707196.16013381,10068042.48491382,7238129645.163559,328421038.5373462,0.7323089302268802,3651.2322382872703,19.434431227743534,0.17071399861085243,12.371547747288059,0.11763599314726872,0.0
739,1840637.5610023122,109928.3299703139,672224323.8191464,12867982.270252952,0.4731831231675466,3794.34122956532,3.2219437879229837,1.520125927983017,33.54249403908481,0.3915591148901495,0.0
740,3233.2123944826444,547.8528579147791,1117547.6387100471,19326.678641696137,0.6642088281421502,3671.5372730490653,0.8445936700424304,0.08789401698203045,6.1993898534474,0.22603334887142382,0.0
741,15104981.5221261,2015480.8522290282,1433847484.8396425,64378598.29461916,0.6588507359991038,3718.5205289481137,3.5869880816191837,0.08277548759316264,5.9592745672097065,0.10416312298133217,0.0
742,8093.510039040385,2346.3091553698114,1342578.4074810285,32851.81169381974,0.6197815179044922,3815.8250164044825,0.9485467370351491,0.13622086433915373,9.459971034982205,0.2229052705484456,0.0
743,669.1306906102847,34.539337363059744,445930.9418905098,5582.9740046487805,0.1060551268071317,4334.063652931603,0.5614178350568483,5.446526392145171,88.82184692227901,0.49679018357379556,0.0
744,6252446.134031279,610721.0369397572,751308835.0428139,30402076.151981346,0.722092992809803,2837.65101623349,29.21047209782273,0.07997814146705648,6.069460020088714,0.13835254475664616,0.0
745,59436420.1853228,7633620.209457097,10018362813.40425,287003637.12088346,0.6716290477533593,3924.646907640762,97.86616054054556,0.2313488522340915,16.44267877601485,0.3980367022384262,0.0
746,1886872.7637629933,151173.1617128408,470196079.2478994,11552584.756479558,0.6086149317644197,3614.17314302791,13.24691458370767,0.9209886103171483,27.952930775485704,0.42183346678873973,0.0
747,3680252.925571387,490689.33272196894,311280905.1973695,15502768.79580446,0.7441200030574681,3152.0931009518185,11.448554590069595,0.10356700900282823,7.535829987200756,0.20708152870617344,0.0
748,157231012.76874685,43795178.42978774,7188206926.156863,480937265.1612423,0.7227075815591817,3710.648504175273,9.702225015025512,0.07559171863001728,5.473294968303054,0.2333103663379762,0.0
749,11316089.136510476,2308230.9069043538,760086038.4818081,39521207.16229982,0.7572969046138548,3873.853766170796,10.08892466029108,0.10247272517409467,7.4677533338660185,0.21290439436972328,0.0
750,12825836.811696248,3206624.847847239,221754655.7041978,32458499.270264227,0.7083267453283328,3592.8008765722716,5.6753443463596875,0.13651881614566913,9.936175018435119,0.17547641553518475,0.0
751,2950.8193364250037,462.9891134921621,1289808.2272376805,19264.87195167981,0.6438873992600159,4002.4624230471463,0.3973475671862302,0.7454698635401217,15.442119391189317,0.1704037779123014,0.0
752,56918.87846204402,16216.833284979544,1841483.2518609134,149206.6772841028,0.11819542895210122,3512.4616493689564,1.5004013626671366,5.502660354329409,93.37008810511404,0.14849611406636262,0.0
753,6953.156602232508,2448.3230646061156,1517105.3955317016,32029.431729040854,0.29068809622786124,3791.368196954393,1.6588017713708108,4.047124930054329,64.24215719298103,0.12147678137953687,0.0
754,2746.6367081208673,376.84369100706755,987607.5457695822,16998.227601230417,0.6603207076597497,4052.22214601481,0.6292162174649387,0.10340391462230958,7.142207737593509,0.4026835922327455,0.0
755,61031786.7893704,6330135.604735618,11031977176.547777,331018180.0231377,0.595483179729822,3782.076893839422,4.1772604282445,0.18662214568653698,13.28301757869068,0.18082703711808426,0.0
756,11989.382997479222,2225.317324062616,2134203.113090792,54877.82757475984,0.6420469571064299,3462.475893579608,1.4456574659485892,0.06381906086966564,4.650721154099512,0.29831640574225715,0.0
757,18384.358194956403,7729.861705642454,2328137.584359119,62658.872786370805,0.655931815711228,3756.3902195810215,1.177046704897635,0.7359895285163105,14.90208223765822,0.04195085320394348,0.0
758,13524686.827363163,2396738.6860579676,507634205.6767868,43508648.34728554,0.5899686657287452,3688.7806693557513,2.7467906980919823,0.09535155076222343,6.890485736210711,0.34373749045366586,0.0
759,1269956138.8340855,402875605.15967464,28063951151.946545,3041248866.9112706,0.66997370685004,993.0893312348296,9.539300590973305,0.14272267428052912,9.723003988441997,0.07531133982738956,0.0
760,3701083.8936698562,490580.640615699,324231311.8018693,15742883.499950599,0.45165636465543824,3535.7269371930115,12.171673952052364,2.8090519059466743,50.75669742229253,0.1402428059204899,0.0
761,4537968.604035066,790433.5508995486,299602498.38333,16874242.71508038,0.07611746560350567,4080.2194144201735,3.4397011483071345,5.4398327567532885,89.28952969653092,0.1977652374279093,0.0
762,24436906.799480237,6744569.637074622,554637377.8455858,61790950.04021754,0.7683402451076526,2707.724961543502,71.0691037067609,0.07692377294843507,5.6253861046563,0.15023357840707105,0.0
763,158822369.17511055,20312303.831719093,15789814965.422546,691280796.7447746,0.6174270424236578,3826.8423838903027,5.258084377410808,0.06641718586296826,5.043295004441549,0.11909039605160637,0.0
764,35931762.29422678,9092674.805490935,1548906892.4169157,109644555.59795022,0.6633182482382335,3468.5761060158247,7.601512000807779,0.04823776847918486,3.634933688424593,0.11537310039565057,0.0
765,3516745.2877772525,427576.7258585097,384675095.0283512,16202447.641809601,0.5562952387054909,3663.7327088368174,13.079475814882821,1.4817682405636583,31.094894106590722,0.1650335604577983,0.0
766,9054.496923001925,1070.8115027850718,2485776.4513971685,51778.6972654148,0.635618616991904,3883.3027981378523,1.5749578840573772,0.09189262122317077,6.642921473486052,0.43700062412709034,0.0
767,27151301.573226243,3611061.6090735323,1566514658.971118,104501068.48266685,0.7292270969554255,3572.5441327590843,10.842547222552234,0.06487766017452498,4.65875138262529,0.23812510626360897,0.0
768,5581.567251722974,742.0670740144899,1373245.5674956252,29497.093749388616,0.6225534333904829,3622.902726526053,0.7272794395323003,0.14481517693091267,9.387862671035828,0.3190620218851238,0.0
769,4452848753.85254,759198794.4057459,219612802411.14276,15438046237.90503,0.7020244419189545,1498.5508060641218,31.88570908939155,0.12258942620045099,9.035371258577314,0.11985945694685622,0.0
770,469902.6578523686,35597.70974690578,146764774.14283827,3029031.092494763,0.5538776087954306,3756.4267524369698,1.5830700533519602,1.4874272764185048,31.3902639484585,0.34453432860807476,0.0
771,6960724.534334163,2460471.717885039,61403556.500045165,13960935.418566424,0.6836261735861391,3719.673887636438,3.3684690212793442,0.14500286209270358,10.22591012163672,0.11611060493288151,0.0
772,12325.791250131275,1595.968637716351,3151592.8535543922,66924.97695329704,0.6972348160790907,3513.2093496225516,2.918915070123792,0.11810227501002268,8.4707709373719,0.40004587739002534,0.0
773,416509.2198247376,34405.7469983895,109383833.08434887,2552120.735077192,0.5762498070287141,3419.938116640618,6.487007795424822,1.5386970428638773,35.24554932790282,0.3581650848804855,0.0
774,9035439303.73886,2220648556.392867,202677935041.0247,24259276758.453568,0.09962311782502481,396.0987149029859,13.898429824186643,5.48505343894752,91.9385033251738,0.05319362035053622,0.0
775,8770252293.568748,1617866803.5585456,445234453692.36145,30009367158.666973,0.6618649336254748,677.0305180730309,11.018923473134846,0.12152828993759827,8.394594469289565,0.1439450942765721,0.0
776,15912070.920346286,2118489.6930845086,1807471332.0447533,70627718.4671323,0.6835917512838993,3689.5666425743725,18.38472497302635,0.21619818860461323,15.605441616272023,0.18015978983174705,0.0
777,5434.705367113396,1702.5544764466497,1428077.8739740415,26297.627524293006,0.7266052945094057,3634.4682721353984,1.1228194560625744,0.07929767475630962,5.688459975711835,0.31633286702400093,0.0
778,15689.844720173476,1946.9811880765178,4836164.139777405,94333.17626744053,0.713365462152469,3533.068238079603,1.1080923145441752,0.07429227881228329,4.8078289012546565,0.5158644617091931,0.0
779,2322131.240985101,338282.76892077783,156292747.7510658,9116215.235907368,0.6884414682084709,2827.840462658949,8.835073728851297,0.06485094197935952,4.751070975790225,0.12450604977708322,0.0
780,105234380.93594766,18119473.475994397,13431545364.249035,481476107.0704564,0.7105410156739251,3943.445088937028,4.464359613142041,0.06681927275940983,4.263994024855185,0.1695567733422121,0.0
781,27208722.738855463,4467507.790018046,1911286750.8059018,105001841.60314094,0.6126533046865387,4243.605453988121,3.6761634962608536,0.12209016160424761,8.582744818985304,0.10090478326298909,0.0
782,650114.7274333712,61196.11437368542,84180458.67640123,3230787.080813314,0.4958080933844265,4070.4945675948284,8.472697841428282,1.6161616778543664,39.668959769896986,0.17040121913838843,0.0
783,6045728.235733302,654076.0345703848,637773921.0963988,28266991.60218079,0.45520712526891477,3538.368500645827,22.707039441044422,2.824799654071326,52.140316633513315,0.1118731588324508,0.0
784,5080.615056419216,1413.089077069022,1257262.5368548534,24372.69722294135,0.6331040517645182,3582.2165005027637,1.1096940840145655,0.7704729581726608,17.815939673557818,0.2246484050302742,0.0
785,18345.822778086134,9190.91475318084,2543429.125889496,65404.988681826566,0.7295927736069348,3605.69315015135,2.0971045062666263,0.05199163433461758,3.482047717203051,0.4139021355907308,0.0
786,29954757.499712657,5278977.714850849,1053918828.7429302,96313587.14591405,0.7140128654934977,3962.782732077991,5.112816845455814,0.1342854447280784,9.149068417069326,0.20610769608621407,0.0
787,4843.0298833012475,3291.581394928698,693331.9094880765,15305.654011496397,0.28493034931316635,3688.365126444758,1.1673324438856405,4.086766334677891,67.04443797756043,0.37655595386222046,0.0
788,10318.187583926836,1717.0661128656352,2697257.2984258947,54791.23651055798,0.6780212486535985,3694.731636777656,0.9990236089280764,0.07001017503768328,5.072788642518748,0.29691987990017504,0.0
789,127453.29699199685,20479.846595567236,10571801.564312384,488303.2336272748,0.758377630219511,3772.6466812063945,3.9460133899687615,0.08390508087607236,6.3119726724062115,0.15576584850153388,0.0
790,411868.9898887149,33266.97444444656,113144623.71360257,2555986.3543713517,0.5361723557562265,3545.0693351968257,3.7073832187675846,1.4794215077334845,30.76906587158183,0.4993252011327426,0.0
791,23291778.644940626,5285834.409078962,810813849.6788385,68085236.56465718,0.760645485536477,3626.026628651307,72.77890923500749,0.1800755526860785,12.507158149305406,0.1681343348170473,0.0
792,112238518.57818285,19348722.79409676,4773408956.665964,378211397.9020656,0.746733590420176,3355.226523526822,122.51564386829189,0.18048721447785274,12.330372706832389,0.2712304559616134,0.0
793,5927009.624624712,776853.1823268407,570057896.388654,25626630.887409173,0.5367293810978557,3474.2931512229934,13.990459826205962,1.4893084798717826,31.569485439182095,0.17803637401513214,0.0
794,13494947.451340044,2381619.890654902,857654129.9815503,50608789.48108421,0.7157563006171097,3625.59265635646,6.392829528265906,0.22204330212596962,15.775707590712164,0.11040018151531368,0.0
795,3071047.6246460364,390174.0080028212,333292228.7156728,13794705.264878144,0.6404917520787641,3709.95717439471,5.503059467567657,0.13285182994729078,8.934253148871536,0.05037775664205788,0.0
796,13744442.689533716,1199761.622352959,3782545283.4656534,84630674.04809509,0.6547245983275894,3641.9689691398194,32.55870583595826,0.2621106518281692,16.914809729593376,0.29387323215033195,0.0
797,14280.429320081088,5433.796952081795,1581719.5474625,46407.623699354255,0.6296147019276734,3651.0067972916786,1.135991357064676,0.1770322737526862,11.426873164985235,0.34600469951656865,0.0
798,8866.264496239488,3568.564316485657,1045623.1244736619,30476.800347852008,0.647045348664107,3671.378169702958,1.3438096421703773,0.18597103315267977,13.0950871407005,0.36372933858933754,0.0
799,8962.086869378389,3623.944131917165,1506699.9897085852,34990.6768988645,0.6318147312412812,3487.754284047224,1.5319808447875602,0.029007788524893118,2.05641626064902,0.4171799022904591,0.0
800,3052280.8234894173,392321.80789430166,276033414.23221374,13103031.665342143,0.7469753745545249,3704.5199459957375,5.790963828680605,0.055525750640016816,4.029654127632606,0.13069221798021544,0.0
801,11893961.470498752,2482985.1481958614,341899405.5679214,35490547.94748204,0.6904447576674274,3741.3156603990387,5.224337647202008,0.1236979010025255,9.00413141013962,0.2006510004741125,0.0
802,435962.4176155535,224229.4371038666,9925012.231901575,886993.9318714313,0.603841089841848,3875.4226826203267,1.6583240715144423,0.1491156788731268,9.862568479857007,0.21527125311255688,0.0
803,5857.122989018216,768.8194161975406,1691263.9409181648,32983.44554597724,0.6984358642114517,3988.2990938327166,1.2680088911614789,0.10612036984761719,7.370506749185802,0.48676912063756844,0.0
804,8335.935321641573,722.8138970071066,2264406.3435953422,48716.020923897755,0.5099575821787263,4426.989546665472,0.7990522723332972,1.4127015266322218,25.902853802238138,0.05082446185426624,0.0
805,299425.82666873274,36469.78527513653,40016404.934213266,1423052.9230367437,0.6737040659776258,3632.751887797178,1.5011230578954926,0.7166654400266613,13.519318987502356,0.11655193274957272,0.0
806,10058724.637328532,1420292.5472671397,811996796.8476423,41069380.74024351,0.7295629928997357,3212.6720373661597,55.03284622114605,0.052736544220308004,3.86327894833302,0.3578619243676918,0.0
807,9677441.816745533,822878.0954726142,1707092139.766892,52973826.51093572,0.7496485642241384,3957.064080489673,62.452229591044095,0.12907299838900732,9.514321340958965,0.11989715687868138,0.0
808,508909.5778351729,36751.71740171563,165897293.5675133,3358498.3240538323,0.5154604654452761,3665.8044015184205,2.475303274623236,1.4990495990535941,32.27818077225309,0.50196876722413,0.0
809,14477434.534254108,1043046.78331299,2840565598.0501695,83988196.15560286,0.6818233196517316,3705.5320524043495,10.746313603095617,0.06510570385287676,4.634992182659522,0.18850440679028824,0.0
810,41903817.43831864,7328111.359528521,3436468060.925502,154245074.81677133,0.7300219478622163,3350.7197439055008,51.363037236096005,0.08966239247289938,6.453716653316205,0.28375268249899244,0.0
811,179316.1686595719,34084.81629408251,8663641.71043693,590549.5436892743,0.7149395566757343,3468.4386170706457,1.7749117686526807,0.08764328388233364,5.907472268844499,0.3303995883926214,0.0
812,51166343.45573716,10987032.794503022,7629937888.095752,241950857.9840774,0.7532230043932203,3421.981624956597,123.15945202967536,0.1778118378501361,13.113915451812323,0.0782588492957778,0.0
813,38550666.95210866,5371942.079330457,3750550171.33595,168675150.59295443,0.6890622816047619,3618.393219613573,6.883089503015104,0.07541141450172884,5.261158671701416,0.16479086349074387,0.0
814,15261132.843121385,1131441.8958170267,3814461960.96604,94008378.17524078,0.6823359342004237,3379.645951561631,117.5868473406934,0.10742038420606867,8.100042470636795,0.30462730512802105,0.0
815,15344.640579175873,2262.512280761145,2420375.145830151,74225.4709382401,0.47849893966320706,3580.435656903066,0.9603029021836114,1.508879594225322,32.90457391328304,0.38496374683687196,0.0
816,6651519.023307412,676860.0120148994,657326101.39127,30572503.66153605,0.6981661499187662,3870.3840483782697,8.280823155064386,0.09894142742961787,6.9779926354483495,0.10003319791845183,0.0
817,7169568.306646307,727817.2044777826,1043132794.9195642,36369154.51680191,0.4551894526415975,3678.1344765156973,22.194205833230573,2.7901232317760774,49.57520032080579,0.19610922773082987,0.0
818,8753271.502214113,830746.4989006817,1352207003.9465072,45432715.2683436,0.6125416276592789,4336.915090880064,2.9698119720131175,0.13712665702568128,9.109472461329347,0.20255692111159015,0.0
819,84403411.1964198,6775766.574425593,14653743045.726013,465127837.1463397,0.6852684345102249,3195.0624393021635,211.49611159944445,0.16767873237311112,11.680241236885362,0.08915018712290544,0.0
820,7334.0109172049415,1131.7985460308678,1751347.7437745822,38396.04352760529,0.6381397996825318,3663.9839233851203,1.143552566794471,0.15396417633982457,10.491004715803934,0.1790143550084786,0.0
821,12321832.156141896,1639575.9118655142,1349048133.781712,54990543.02564168,0.718655738176012,3451.488700367845,13.483280492966097,0.15976510081262418,10.825263129795669,0.1595855923067673,0.0
822,39981969.339623325,19261226.432292305,505888406.38311833,81117782.90125449,0.47968900201169895,3309.592900584583,20.898747102461698,2.798551642443053,50.32478670288544,0.31294845286156253,0.0
823,314703961.52972615,98377245.6914299,9399794739.49796,817563396.6764553,0.6875561152545655,3334.031482702601,8.393442891071672,0.13239075075392365,9.552818534616769,0.25530405820528745,0.0
824,6806790.39330595,1696550.274611755,865564808.7566465,29671605.044118065,0.5956324879174248,3785.4351726526315,4.797668819703481,0.14725154193818576,9.940508220131829,0.24060808403867356,0.0
825,15269717.320627976,1603281.9505948978,2407089015.427066,77960396.75966816,0.7292507027982883,3569.9888724159937,91.08745657412027,0.15396842009866232,10.493778534153467,0.22705626661265982,0.0
826,590831.7107414951,134742.69583085694,17654521.25470181,1664184.285603695,0.6965043130335193,3730.3019619070515,3.8489935382904434,0.1530419165069791,10.816836420605062,0.1685689300312888,0.0
827,21918325.749857046,3412196.5505068884,1669827721.2921424,85500969.3369614,0.7160677950277157,3849.3482602161257,6.435545873310329,0.1098899471734204,7.9566821538362404,0.12358747581070062,0.0
828,3480777.23512018,475642.45288568235,206744789.02589384,13397685.57394131,0.7691450361230662,2422.9145009847225,12.85827301334498,0.14251039588261163,10.175345593376234,0.27884142834093084,0.0
829,52583276.47619741,31996322.48082822,906795446.4462042,102611698.36991423,0.694882036982313,3901.754878085461,8.784572791979402,0.1456291347697416,10.316274091624937,0.17534089820299986,0.0
830,2339147.1922969604,416756.27323348017,165346749.98168963,8802918.747708242,0.6674237586996237,4229.977813013504,1.5159160832963632,0.13275788573504502,8.531781789564068,0.17392710074603573,0.0
831,3911.2518799919076,412.82325086787387,1280065.4074958623,23560.83091058156,0.6261322210997098,3882.3394483628335,0.6985406130307326,0.1519439879856078,9.738347929936015,0.1429708818741533,0.0
832,4318776.535536645,941471.7495328732,189797909.1134011,13630047.618826266,0.7238660817026685,3923.6628460117363,6.0392109559439175,0.08183915841998983,6.060877550575182,0.23038056859644232,0.0
833,15071.269825271467,13107.04235796404,837842.2791967252,28315.478440667393,0.4607798621035896,3788.067685359713,1.5226208386355793,1.5361197735368126,34.69558243197635,0.29351912978511185,0.0
834,31319840.067948163,6059514.832373915,3082439840.63105,129319732.8027658,0.7162130910364046,3469.705420479503,5.612533649940615,0.047302481586024035,3.217360531940726,0.2037593739553622,0.0
835,753659.7038026965,180954.87459781833,30294116.04584528,2295813.6979113566,0.7138282803930306,3480.671480125884,6.446068094535285,0.08092117528123569,5.415651030370929,0.18553380134559452,0.0
836,20458945.070343934,2300965.7639549663,2669162398.4472666,98690292.3153058,0.6938619358732778,4224.895646726547,19.394415572188553,0.07666864253063599,5.565500164394619,0.12977973214686606,0.0
837,12821.39457962249,1493.4213771605687,4170949.2552582934,79142.94348493569,0.7317277096591941,3739.1120981410645,0.9354702746134641,0.15870681152235572,10.915321781207904,0.3621529515553947,0.0
838,2303304.961224319,1232681.0268636388,16588890.335520584,3687406.936076262,0.7010963806436525,3649.6247164677743,3.7311980420238293,0.09890553082572558,6.9983129958497825,0.12046412937371205,0.0
839,183475.85342827972,51916.78345915642,11350558.934135616,579888.668760566,0.6282183846853158,3967.263056907517,1.9707790099585774,0.09417682004037956,6.712391247598068,0.1521240094115919,0.0
840,13065357.880952168,2172952.591822793,1347639533.953342,54849423.7732875,0.6416137214137569,3905.667188183367,6.521284312790469,0.06508112466882557,4.538072693312818,0.22607801864710675,0.0
841,7953225.043767691,451437.7669791269,3151096567.6157465,57515531.60323262,0.7404069501617804,3194.828115373097,5.4560028785682135,0.20747067264529734,14.87672996756396,0.4281605613529703,0.0
842,10899027.986134496,2042924.8846589047,512544615.9271374,37811787.50827564,0.12193038751588132,3676.867344762386,5.818586812398124,5.527106231622768,95.21307051773532,0.10900995243523194,0.0
843,106695.28307290604,40552.21288941675,6116947.259588115,313195.30538921605,0.739971959840806,3707.371678022436,1.6222061203093607,0.1597504450060156,10.901590175855816,0.5017288838479268,0.0
844,5905105.941747418,581269.2529340894,646328734.8924129,28039895.256028183,0.533097596081292,3575.309594413238,10.014381161390043,1.504189823014479,32.86990461562503,0.16125107574206815,0.0
845,11412595.370493231,890013.0969983296,2573318576.495183,67812660.40238626,0.6703172692727172,3264.6411729827078,48.965280339608526,0.09713927919798734,7.479314206550998,0.2612139535728569,0.0
846,4145935.5772866644,517617.52022471325,303895391.17005634,16998640.24990564,0.7546017227795032,3703.8787478633976,10.966086659173486,0.10010465018054227,6.872940150052569,0.24714903224760248,0.0
847,44501628.09804954,6101636.833933877,4209019952.7065444,192325533.9812488,0.64824049225319,3857.6145703745974,6.470619141148662,0.11144651315322082,7.222154499622697,0.25618336873258934,0.0
848,2098147.4069826296,280239.8073461979,218231773.64813942,9409657.441776276,0.7165896607498474,3499.1911735119365,14.877058294812342,0.8229621982882266,21.880033013254195,0.1483920582918234,0.0
849,4053881.5619742996,1970247.0675964262,141757096.07446823,11176546.868682018,0.09251689202990518,3904.909547998396,3.1831729806183136,5.487912029289484,92.20305520546613,0.3591717480551459,0.0
850,49358177.617368564,9876629.664718132,1908396043.0338867,155667596.5300662,0.6773540963684221,4200.539788659078,5.856086162805922,0.1089315291003536,7.7414514893992505,0.14921598911092854,0.0
851,6368.348675237938,2074.8532737569612,1344724.8697549398,28057.7144041211,0.6228054966879581,3519.1448448751107,0.9843204847081807,0.7421821086875161,15.649765583062788,0.39219408543757756,0.0
852,1129.9465635881502,100.5482203714953,521038.4765421495,7859.777456681395,0.09737628805361928,3899.6902991107436,0.7796776172001446,5.443828685845918,89.27285367007948,0.4879426772130554,0.0
853,51974432.453250356,12623086.411495682,2889399563.4829245,176112665.6123369,0.7114297961118439,3616.713871920959,11.27464176605368,0.12081417895263283,8.704787729065448,0.0446529070615011,0.0
854,8175.599772319127,2177.259291612292,1232106.877302526,34398.582143055726,0.443202972840679,3644.1540578959994,1.4027307610008615,1.5084614700022994,32.849173794277874,0.37529248216683214,0.0
855,47289655.41198878,10236899.878214005,3090325752.4411097,172347958.9859471,0.709558907791827,3775.52932941812,6.0350834760528596,0.10752046206704931,7.529933946299979,0.06914743604149157,0.0
856,7300770.612201525,1621973.330194985,418527042.94336337,24311715.206740685,0.6772319849681756,3337.0464061216753,12.620516491558552,0.10547468694918116,7.636896576500357,0.2576994306949494,0.0
857,64464902.91786037,9905147.350549571,7546551426.829152,279802581.81998473,0.7054678298492748,3757.538481108182,60.58553509198028,0.1257934599035629,9.260936400873623,0.24365084112526572,0.0
858,3470245.178394848,707124.7440370942,142318630.86957037,10944468.523439882,0.7310802924062851,3710.096046946828,9.889282815273903,0.10285249542678247,7.554478727626474,0.4187728442561181,0.0
859,6920.880575077541,1643.4224405589916,1478073.0892641586,33038.131542611474,0.7014989317975046,3506.1199938969053,0.9772875544984361,0.07221351972852386,5.3574792392564845,0.3691001557078863,0.0
860,13560199.283367103,1331302.4902603598,1990127381.8766265,68769954.37829754,0.5735791963157666,3899.6038165303125,2.2758584062478597,0.10160148284866546,7.261243263249405,0.2746867461004221,0.0
861,7058.138332679371,2227.1798056684356,1712508.928226369,34190.593554596024,0.6384710605839639,3894.352418620405,1.0928835063601168,0.7522629054723234,16.245829763636902,0.18238264281943142,0.0
862,59976130.059656784,9536981.51677708,5504182716.733882,238694669.50626826,0.6343986538520392,3460.9562361959415,20.096987025224372,0.09231640387825886,6.8793475824444625,0.3675390719194079,0.0
863,9908.140370795514,1101.0407187775013,2613430.500966149,55075.97434329123,0.5999633617344711,3876.366812025671,1.0670954617147557,0.054555481984859,3.7543355487381618,0.2024696447277126,0.0
864,9389890.25762815,1188501.624259301,1045842768.9456041,42410604.972811684,0.4280231611133076,3929.083895943193,4.014954233649441,1.484657153151542,31.264204707538834,0.18861127764463412,0.0
865,3424.613182797659,392.39268516945225,1424496.4722143724,22785.36605541563,0.7169584697455298,3935.704934796987,1.0135128050077131,0.147502185191653,10.298498134395363,0.2640111276953695,0.0
866,23577.43208681829,11581.514258897321,1699100.5898154308,62800.95105403446,0.6451269323071169,3639.9067916574,1.9939941269443184,0.03360880697817024,2.2132329242647018,0.29719219719035506,0.0
867,4775678.085823268,561018.0641089416,355589875.32819736,19959987.083853986,0.7062873870663442,3570.9765768113148,4.737525196530568,0.05041900558289401,3.7808925623618306,0.06869668025052349,0.0
868,336669.6477577705,43641.884042496305,30394819.455913387,1406285.8542665073,0.6582960220604843,4027.9391841247334,2.4117453076554116,0.07324080807772164,5.098611639764037,0.29614581676507734,0.0
869,35635804.401905306,4476637.040745624,6088938516.484116,178330993.16506314,0.7120340956347762,3478.5617029500227,39.557702196258184,0.1164785671719704,8.340583407718158,0.2970876151008819,0.0
870,3273052.945879868,404574.38549885165,359663453.98651326,14987559.851216722,0.5950338895987715,3739.9894522607374,4.355562101860114,0.10291340849638483,7.159033121659091,0.2647263249924752,0.0
871,3892.645595029492,1582.614459192946,830832.6891867227,16239.322154307127,0.5052234988632833,3496.442511878541,1.7584859539589883,1.6524535981723396,42.76392100455318,0.27849052299119287,0.0
872,518816585.6255245,59649039.79894717,76119352807.89674,2577531793.308318,0.5348820401812435,3604.6948339319583,2.9231497863719023,0.11214470419378504,7.229356083080106,0.15033793030698678,0.0
873,6291332.387857708,838449.1778592607,502979050.4651535,26265037.94651479,0.7290181542085155,3531.364920845088,41.38286858192439,0.8122797622707851,20.163155119086518,0.09318261788383023,0.0
874,139039.76121172315,17021.117391945325,13439744.988062883,600304.2985351624,0.6730702700099502,3735.071797847982,3.1216637852467013,0.10066881738166514,7.15249886532918,0.5872044855054901,0.0
875,22767218.697578494,5170405.10752669,595549224.9365027,62576348.571678616,0.6629208284936867,3690.4429786616765,14.31234926747874,0.13733985637924412,10.175866181233154,0.31416368096985575,0.0
876,17454455.85861866,1440744.4249788325,4623203455.141273,108518122.96654773,0.703259948386511,3141.3264765809276,72.33697948395206,0.1717823443236374,12.442437449271024,0.31961951583636883,0.0
877,1609771.3372059464,412700.12792908115,38644499.266257964,4354571.0708804345,0.6957358037894132,4077.3369543517633,4.4828828801151355,0.13423302532813847,9.778839108941817,0.022533330559285133,0.0
878,12240947.411837662,2334337.9819041095,367918659.8027764,37259516.02230749,0.7706229473105162,3581.9738241443706,54.7581275956071,0.15501899588484608,11.235676155823473,0.23141455589174015,0.0
879,9735.71159518231,1332.6302237433292,2230436.265880233,50284.82465504498,0.670358948880428,3944.455003902962,1.3578780144597877,0.056289867212217626,4.008272912381767,0.5181830315416132,0.0
880,7604.697976522068,5095.521666174565,1160729.2644362603,24868.22882736491,0.5004872282325274,3629.633376668249,2.4186175087978308,1.5218108835953095,33.83778702498357,0.09015884266358386,0.0
881,89634008.82095906,15460727.44013601,4983137905.477495,321062387.95879394,0.608013248515728,3747.0881869909126,3.3898862863046397,0.042236482296975096,3.0970503572852066,0.3762867096283164,0.0
882,20016372.166594718,2606837.2078605434,4133820646.0381384,109286454.14549503,0.7632479801517348,2938.904854584348,123.7956994105493,0.10285340111782695,7.335581417509632,0.23345913685214598,0.0
883,15680625.321052665,5228239.796896003,153576078.0857296,32696996.884083975,0.6608934681727342,3620.4206462181314,4.354577072920247,0.11043316131794105,7.796811174608808,0.17100278045603065,0.0
884,4767.075569668149,830.0372230512294,1621259.1538871762,28274.244295022312,0.6102701960787351,3506.5809904960233,0.6237281389646613,0.7192620674711983,14.007109434131024,0.37390152297798235,0.0
885,7979317.0376968365,789671.5567364498,943788875.6633857,38578713.713765636,0.768975079343477,2817.9523425915095,56.47688636328994,0.15143142234243837,11.045656192431942,0.15161101042861005,0.0
886,3520567.764544622,502558.0396697048,600979566.5689425,16758192.356665988,0.658865334151196,4180.70841935872,7.681983253239693,0.14986438429635535,11.159754468656718,0.4151803276397696,0.0
887,11100412.813210268,1795362.5620018865,735322511.0543374,41914999.58459185,0.6849043496586857,3900.667684313561,5.302404230604951,0.10019966738231405,7.205687502606335,0.16648493791319335,0.0
888,22648772.032030035,1604405.2768302397,4903100861.93003,135225901.4710262,0.61541402275202,3918.6010295456126,19.924007992728377,0.10800147560901534,7.623045036084001,0.22128724339484718,0.0
889,95316.92865157395,26718.389763368108,7083848.005417262,307790.20349719696,0.6531749991777733,4126.634079157862,1.6764157946020464,0.22282170790256747,15.295556224841846,0.352306924007593,0.0
890,4701.772311474626,2347.526192456948,751883.2669355082,16126.270559022078,0.48648007292044876,3569.9282417934874,1.0491346415653282,1.5738673151069609,36.86751412414311,0.15484566695081162,0.0
891,4802962.030452555,905789.6475559227,281334936.44681543,17612252.55275126,0.7143811254301953,3024.5072500670412,26.252571456016877,0.763977245711706,17.351846016615358,0.10357924985116318,0.0
892,276294424.8241661,33449411.882553346,26583680347.2666,1235078997.7881055,0.6000635130182003,3770.354116010337,9.275994610404426,0.20813589723512632,14.09535820985655,0.13001699562463773,0.0
893,14699672.554513931,1035492.6915266576,3650842059.3936243,90700348.96954444,0.5102599128409383,3714.191624841823,28.075235630383144,1.573953836433907,37.25215231252176,0.27734610729063935,0.0
894,48938400.31075552,35382662.568142906,1117342130.392256,99635618.8432128,0.69829832502641,3750.8253083318996,5.9740446795104765,0.16227549151499057,11.673721418166194,0.08328809580257282,0.0
895,23512877.04768289,4154738.3471357264,1391307283.919745,86299557.9060373,0.7646858378024709,3737.7484368736814,5.438122398013002,0.14684768751213761,10.204252651579798,0.08165374252756127,0.0
896,40963.743110611176,9041.685470622917,3883159.672210957,150223.98547788482,0.6425133579061123,4064.035956333113,1.49498404835627,0.15519251085477342,10.964330910430261,0.22663037110882212,0.0
897,1395211.3394357301,95158.78499295688,397861283.4748764,8916943.815942058,0.38029353366177404,3593.3610888331305,5.001176570746055,2.1235656583316254,39.23960618146274,0.31820173956770526,0.0
898,5783113.5544105,937948.5667888771,389417422.463061,21754721.15044958,0.5995024607540731,2783.79716536844,52.53606398960557,1.4711773371854973,30.41026023757841,0.23202672607533908,0.0
899,18486.50059115783,10161.800629957088,692889.2638011388,44885.48834690065,0.11468413291084548,3805.322917392016,0.9528167816238264,5.456083926282428,90.12726173706163,0.38260676369085145,0.0
900,3587683.432454463,438270.01145484886,250572881.97660932,14598867.949467316,0.6405473238005859,3576.1591664127095,36.380269701414285,1.5606948054584633,36.8341747284917,0.05734366452618498,0.0
901,2786680.338545344,1161789.3898160527,153564485.384218,8728172.516115362,0.7412659182284125,3736.7117459941082,3.067891645416732,0.058740335461220906,4.180076697317029,0.19624861364103077,0.0
902,31813.24676631398,8049.61297688256,3702930.2292540646,116006.06298319859,0.6600474528744845,3821.566870903112,1.9266154219975589,0.06960369781620113,4.605695881940518,0.3407259508460746,0.0
903,828796.4557212109,344378.8527584751,33565464.85691066,2104793.1046145097,0.6468698856894929,3365.223179378758,8.673892622277346,0.15441591327728627,11.214549795889202,0.254541585447778,0.0
904,44949635.70481619,5295928.153988713,4502044144.722094,199947299.21945557,0.6727852390536346,3893.009968132652,9.738967156702595,0.07836445003633452,5.649124270150695,0.050128864030094346,0.0
905,9034.635252418688,2518.9298058126155,2250695.5327666164,44409.42781444098,0.6717946027626855,3535.6339854994526,2.181082026795024,0.09448899674584332,6.614810346599029,0.14432614893144785,0.0
906,100164491.9951023,8579622.519231565,18339004652.89775,552739510.5306013,0.6477126522833692,3999.8068926792484,5.323298591007644,0.1023650482397291,7.490836461382261,0.2515610413505163,0.0
907,398253442.7773369,91178359.1592229,8203641906.870758,1084732236.2331355,0.7505869744285992,2912.1625474248754,23.98674382631092,0.13164333912863543,9.1956409141189,0.05233827389480574,0.0
908,5872.701482983295,1713.7092470634502,1389384.6141959033,27163.153955051093,0.6706585922988479,3483.210560162466,1.2363380010846376,0.1428409954126854,9.673389356314598,0.08965528341636697,0.0
909,40460.9959099821,26394.918376242247,4037792.0476975725,124636.07319624812,0.7303201084491188,3398.265249543105,4.134561335442062,0.18403990629852193,13.379751990959909,0.2413541928427254,0.0
910,15632.649986318906,1537.5696045128777,4239701.473894805,93207.10281316533,0.6200789287356614,4303.6460055721245,0.8418741954900748,0.05293731160932236,3.5715794335313147,0.27739558829544886,0.0
911,156192603.58154866,27326293.56513966,9780297957.956635,575517918.9193313,0.5580757576999914,3063.073068525695,179.37033554773757,1.4335622810122206,27.82020714245528,0.16264202813452483,0.0
912,15763076.82399052,1260255.5657739486,3738425523.2509527,94301132.08311552,0.7347973454688227,3540.2096821583245,125.62158233841453,0.2121857241112795,14.441390469613285,0.27077512290277744,0.0
913,40635882.913339555,10618967.632017028,934280061.7106619,104670157.63115218,0.7648825995030222,2879.0505266090418,92.87282614233622,0.1613530355511971,11.30471937097352,0.04826732390329094,0.0
914,46826.25714236167,10429.117574690863,4186288.926168905,166517.21675153368,0.6494710531937373,3982.7821399513896,2.643503217135401,0.7784826657052948,18.155507271101076,0.2053919523287981,0.0
915,864911.9004296219,71920.93773125976,164984519.65290287,4798744.482164813,0.5662850697836743,3459.897774583924,16.729922958206156,1.5285621967817948,34.36140646627597,0.1626353732390787,0.0
916,38434.644896418344,30784.610813166706,1506008.2500878423,72918.11632630776,0.699501282233302,3518.3668889994415,0.9902946995749766,0.04472720878336611,3.067607088520481,0.24039728654724749,0.0
917,8623499.03835157,727759.7394188991,1606705302.4062917,47735105.92735045,0.5329614302676342,3073.0515289495806,17.12096062177966,1.5138279606348035,33.48192567083322,0.22924471044303024,0.0
918,168712793.2195879,59999526.04799336,3341170834.6431093,389536526.98827183,0.7241842172593881,3510.036509770175,13.47538296806985,0.06285413035097136,4.544399241654173,0.11273542462383998,0.0
919,10821120.182556609,2566352.851751174,544705711.9613768,35157593.509504355,0.6055229533345708,3680.3610914347173,4.035891700879661,0.11903612611152167,7.958802376771696,0.2900751651691946,0.0
920,16523696.553055039,1187653.6415456044,4221651506.1058097,103150986.62140384,0.7121413477614331,3259.5004496022325,51.40769846991837,0.13070756240962905,9.36498386845788,0.2831695366220123,0.0
921,3338154.943171127,474894.53856415534,175231543.43572208,12358181.458503831,0.7454012397961853,3540.656863332444,18.96208621029577,0.12487676241799033,8.89640541943484,0.13332376694881745,0.0
922,2366.3487477702975,329.31704741390047,760579.0392504263,13708.36033385983,0.2875952006326866,3698.575214163853,1.2295916899713468,4.107389091161904,68.9910794507509,0.5487792109816539,0.0
923,3065.4421436432117,771.5018161315737,777843.993347483,15195.23605464918,0.4539227079168193,3474.481698979019,1.227110143900277,1.5212870514891326,34.11582304105498,0.43996939768579624,0.0
924,2842265.9979352835,1153729.6043287711,22197589.05661639,5264927.733186053,0.7157536630878568,3458.1666807015654,5.593100466140853,0.144273990275465,10.550325251958878,0.1606313603357066,0.0
925,39263200.44726491,4692799.545327729,3378172545.5205445,167496342.12383166,0.660144746456971,4218.9859633209235,5.755819045242103,0.15025519084367814,10.302241034400618,0.1533301243929654,0.0
926,2385.0512484468827,374.67022495195516,1037598.0105095301,15448.073894435807,0.6607661743187094,3589.665567034288,1.2729355925920507,0.1761611172898241,12.79338494400563,0.45566383295092644,0.0
927,69804521.35258204,11539892.74079588,6623810203.7809925,286299757.7391577,0.6049516300112495,3749.004013660658,5.978299363760279,0.08606119053781063,6.2886111447405995,0.17325171978466872,0.0
928,31270.349166313652,8672.148015548864,4098924.996346207,124499.14200047601,0.7308934798416455,3658.3867726168032,1.7586839010259694,0.024168803011878914,1.7162253323520802,0.3181496846791635,0.0
929,7423144.083734801,1070364.1699816813,499545510.79080373,28646669.17184316,0.45269602921348656,4378.679599013198,4.485728180095362,1.5084987258822526,33.246057617705574,0.17274620218020467,0.0
930,52969.823293359346,45865.906654741026,2256937.3353014705,100756.59002529927,0.6620230849202953,3432.0897339443422,2.2440756526191117,0.06701582206352877,4.796100592583139,0.17351134698968934,0.0
931,3330862109.2911997,802348928.6221211,74400593850.89081,8993252181.301834,0.7020093687339222,1306.5288031253585,67.77545438571008,0.1249446955242802,8.621756719952469,0.12107019551930678,0.0
932,202069768.3794293,54141779.304817915,9786906834.278269,647204212.4632639,0.7187976364238575,3176.5078724840805,4.066255207820268,0.03841791000227106,2.6978786312066445,0.059813684241927643,0.0
933,61773.29215768364,17525.913990731675,8057837.538661783,265148.53277511866,0.6399287562189311,3811.2246322494657,0.8707492083320851,0.7176238865385465,13.66271509624301,0.27009764882794257,0.0
934,13100948.13283588,888223.2889208673,3053795872.9817443,80316299.71290086,0.6714715798165729,3613.856929197141,16.301388249860867,0.09006017243421845,6.281509814212872,0.2504394141197612,0.0
935,86629987.31031731,10659129.921597213,14419157457.660675,450824480.7791165,0.6585369032765909,3491.1098949606567,65.47145065130151,0.1962121875512671,13.384007668670113,0.13929087901399181,0.0
936,2467.272904561229,554.9789107029767,757727.7431800193,13475.403338826309,0.592074498948466,3377.507268540689,0.27360774735703375,0.05286605383137459,3.7621130845373316,0.28324736738190537,0.0
937,8588.960762336686,1142.2846228043202,2329141.583498424,48596.29464384252,0.6285378889594657,3655.71680103933,1.3279984817088533,0.15344162255434446,10.30132152828691,0.04663285935307064,0.0
938,53929953.32415597,8870437.548382271,3768441194.0915003,203766435.63616255,0.7028066003915721,3722.8123941229846,49.60243134743686,0.12531159425141558,8.964382825857543,0.14310730176515707,0.0
939,11186645.89134175,4400628.433144602,620407475.790314,35037211.860908695,0.769838577851226,3082.479506221791,20.902678657166305,0.09707149838993265,7.0473916894449475,0.1449626525539613,0.0
940,253977339.74012366,43502048.97662968,13269960295.915674,893496071.3147053,0.7337891856076703,3641.754202470911,12.732844190264874,0.15318145639188457,10.786283019819177,0.13474538415649687,0.0
941,2280607.917228457,647988.5929133984,98578568.18060854,6735260.379513225,0.6374224093922023,3603.9070069234817,5.18920690348624,0.06149419519428232,4.436055672135244,0.11900970297393118,0.0
942,9881.400831156796,1487.539588834784,2396469.686610467,53073.89948550024,0.6933123038382547,3535.886243680557,1.1138355106643358,0.07973636919536364,5.908416360690941,0.31295233723699134,0.0
943,66643686.1624886,8944950.552491201,6806165402.893493,294040203.0629429,0.624627700707184,3757.169054472285,3.448269393039395,0.061879026409222694,4.186534869867427,0.1307926538007122,0.0
944,96681456.05699715,10950407.544055365,7879250828.123982,415655337.87288034,0.7295993509243306,3361.4506519715023,285.0898889464035,0.09385195455999726,6.842107715174988,0.09609847801916457,0.0
945,31792.136553689073,4583.773569265873,5424083.020150283,157669.1059822144,0.6065122855828748,4359.826785987381,0.8425827611566729,0.09014222935965713,6.369439848891558,0.4634149411139676,0.0
946,8105526.383743132,1861293.9173768952,184777893.21072736,21976442.93391135,0.5752193258462015,4212.565670275862,3.168226183916722,0.17638864554911002,11.595405126066726,0.3635766554100729,0.0
947,4326.6500930897655,655.1426454077505,1373787.631358621,24687.80268771381,0.6787459260899421,3710.198935676835,1.0093095170618969,0.09329825164799957,6.927442261347889,0.36367144680783875,0.0
948,127593528.1023721,22999048.840878528,8576549452.061903,487748702.9876119,0.6438669732163534,3879.4126222881387,6.307976208595917,0.09553171976823407,7.022745319793707,0.2632876195144908,0.0
949,4310061.957751152,828455.1902438411,331096381.64030826,15964049.344859663,0.6403642744229534,4131.1747285698575,3.1925871089189464,0.8115819984840286,19.540290827938655,0.14149581193191868,0.0
950,3824943.453694661,378460.8298534857,854023971.4019085,21608017.438244224,0.6206366434814009,3664.0573047240778,10.421103217335455,0.15754353010879552,10.46509343185689,0.3475748974553598,0.0
951,2342720.648825654,362674.76045922446,439017905.86542636,12175641.491266528,0.7567286171084607,3499.416177864484,44.114644262024825,0.1551000026049297,10.871493621756812,0.20798538439367126,0.0
952,2241129.422406544,535147.3983298669,165065027.935876,8163896.041936372,0.09117720144358088,4013.153246711081,4.601304542104706,5.435867437231812,88.76049550464822,0.2089506993336392,0.0
953,17080115.294931814,1243899.349089655,3287031442.0468388,98330913.10283054,0.6142215320633073,3533.9866767516114,133.94987110469316,1.544358423386724,35.73136238202237,0.023788472059803573,0.0
954,7001768.3759372905,736222.302533231,780538051.0618038,33016498.15478719,0.7592530359721342,3099.486955456664,32.25182947539373,0.10916490284937116,8.009145230694632,0.16136819999201193,0.0
955,22034801.087677166,1967294.3548087198,3049351990.39327,113034871.74508217,0.6423253348542018,3929.6047065308203,23.62425454258674,0.7704999762504111,17.629448490543837,0.15187404114095301,0.0
956,2280307.782943246,265745.73593995895,402705664.14707494,11795518.625768658,0.7821246514966659,3356.0520726547975,30.070174366219764,0.1289998172643041,9.496140977524806,0.20492098006722795,0.0
957,1296525172.8095174,632250764.0147647,12047450938.414364,2279403959.168277,0.709221719453144,1590.326642052219,144.82507239136,0.1442120321976991,10.505009577354679,0.2097831690227083,0.0
958,20978964.74654109,3726125.766936122,999419941.0755975,73026874.42762972,0.419947436906134,4094.8885312346224,5.3309000233527355,2.7864384104270217,48.98402983919626,0.07683281680047915,0.0
959,22811689.352060728,2694919.8843586533,1777272718.1024177,96504546.39898165,0.7019304490737353,3587.178160139846,6.400800187593426,0.10591194211586341,7.649591944584882,0.09829542619133445,0.0
960,2620.8209405786247,660.6989114803479,1101171.558162898,16268.442597674124,0.7253352360234187,3912.097863108129,0.5235758483242753,0.06435441647032478,4.462974991488203,0.35797306172354765,0.0
961,159413506.10996136,10444237.340432592,37845366205.39376,986273939.6832106,0.6203526288851047,4002.0331007821733,61.61539958371178,0.777565490527948,18.17925095779429,0.23833231388153503,0.0
962,76662338.42594934,18634146.869887777,1363035878.4804685,197375314.09988827,0.7167346501429741,4153.499813485844,6.373070022217905,0.18932538007331984,13.516763349926842,0.10613425495310864,0.0
963,1322614.661831617,722076.6956174911,7808941.6941604335,2098351.1964643076,0.7095915277793139,3455.241041010434,3.1135154022072125,0.12061928991076662,8.90500801302706,0.08739547566153358,0.0
964,10106862.184094628,1539139.1959391944,1564821691.32302,51506694.92273586,0.4488637038127391,2967.3185463482528,19.36041854031986,2.0793198837023765,36.13799162796259,0.17771244214800277,0.0
965,15060732.065759147,2428773.938531912,1751116473.6461093,65653841.84595519,0.761535318848195,3195.332830239152,134.030412535516,0.18241943706866257,13.08832513385851,0.18591165537148158,0.0
966,6263011.752647047,1894888.5763320215,153716259.05232507,16236950.642441366,0.7209556408522181,3317.5340490653416,4.460145942959593,0.1050478997949698,7.523772574406708,0.28656244445412205,0.0
967,3193790.8978059962,459378.0818743271,228280168.87648743,12711916.942695264,0.5376420506113018,3524.1223418594896,3.4519748931035092,0.023965176701893666,1.6711419076095553,0.2746772319850072,0.0
968,5001763.408871708,567456.1457434237,1105310028.165415,26740432.96748777,0.5990724713733483,3818.1585172470022,12.956984787384501,0.12071276111531466,8.607297584670512,0.3279343806492249,0.0
969,84836.83771498431,12026.634211125518,16063688.141304377,434580.33290698926,0.7243202047182008,4188.79202807372,2.2868863252150877,0.09928182735315146,6.771062042689526,0.1381378917328031,0.0
970,1806.8591225614123,220.87299847317234,895776.1225506183,12778.459603685842,0.6997558133091055,3953.3263728428055,0.29776036567532316,0.0830674427217657,6.027106745775687,0.33207528962201693,0.0
971,25080904.005033847,6330359.31199999,1182696553.5589063,78504410.76818928,0.6683576580211048,3800.1768721454955,5.599818003100305,0.17352635909328679,12.1156289998867,0.1597480327928862,0.0
972,2490664.0368158147,361656.06110204116,167539782.42313087,9740588.027799465,0.6911441170658799,4139.51771130801,3.3367931223120593,0.16857666401616028,11.563843768410415,0.11461049489525311,0.0
973,6933093.217165505,895869.3337759376,696953642.6435386,30602517.43743,0.6766403576123236,3290.3719599503775,44.00700204169975,0.8296671210815404,21.872243847431527,0.1404772036900761,0.0
974,81255.29796756685,23858.662566465857,5900554.602787108,273745.03184420534,0.7739994643698542,3417.935827318148,3.0686709170079203,0.14216420115467238,10.24729234582001,0.09267665057464192,0.0
975,11175055.698990488,958677.9052089576,1826276091.6761806,60103890.099064015,0.7163960256239096,3006.461988780601,79.36060526835739,0.17369869211424138,12.180460723272633,0.1654772531429072,0.0
976,12777547.083865168,1077663.1498356978,1847070909.0353386,66803377.74088836,0.5985348849784936,3849.0048577362463,58.835756731689834,1.47922408849049,30.88441439894741,0.15370400233283385,0.0
977,20954.614901788435,5212.11787171928,3309879.8762851385,85852.09909810669,0.7862195970367901,4203.937834507774,2.5674139920860783,0.1524641096221581,11.505209115439472,0.3045902946107278,0.0
978,11633344.621699288,2511520.740754721,817726622.1702306,42564738.34390845,0.6853832332693697,3774.6025467717063,3.6991679169552447,0.06216933299218726,4.4595017183162025,0.15319588607537352,0.0
979,1426755.5816743881,887563.8606961839,34719467.04282397,3076659.4829239585,0.684846041955187,3696.1701726857264,5.666986102361418,0.7996588711877878,19.72962026081394,0.26737640021806436,0.0
980,3535.0252889564085,1069.4620971999316,1114450.8646049765,18984.11702411192,0.6403971177027742,3933.446162939032,1.061909219035009,0.167957057508698,11.61689440550812,0.31773151520297116,0.0
981,5991412.094499958,567822.5984508665,1090719537.0802479,32865550.598511446,0.4542139053109454,3830.9187697440893,26.493234442317686,2.094222124881648,38.305054892860596,0.21753756425075257,0.0
982,96950148.00454041,12056313.816963831,6644386721.756622,393476838.3105916,0.5292453166250166,4093.2081934706835,3.4621485360801283,0.7943532303408659,19.14431669797084,0.20988985256215714,0.0
983,436540.24474337103,33840.49386619093,122933499.82918589,2742439.6379754283,0.4488259650917709,3544.640484194107,1.8177249685829187,0.07006635632019957,5.011948688309464,0.3284712465529763,0.0
984,2248987.081757278,350187.6990186006,214828899.3207732,9535333.300895024,0.668398060318306,3876.858853440145,2.537153025351018,0.11861786377462184,8.461400226931483,0.18285599415083234,0.0
985,15721889.216163043,2103475.4169729142,1754233003.0644855,69462683.13824214,0.6645321422803209,3768.8903051843345,9.605919703099268,0.12759380380499694,9.083548436209396,0.2842547802626474,0.0
986,9755357.698969454,923566.107019504,1125932067.8848271,47315799.109733924,0.6440689523684971,3727.622056968693,17.128045579198922,0.14637222649990456,10.60307748773508,0.1353551252462321,0.0
987,2408282.279729126,316489.31907546695,182566677.20988494,9932320.433164272,0.6205363664756366,3795.106978763015,3.3880299544716874,0.11282379877687303,7.833337722177272,0.19647377864582313,0.0
988,9573217.765927799,1691314.6404098186,387355526.11662096,32126344.287141073,0.7287101337260478,3741.8634955294265,6.194778296000164,0.08795545144719803,6.292955670875665,0.13891135716582573,0.0
989,5372131.341104562,3417212.8764028167,64814368.461360954,10046562.040265646,0.6856487255509524,4043.70893681707,3.099897137708626,0.14924643004950217,10.427080108408319,0.29809972763628984,0.0
990,9335081.015350273,657353.6316570125,2048977895.3460279,55918856.77666855,0.7608326695340917,3800.700018519932,10.43471645045168,0.023482730891074333,1.6096693620915132,0.23052004905772447,0.0
991,940997.0971100281,116771.2686206243,103724012.6456515,4224280.065506297,0.6577615347697379,3636.196235413279,6.172141601538706,0.14833439004181564,11.065311674774875,0.16531556220181676,0.0
992,52395272.68030501,5048852.897494184,7415751306.4314785,265159169.8021062,0.6488240598128309,4420.192971122669,9.875640047804893,0.20006566070544202,13.519649937021569,0.19642885377449004,0.0
993,3708171.810403095,733843.5179441343,148010427.2578471,11949951.860870197,0.6705639089815584,3672.2969015640892,2.5325239266982145,0.06689206438543538,4.678487932999568,0.2010814377251923,0.0
994,9332693.29774381,910096.6701424329,2044762508.1067517,53453885.71286265,0.7741634343275138,3004.722492212398,39.754322282168,0.13160216818285128,9.83424835014653,0.26559018000008316,0.0
995,14868145.173185522,1110807.218596857,3146701430.9359465,87181631.4513539,0.5791512790143003,3476.694898408482,52.02012448127448,1.4748863322904444,30.69746412695182,0.328207413766577,0.0
996,5358221.160365716,795310.1071881868,519215433.2455225,22475647.4834382,0.6867360825414509,3824.9288900939264,34.06966836350858,0.13343100980709055,9.380599303710083,0.3077468193598942,0.0
997,2582938.1437528064,482300.91575601965,162458066.87493992,9144246.697321821,0.7482596164806562,3503.7327652405374,11.007933962437255,0.09200409620466701,6.668794056126214,0.42327089012708297,0.0
998,12428412.393015508,1299649.631789284,2412306680.964023,69627091.8460997,0.7637200715552643,3025.4632907593987,150.19644784382422,0.11598165147638344,8.635603931091397,0.2288329523049035,0.0
999,45552453.51832759,8002711.226950604,1768463110.0168552,149375776.8133536,0.6282188749729214,3629.385250611923,3.224801514230461,0.07970279189126224,5.56663985941713,0.1331658193766258,0.0
0,3820840715.8991966,1055077480.5792687,67278386610.78667,9260755261.550755,0.687256711317067,739.0753289207064,144.2477402151365,0.7666718585038499,17.27829567786346,0.07988276914358772,0.0
1,18188.855944482635,6315.321597350264,2505363.357163041,73062.09700003723,0.7153833510483201,3872.1349971420505,1.3873928925433374,0.09311494252872823,6.563391182784601,0.15555301936189297,0.0
2,28264550.900107525,3495606.221326188,4684810528.821093,142260471.47150987,0.4598427187408863,3547.3287135053106,32.017808326105985,1.4415676502259607,28.507491494391353,0.18718913471661072,0.0
3,12647541.284937695,1002424.5874643062,2087194080.998452,69066241.1894824,0.7016042407811962,3944.0740088135362,19.735075312608878,0.09964303707357373,7.234595479032332,0.048290785400875405,0.0
4,8032639.351706939,708556.7518379888,1149379556.8119252,41554805.803701326,0.6421912033788897,3376.1341029424993,20.306956359360967,0.777826588029163,18.23491825089942,0.1536642880164382,0.0
5,12287368.316629125,1170302.1735424316,2255250013.7927485,67571091.46158202,0.7299598507157515,2933.2845580089706,93.19663630101039,0.2161744499381058,15.135112381550481,0.16390024004922185,0.0
6,8718253.091653025,983728.4948646066,946145465.421279,39658044.812237926,0.6094670224458641,3872.5348328483597,2.8122718254716075,0.0808758300905267,5.052592137899128,0.3552741176698881,0.0
7,44524.35866928329,28659.492434314692,3479294.1835238053,116215.14040472175,0.6677984145395276,3310.6797792265015,2.5920123007885625,0.05379127554618277,3.8954015213051507,0.1492679734481898,0.0
8,4793388.056754473,800855.8360673299,291509975.6491892,17836933.53195453,0.6368534997681503,3820.143311751811,3.7476689660553113,0.13479264670596738,9.40175961206123,0.14873294359725595,0.0
9,2699589714.271532,1340689941.2517347,29330669761.064564,4854689481.933951,0.5025459311309662,1396.6840301097352,220.7228650474303,1.475051556432465,30.611970455567956,0.05626646760502147,0.0
10,35072578.74388408,4080226.5814320026,4573260235.6685095,163668402.98130244,0.7369669628333761,3023.335880768045,48.90054241353079,0.027554024952522304,1.9068301567460666,0.2187126991658227,0.0
11,27166740.39535878,6184752.431595196,633622348.5165884,73865583.54540339,0.7276124478007256,3762.675584624866,13.890509651757757,0.16504375193420193,11.882818728582114,0.2575741701904436,0.0
12,3030947.913074366,472431.7379554738,165377818.38063556,11109997.144894201,0.707353143677623,3601.7747787857306,8.005937689568263,0.14030008903960303,10.244216726911976,0.14745582499856677,0.0
13,580999.1480726689,110345.70942587257,26890257.84182591,1907130.7391555111,0.6505430971745512,3656.374280892248,4.4009427709357745,0.7435802735272373,15.701884936294174,0.15504658563697868,0.0
14,2915183.4672257532,678150.1824706288,239481864.80106717,10366488.643967565,0.66164531686901,3548.8071516986543,3.880930003080895,0.21554703505441833,14.13138397345133,0.2537253504659563,0.0
15,16738.333594197895,4620.654768527171,2196757.595863915,64930.10568133254,0.7282160606913459,3522.79268023613,2.684596190685395,0.18162426283104827,13.032542288079458,0.19818533554979012,0.0
16,13171341.770674143,1181736.573142978,2670766673.660302,75198346.00424737,0.5976788642583958,3258.546476361028,18.407703086852713,0.734225996302013,14.991008476336088,0.2449173926523709,0.0
17,30372.831254388868,6090.471122295881,3949328.11760996,122934.99323471534,0.6451962557569548,3652.471961286161,1.6203354282976021,0.11253043024380878,7.967453171571259,0.24305065625477296,0.0
18,94903442.64453176,26891875.183818053,5613168109.514404,309422556.13741636,0.508088937730947,3202.3133750047937,161.47337751392286,1.4313562524055563,27.614445338073033,0.08354189271424893,0.0
19,10837923.430160468,1034666.4923324719,2463677161.3439894,62211741.89204864,0.69825748385491,3272.7244779512885,39.28628110098859,0.05576814692619116,4.144876314266348,0.3017026830363414,0.0
20,14077060.872733781,3783601.419432535,444677341.161019,41477534.96884141,0.3159788279422156,3804.272471862132,5.228096087740884,4.125334274227012,69.58771870183685,0.08938972103388607,0.0
21,3762285.231764164,505506.48256222194,314812164.73582846,15780448.84049127,0.7266045159712962,3309.5198839841732,18.463433997878603,0.11538689765516415,7.9756617731783646,0.12790862419537324,0.0
22,78944584.15746868,7220650.219940627,13802876492.720358,427280065.6113368,0.1715364445508618,4193.625387219484,4.668367213520873,3.5190164600692304,64.2801586985808,0.23007610083306926,0.0
23,4972750.550844787,598957.3654633078,345883706.8321344,20403720.688788526,0.7096905084955887,3626.97867082043,2.2999090077186732,0.042215782799900924,2.970884985773118,0.18450552266233564,0.0
24,483957094.1255829,152952419.8953007,5060768514.579027,1045101083.4458183,0.7261266143049582,1923.0170338396103,28.097502186483588,0.12325948881687579,8.768000577406546,0.13688265981284606,0.0
25,8949213.38580372,2015059.0346551866,509515660.3798357,27611168.87329676,0.739780483712827,3340.1582448357826,46.01566193636875,0.06364073558878776,4.574228434894252,0.3250688734299716,0.0
26,502198.65206307155,36430.24606730472,160302493.78182998,3288505.3587847464,0.4906297584849736,3541.4201901029182,1.7626144247206907,1.441229218828022,28.15438928353305,0.47946459716304374,0.0
27,18472250.777436413,1424627.5944923437,4431636385.317681,112250472.52208991,0.7790533393492487,2850.2279392354576,90.09695869818925,0.05881895077944863,4.004318375727645,0.2502813613921452,0.0
28,70262116.78588477,5794120.201867457,11086927269.380379,377118177.8028355,0.6724530985497144,4054.5226210796354,8.10427453758158,0.1784974986314179,12.508410089681451,0.17183483328265364,0.0
29,4970130.492628729,736928.7434298324,505889958.4177759,21438786.267896436,0.7812277283041419,2848.918453941368,49.279672726213235,0.11318986037670378,8.224460499971686,0.3085228140513589,0.0
30,303434199.0046838,78146893.09480166,12888046211.393095,922659605.0251108,0.6540790520038304,3354.17930792667,6.496943591027021,0.10033941763481007,7.17776869477149,0.13080218901843618,0.0
31,11657992.954465937,854087.9357777117,2745882273.0820694,70485752.50554839,0.6630799129935513,3262.318187200948,10.706921401310238,0.8051937470515125,20.328170523228856,0.10952994954496027,0.0
32,19428.56822288314,2705.101640442315,5116371.50939048,108328.77804556822,0.7200332237099464,3632.4804048956103,3.0274138202828897,0.10541968674576499,7.585097883033347,0.24948518102904996,0.0
33,10061114.919561904,586603.1206336527,3400304939.0649633,69431433.52872248,0.6619963253895539,3203.40183574597,2.8096905796653093,0.8163763523779952,21.008988547763995,0.3314476434454477,0.0
34,163188842.0730098,15323356.734406758,22712125977.68348,824896195.7814362,0.6071699645972031,3796.2464437401786,6.798518905320537,0.13671908414659698,9.155182141690542,0.15540653075728375,0.0
35,4999867.572634718,785629.1811280779,292006605.2681822,18290047.94418424,0.06952573712830809,4380.149230852409,3.3766714982938772,5.4029281152395345,86.49119285084478,0.37510017778646165,0.0
36,5396.833195528025,860.4133292591399,1558023.0340613679,30317.908770836122,0.6007504863818044,3815.1695399047658,0.9092496874408901,0.7483191937027986,15.891052869717466,0.19208082303542187,0.0
37,22638424.891242426,1782913.4298651027,5569747228.186978,135083874.79546142,0.6629012830434983,3645.0341679375388,15.599137792538652,0.13003489405160318,9.52331856801036,0.295656363184406,0.0
38,147377.7331827913,100988.41162485308,9003974.477857763,384845.5953030771,0.7125107735074064,3726.588137264027,2.7697704832535246,0.11416747601214379,7.272206608184318,0.08231726647636413,0.0
39,3439.0775010167577,342.6702888088281,1460877.9330772622,23146.524809107592,0.6950913058814945,4114.055080436365,0.9074463642491111,0.21526995599525173,14.351313816654448,0.1997992306404545,0.0
40,2108.657834710391,188.95884330212655,925350.6509782562,14479.333401167081,0.6673253219357795,3903.4241941782366,0.7964567151072608,0.2397535199006696,16.473008536614515,0.36259086336147267,0.0
41,11584.600194802022,3540.007906151595,1501760.0640542787,44372.141546508574,0.09646123183242745,3678.277340072584,1.8548956439362072,5.502958832913917,93.14456106923255,0.39196770103734374,0.0
42,1956746307.9149983,1373089773.294168,6384597877.903222,2627884516.901068,0.5110273078561987,282.338908509426,8.40729802322599,0.1559934127471089,10.773726070162985,0.1991727615204932,0.0
43,3023175166.2485523,2133885174.5223098,7683411912.064641,3876664678.9226074,0.7249476122483216,198.718506874039,9.896712498067961,0.051178663328366,3.6852729487194464,0.03874423609669921,0.0
44,595043.2492452727,134082.23958904177,30439527.69560348,1932064.6369302378,0.70158180475852,3539.2122546359437,4.138057131617821,0.07696038635029492,5.603825715874433,0.27155744635912094,0.0
45,7509578.202576938,1415119.5188674803,543064892.6954104,28026237.428998433,0.6267909461560418,4265.582168912014,2.3232838272146337,0.14962781276067041,9.713784232425109,0.177524018180415,0.0
46,22255.39123545992,5908.731520147895,3502764.064024628,94497.4598881009,0.6307899695294958,3588.387398304554,3.0516117091225796,0.07181270087934193,5.232352548098483,0.6135789552706677,0.0
47,92886549.22094864,11656871.007001448,7058914050.694397,388124414.7772175,0.4973643254862436,3834.339898061935,16.42895135582098,1.5334186301345105,34.73956085239695,0.03328405071333587,0.0
48,37524663.755971454,11227812.064475905,523313276.72337854,85110584.98078986,0.703871517555353,3349.157804849461,15.086515747663531,0.1305240124347896,9.264020621153206,0.20539293167193998,0.0
49,4132.335523701879,371.4634161884051,1043191.828494934,24041.008280621976,0.0866919740470766,4131.357451844836,0.9692646808219023,5.453659723291233,89.65297770592409,0.41300759142318516,0.0
50,22580962.194906157,2025680.6954641095,4797416130.649633,127041129.70191595,0.729383970732915,3155.1009078602474,83.60192455251413,0.12228988554063429,8.703360736527134,0.16982611372646775,0.0
51,6451486.874655062,549171.4273610889,946114830.2589598,33735919.01446079,0.4331923025711628,3525.241485452928,11.19374976839423,2.1360317934362776,40.3216352047546,0.2173399772041226,0.0
52,26383.995836818627,12051.615145468417,2061740.9913288753,73591.4711429325,0.6467262581515778,3419.3520490582514,2.1083395990374605,0.025259173404509384,1.7250314928834698,0.41942163121030157,0.0
53,27318.187569096415,9981.272413683018,2503169.23265284,88083.53348656741,0.673149419827919,3558.573757188986,2.0098283727962056,0.13546955886964787,9.469602398435837,0.29343826141622903,0.0
54,6076.228524470411,1053.2824723743474,1697487.7878168572,33781.940401624524,0.6332331818972083,3524.9822708454863,1.3807144622263985,0.0963099747715698,6.556057008012175,0.30001529345707195,0.0
55,4141753.808999871,712453.906328927,309556272.92999464,15859189.449358683,0.6753579089358492,4130.368122561977,4.025116203105331,0.14921260036115794,10.556631084355558,0.16235132676804545,0.0
56,38977005.281818554,3632349.487839705,6226308301.050472,205038769.8320973,0.6810274694031382,4311.370334275785,6.467050424516892,0.17837933875977,12.009329976905853,0.23407912543374085,0.0
57,79062.24828773754,11207.240100956196,8032648.920385594,322961.2221314156,0.7213011643578469,3939.2391117896564,3.8158203043545886,0.09079831384487154,6.471920328392875,0.4006396833013328,0.0
58,66142967.52240654,9863228.030705363,6278645806.670896,269448106.3559538,0.5357426541125057,3397.7045698901475,78.67832606329378,1.4171706262850203,26.39659209958968,0.1472553316390793,0.0
59,1886438.4002326578,204601.49186346872,218956941.32857585,8744006.755111368,0.6032464512083346,3991.7733041027873,2.65444124008081,0.08676503426125733,5.914392531322247,0.21929658744452488,0.0
60,9931227.897803066,3466260.335333762,525283308.8089695,31968985.682075273,0.6932929719368202,3765.5243385076656,10.187478010673408,0.17895098473530133,12.209220109257114,0.13031782907683442,0.0
61,6448901.445050163,732530.9756167043,601228762.2042725,28633106.697855264,0.5035700199212652,3509.0788034860243,15.557509649047631,1.505768650569106,32.639625074727164,0.10894376557252582,0.0
62,270470462.3887518,75188734.62704167,8876924275.934765,751609746.9106729,0.7100709181766797,3048.9553737764754,13.245939520364105,0.0845734937248837,5.911877147585767,0.12147192901914848,0.0
63,66702600.88693209,5266692.495777455,10948810656.918728,364637258.02715886,0.5567244086729186,3917.6020308008915,17.387116072577744,0.07544135382320602,5.576468127921137,0.18335078633708715,0.0
64,986437.7691578461,71366.96206008448,202883703.41657585,5726766.641140079,0.5281553748851555,3885.1332763160035,7.083113704508298,1.5342053283908033,35.00925778298425,0.13894831713176448,0.0
65,7047.451410481919,1346.5656588501574,2047061.1369857867,38079.199393950155,0.6597365858133649,3910.5089165911836,0.829245260712681,0.05318777158817003,3.785375844719634,0.10674779604410937,0.0
66,20657825.777131192,2163730.20313247,3205796736.625913,105386779.50424027,0.7023225464037159,3068.2173439838516,110.6919016644122,0.13025707334797404,9.457970357474508,0.02981254371814707,0.0
67,18930.317541313336,13725.304740646674,1725170.935038248,50445.437646613405,0.6789187521032348,3375.2128538824263,2.124074857229403,0.0461208883853228,3.2542179245416305,0.3942393620581308,0.0
68,27725540.46566082,12190554.748103183,3390030454.121002,95978155.20599028,0.7645323753105513,3857.7583993948538,34.28840887885044,0.11476165901817952,8.06455402871109,0.34841915853687805,0.0
69,84974082.30439481,10350366.57995676,9466447854.824007,385393873.55663073,0.7069025073013777,3697.292646509942,51.815048514673066,0.2127807488343861,15.214573047309091,0.19116520653455132,0.0
70,11894.540915171912,3420.6040443390084,1164690.9909770892,42492.294393289,0.052697426873047,3408.2057490366496,1.4753631572458372,5.5151933293115905,94.30699546302932,0.0950527485628938,0.0
71,10626760.622512136,1035548.9234230515,1994755578.6641822,58076838.7264151,0.6849994078155003,3778.484339082651,10.459626975400871,0.19972702234826506,13.119219577419353,0.2150613418064992,0.0
72,15517532.288680637,2569847.035261147,706409412.9715449,53583208.21990781,0.7337568692468338,3427.689451877825,9.767989255109228,0.154665209391983,10.965356351983857,0.15442826565513476,0.0
73,13053193.082612693,1724429.8725635833,916968843.7015375,52897438.12595773,0.6981155384917304,3876.5797039497556,17.79323246800476,0.11794242191994275,8.033323926801497,0.07977964557870919,0.0
74,9538233.599649254,811894.7298466346,1619608238.2176683,51808293.08939096,0.5536968130466887,3191.705206957179,28.26197600539478,1.500873539561543,32.499468996077354,0.24368660221152308,0.0
75,78444903.61109224,28776346.14937762,2277444170.2653437,191522473.465471,0.6556844090590401,3512.0580773404754,5.0223453147496535,0.08889244131385547,5.978793373557151,0.0370342575917953,0.0
76,3991535.3394244215,960606.1022149365,110985587.68070409,11037981.750908216,0.7170304391553741,3587.083552631064,6.913869930179224,0.10184258745150183,7.427545182014322,0.15134253125339017,0.0
77,124180442.15856484,12386062.78237292,16077741415.098633,603783996.1134814,0.5924284342457968,4294.878811147841,4.460697145322307,0.19048878292548627,12.24944211571596,0.13864189922148543,0.0
78,5313.788694601591,1147.3329849555964,1383059.9488111716,27745.232167403978,0.6586778575062869,3563.515260945099,1.1093770646061931,0.057425241932646906,3.990259813193636,0.2476047348192195,0.0
79,12188369.920004364,904317.7753227841,2709826816.4810147,72580887.76408716,0.7490300698447145,3736.3260004045405,71.96006475918988,0.14583541127512306,10.698817601321347,0.17624314720029186,0.0
80,29276219.929816317,28725584.083925497,57540603.2247226,31706226.059178114,0.7056970160976097,3589.321539688187,7.761920535975073,0.12797308577459524,9.006273270340243,0.10190971126972705,0.0
81,11862.472546876725,5305.123911920762,1777381.8109479353,44684.9465791269,0.6552957470342619,3461.0773358673323,1.8741914239173536,0.7493160802486326,16.31114526510145,0.42619178803956637,0.0
82,225433.52874064556,74175.37921069057,11462966.027517963,639328.8382060269,0.7375980533706769,3696.302623106829,5.360394074800537,0.12987233608017518,9.022027537639833,0.10260808097418919,0.0
83,65429.64066312877,16459.38855506122,3984542.8823943073,201212.38071336603,0.7262383476957088,3589.8937019540995,3.0115139291959254,0.12837150839882366,9.023968922006915,0.20182356432536572,0.0
84,2147.366530906497,153.96843873470647,1131902.1404078733,15904.710439570012,0.5889914149835924,4168.252853512405,1.0205403090365377,0.8454891836897879,22.6557311625298,0.3700448074043783,0.0
85,4605189.920554305,720256.1291342548,292235525.23744315,17636186.730842967,0.7366011370307974,3629.5589607778334,5.97533946162406,0.08740001034828211,6.466310473487049,0.21727720679966142,0.0
86,11912917.007999511,1408619.2507740054,1035334720.9642994,51714895.0374095,0.5995433827936454,3254.017995873929,165.76337810650975,1.5080098536404336,32.97715120195737,0.25968074180071354,0.0
87,184466339.4977993,38813522.38323625,14049235129.103771,686740649.4988323,0.4692996679154655,3516.915537197956,18.986118616218413,1.4603898997529483,29.68373257752063,0.21856527174898394,0.0
88,651659596.4993342,231512089.69599968,9985119321.537756,1469257341.4020696,0.7322908349418689,2100.474287451317,16.034715606721058,0.12497785676439621,8.961286475661455,0.05139250802292551,0.0
89,40978.21059561729,4823.860045396857,6212712.724465365,192836.6032607152,0.7253209254425295,3784.639757695236,2.645011820079226,0.06539674463492684,4.760389507407325,0.3229458777380317,0.0
90,3099572.2919043154,1126926.4486519964,74960741.72784844,7631810.322550451,0.6751997183625055,3547.7029100388418,5.077447678521416,0.11083909541040401,8.031956479959256,0.15755937060163772,0.0
91,19531653.699854303,1802525.6417209457,3844746158.069368,108551068.66313235,0.6880426887968818,3015.8427864497016,164.26890057115915,0.12549552329752878,9.044063840214676,0.19820394043201803,0.0
92,27574960.77750764,3474751.679950679,2375718340.683384,115480315.38460465,0.6779780604574721,4081.7211121465207,14.651046326061886,0.09361732203959719,6.7279286356315735,0.19014388435815477,0.0
93,19430.85350046729,15516.286694497972,1674233.4916066,46735.38911123281,0.7390502820358826,3781.718795296479,1.4997389498102485,0.07875948342940794,5.493257250728249,0.20217159285289107,0.0
94,10035118.056621972,977897.0588354412,2366763358.474504,58938864.38698562,0.7372366050488363,3503.1717006083963,54.04090711279707,0.21426696870163325,15.003469877137846,0.2927880040964783,0.0
95,1359687.6149413758,212651.8489022913,83392363.19661231,5087186.391706226,0.7520115909358405,3647.8224920537173,5.21473925642401,0.03184026770129007,2.3919323900210356,0.06853392211970646,0.0
96,732003.5160481932,124188.89273981866,52910780.58243351,2834026.817872525,0.6458599297073724,3987.739042149702,1.5851923136524249,0.14059139218757988,9.993402473067299,0.11397838793310391,0.0
97,836003.4288817572,147143.16775492838,43583575.54419271,2961036.5872630114,0.6022425156911153,3529.4439729403243,3.1229007658533976,0.13099752634278775,9.288720334834144,0.220742028768178,0.0
98,11388338.021400496,1790379.4652358484,827165460.1112645,44491883.516529374,0.6181663365514235,3708.7001477551116,2.6743556679678995,0.07320798095490773,5.277531574265742,0.0679690386710871,0.0
99,18655.24480074501,3303.2931077887865,3445737.284522418,87544.03597003601,0.6147955518491439,3571.702592131451,1.494375314469618,0.07476184629647128,5.075706647764564,0.20721161384207687,0.0
100,28819126.93255564,4794217.011853512,3042680483.3386636,115015764.4937356,0.7514454815306486,3337.827930300363,59.300261564464364,0.10209770173629469,7.484930997723656,0.29926022345119624,0.0
101,91447705.18990636,13814834.924338665,7421543947.741117,376224688.37701064,0.4558822038661193,3660.5910374690575,26.558581204276976,1.5288377305839802,34.071807444743435,0.11223417903374915,0.0
102,21592.923032397663,5906.043784183259,1737574.9615492083,73050.53977104671,0.6593656727381509,3525.238115512211,1.473566345981032,0.15892139441772885,11.559283268672022,0.43495217881843584,0.0
103,21567196.018936194,2455289.169256701,3211472730.3165884,105473842.33715615,0.5599251276926508,4015.5446531664957,2.856444515946337,0.15019826491226781,9.88321189530009,0.2768203174223417,0.0
104,23115.279360730092,13947.170680712787,2284122.1301003555,66401.76327397334,0.7212816859593607,3701.9135695342648,2.1734562388590106,0.12339839301340563,8.943861274718119,0.6229635178147327,0.0
105,9400.044189981758,1030.1967361370139,2192229.212760969,50732.826242729694,0.6547474402067495,4107.18613124759,1.1903957750818814,0.14268860454154134,10.238596958307244,0.333920255330906,0.0
106,136265727.37497818,31452009.92527414,6597842718.576598,455724115.51489675,0.6453363713946614,3628.8634667715905,19.317277211107026,0.09636423745539444,6.9047251982797375,0.1554379676668274,0.0
107,29878.761367569754,7957.136608301342,3359156.252223591,114704.7685027933,0.673046182079555,4069.13078519637,0.9757605975315905,0.08680402158051663,6.084498533257696,0.2602930730812792,0.0
108,35098716.384079605,6224059.355215581,2029637489.7723572,125213246.53273062,0.6832005565697579,3552.6729126323935,10.424431116146248,0.06650431449787346,4.82171626733974,0.08681739243483833,0.0
109,1083172.1427154194,341471.66086256364,14247719.559267646,2375369.403697268,0.7257049770009925,3430.256920615811,3.1837597516118747,0.14193348690507737,9.857596294394927,0.2137796444492274,0.0
110,1750621.735009831,450872.4463818522,37396269.30277036,4539856.51830514,0.7113507900246888,3476.4399206668218,3.5073676874524224,0.13969672628426189,10.143174750761707,0.07710908259369115,0.0
111,24393930.273086604,2160363.0689841798,5420202437.399736,140728751.0331921,0.6740334351049904,3488.5806358526006,28.221539018163334,0.11415769747678653,8.38662490402821,0.29913026209249893,0.0
112,58337.7847440795,7661.465083893001,9028831.579323014,280786.88563975773,0.7375960497489971,3859.201883986587,1.7097269200070262,0.08185896547831399,5.064460130728134,0.15513796775328673,0.0
113,500057.4856428231,36717.53354065545,153588193.82944065,3231880.988503839,0.4275425432409586,3480.806193713417,1.5920631332437203,0.25671957848330607,17.056562979808426,0.3392461565755615,0.0
114,8972343.370801441,672943.7874077525,1724016972.7077708,51436495.23660513,0.6908006987000773,3690.4199986607814,5.407845445053072,0.05603244468146214,3.924287844319932,0.20191819179959522,0.0
115,699089422.9490851,155083378.8676981,18290230771.804356,2000500235.1878705,0.7137604057516767,1994.1660228314822,8.45335308896066,0.19135689826823993,12.209346519269475,0.1891338697506672,0.0
116,292731.06895169686,199913.67242291782,3238026.6008844553,434334.9302979618,0.6843694662120494,3667.229680870264,2.2676411931652596,0.10747278583203493,7.4253093468137,0.22951501545525246,0.0
117,14116.245644356415,6739.300519922921,2130552.9823261853,54622.10578798006,0.6595187824320927,3675.9284682362936,1.0819424811519465,0.11383690798370241,7.594704173517968,0.4589726738202451,0.0
118,19254.056408643642,3027.701933216077,3104026.1983865,91291.69018294344,0.6845849864864564,3832.1826907576124,1.2738423131795507,0.16729850623594497,12.156678240520073,0.4186450397606664,0.0
119,12990.415957963167,2544.628429243729,2740074.6356409034,62419.60329952347,0.752890377727318,3468.8536566116222,2.9748147070349558,0.1802224057095197,12.686637081906387,0.4833231995476987,0.0
120,74724724.3082048,13168152.728698067,5660750821.661599,283247378.4891528,0.6572205996026337,3549.277370459734,4.69376014420756,0.09448471716639846,6.932742944817124,0.1391134046258243,0.0
121,7010.890772189709,1660.0169074485925,1642207.0426599623,35340.537553344875,0.7213193318799471,3969.246782458871,0.9055973149104207,0.07742447678440438,5.506674085828358,0.23322944382150693,0.0
122,3057.7989243313887,514.4666497070833,1116138.5332316044,18500.71218732945,0.634471007668869,3564.350501496884,0.7861391126628939,0.7364713164668049,15.12705306062623,0.2925610395624528,0.0
123,16930367.0724362,2216797.6598344306,1220291024.2105286,68586584.90485382,0.6404658693956066,4000.5589740228675,28.83321370116257,0.8048538511796878,20.268773073065375,0.2108710827422724,0.0
124,6928.76723455342,1620.8111189674676,1949768.560465882,37956.647132615304,0.7001971192687302,3737.034007349055,1.089993581108173,0.13778320265322633,9.388295749061594,0.2345386723692096,0.0
125,17924806.012568135,2031713.7994334684,1959977900.8540719,83314316.34002781,0.725003409765752,3686.378784649542,80.28962183690703,0.10042157861392287,7.3724002764323275,0.23550598724457109,0.0
126,80811167.3932809,12404933.035080831,4685098180.0974655,303348948.4337417,0.6827574138747506,3737.056593056113,10.35277361342603,0.8179027395109941,21.228434871537235,0.08684499557388585,0.0
127,15104430.917474676,1027687.241774917,3380533418.498271,91289340.35457996,0.7521210139042942,3918.0364032394064,8.91054751260405,0.056637534284211366,4.02909506563464,0.2230771806069373,0.0
128,12409063.74958549,1070688.9331454134,2147009513.8796654,67490943.41097447,0.5266026168705842,3321.3879739338436,51.955721508315726,2.1801637393487967,43.58303513121315,0.3122496179173749,0.0
129,90719910.50344092,13754997.640678039,7370668427.182524,372495324.8903795,0.7067209382205993,3776.448029907636,10.755467221969019,0.12328761127201426,8.623695472326524,0.1260916653833761,0.0
130,10149151.276602335,2223424.223538158,449108209.91742516,33173905.5816937,0.7421158569410237,3586.0731047639833,8.792786324044261,0.11462831910439117,8.121524792827085,0.12430353569796325,0.0
131,1640667.3757681288,252293.0217366488,75390311.96060364,5741823.485967643,0.2624065801660646,3639.8120941162397,2.2427432897265374,3.4644927953637334,60.05299775933095,0.11898380856538045,0.0
132,25866.866897723598,2598.67626277327,4399419.098135942,132403.60704876628,0.07273303079073973,4225.629713706632,2.42012219759902,5.475938078042863,91.40633383418347,0.5339137643110989,0.0
133,52136998.708718404,14211522.56180573,2605046347.0783243,159791993.6324764,0.4893259215225558,3380.8980017730505,83.99052033692286,1.4791368691658786,30.83570438570161,0.007021803199734906,0.0
134,117824.76626860633,58617.80570556839,5705468.622357061,320884.39494270534,0.6830467298125598,3541.46601293208,2.6576213334812153,0.16131260288519594,11.855647962309803,0.31059082006345584,0.0
135,107783333.7405487,8566943.658213852,17185651233.722267,583650288.3483174,0.7357820572914957,3626.8782196600014,13.79541967996673,0.043111639676012725,3.1412164335265658,0.08520505704520479,0.0
136,86194955.7334379,10466511.177174093,10211441367.318022,406618134.0204886,0.08809976103332941,4157.416418027202,6.614756014682689,5.470170783495192,90.80374326479257,0.07228388830693243,0.0
137,24034904.543819346,2280408.245464158,2702002840.5252676,115762786.08714227,0.6020276182155953,3719.6479245158753,9.117783526459847,0.09498671156862226,6.603348440712023,0.11859776894712673,0.0
138,446387136.29502404,134601707.98016006,6943528880.884794,1053537510.5708088,0.7042723949748757,2535.8630139305783,26.16012538617138,0.1665591877058196,11.712742491197131,0.15771720650972057,0.0
139,50519085.14628184,3694571.345586621,10277528907.94159,294734274.4486696,0.4517085738549319,3720.1032867021877,203.64418692964253,2.1489698910029125,41.375010055414876,0.15872381774758532,0.0
140,63016680.98882041,7710079.60596239,4293903269.418968,256487043.8098689,0.07808771072707336,3847.473024270787,22.877792836976926,5.447816913873835,89.33711285268876,0.15609025025787282,0.0
141,36435118.69528587,4491558.831837712,9516708975.811705,200929124.06670165,0.21141765584222644,3350.4248291450835,28.70536487407916,3.4929282178325742,62.36363788785707,0.1037225275701554,0.0
142,16562.554362687308,1822.6754717108875,4185778.632045283,94563.48930259355,0.6277750555063297,3453.707820341421,1.098948859315411,0.060599593167799434,4.357436705062457,0.11449565820867268,0.0
143,33772493.67918132,3527196.3374109315,6298813612.209406,180951214.01592118,0.6882748616663522,3307.6562274575626,47.08833765562678,0.13413357872272186,9.191635446825213,0.33141366308747433,0.0
144,16128132.322618455,2347912.953165519,1085027624.4653153,62671379.63984188,0.6016984758653002,3776.2965118961856,2.519791584423171,0.14651070779915515,9.905447431140534,0.13005189582492652,0.0
145,49722721.047420904,15519742.209847003,1026915456.9729702,125314501.24447319,0.6789739628419632,3330.6170723341265,6.540020817202015,0.084953264715885,6.104956493547752,0.43784526382122324,0.0
146,24772439.85106464,3156364.695223294,3048771998.3698792,110170210.13414648,0.48533097301494105,3286.9994133656874,118.0764419694901,2.8363406995346296,52.86320029994054,0.09371325983556093,0.0
147,71336.76044437739,59545.6598172525,2679571.9646152123,136192.74544323998,0.671591575970843,3679.9828487027917,3.8167666471143797,0.1270727645011318,8.789386429006138,0.48954899532876894,0.0
148,295428580.18911684,88439932.98482975,3564340606.8426704,668088940.1055298,0.7015316509159656,2493.3590424151544,7.897640853423357,0.1393707370689099,9.923817546841725,0.051575585900191984,0.0
149,971942010.9602058,543037631.1912558,10271882131.305334,1690227002.8643267,0.7053147525898621,1223.9725055386975,27.034350318155887,0.13640728979747613,9.890862863110673,0.07690491628450451,0.0
150,7672.252419566733,1010.1031936033193,2104771.875366737,42234.980778741345,0.6545396506353672,3490.0477494115803,1.403187050568702,0.16210876304895291,11.0842830780603,0.13006199136640573,0.0
151,7138561.066152023,1325978.7518788518,359386126.265294,24369865.08845705,0.6722050667175523,3809.2250460333444,4.765502340150982,0.17951051040899033,12.455911400975658,0.432413121056723,0.0
152,15677185.725165997,1001229.5413118635,4801689729.593665,103480529.32601053,0.7185295178738496,3481.666833343815,5.351932028867278,0.0910170669573029,6.309805972017827,0.34541843534914646,0.0
153,988496815.3758819,162930851.7183124,72148539235.55629,3836068382.5752616,0.6417428603305009,1884.4723937006054,7.447162634235537,0.14033455270601403,8.674575435116793,0.10604907449868194,0.0
154,157829125.9283815,46005059.351551905,5874015771.013502,459895316.3634882,0.09790242336591565,3842.118314672097,8.63828766865195,5.490008763844639,92.44211013045229,0.14905873301589614,0.0
155,202278217.85789016,20309214.672480352,24350577184.126392,971737584.352453,0.6358930583520198,4040.3467572194004,5.490396564455784,0.1818843721684428,12.73529256142734,0.18828285261874675,0.0
156,2070852.0206403318,306127.0693860398,103926484.94197296,7493037.474787638,0.5882923359561174,3477.501907870681,10.984313034932832,1.5329176610317827,34.686048197907176,0.11991710190299984,0.0
157,9240351.764893595,812014.9546719561,2374060493.812854,55940479.91896584,0.7320239058863404,3427.5963870950663,15.493045573182721,0.13455860313929052,9.671329154682919,0.31123887440785136,0.0
158,3365.5200407997227,276.60586989838447,1354891.3067116356,22435.1506844837,0.575282073996674,4150.131225347657,1.2139252548830592,0.8769189373601953,24.004875797953297,0.21368249154943061,0.0
159,4956.059087782135,574.4462244193797,1507063.519958236,29498.891561475746,0.5455222036818481,3643.0317714344037,0.44337678456913343,0.03270257245973651,2.147574245048027,0.3786287798618022,0.0
160,11443.665950722423,3462.7833641222437,1040807.4767361607,34802.327293117276,0.5726475022969775,4071.209647644353,0.9381011792657121,0.7600494200712905,16.761574685012683,0.09248795016108924,0.0
161,3537547.3552118936,475062.53193872795,207021845.8193166,13550838.291332847,0.7035415795780195,3976.040927824277,9.324973040825853,0.1739506406294388,11.836271339078676,0.14651054271789885,0.0
162,11014141.379443154,4373748.3932911055,592605709.8451695,34219475.64100979,0.69377183390868,3541.154368427692,6.818076854585431,0.11148111917504196,7.970287879736212,0.18005758486577766,0.0
163,11314452.554409591,931598.3606367899,2172440107.7155004,63925675.91765481,0.7152773515281654,3271.5367693862363,98.25788644906748,0.1944893977154038,13.716675031264344,0.22445723882775415,0.0
164,14399223.36768857,1279378.40050275,1982744190.7262619,73625007.8090151,0.6133299381424635,3223.801275672297,9.834285917634231,0.02479450122444753,1.9122007359908053,0.341567290144184,0.0
165,3271.590706436694,535.5767110745137,1280179.2137947648,20228.47641892862,0.6135934697739044,3889.9204460681462,0.809108534495321,0.7397756220128218,15.225592729537931,0.16316153270140202,0.0
166,44588.666650382416,19910.109871830624,4820257.188109184,160953.12023891462,0.654405454099958,3903.226884122553,2.25013042865286,0.81915675564092,20.545571220500257,0.3777926345972181,0.0
167,5020792.432658544,932806.9118245009,250925939.40465713,17523527.23278312,0.641549110671761,3464.667455721611,5.4782382376272425,0.08850589791410117,6.413725444300842,0.3048517607228938,0.0
168,12772422.693493381,2295283.2677148175,585764035.8178527,42455641.004771635,0.7314403995656765,3180.0974441738304,15.487488855221551,0.16138064443776665,11.520810668773409,0.2957348506038669,0.0
169,3371.784193295696,355.8056792597023,1383491.9920216904,22202.677196974368,0.6637065860909964,3714.3331847661098,0.815394797570462,0.7945071371254351,19.410957862772946,0.16316343602043432,0.0
170,18003950.957367577,1169540.972335895,5058809779.545395,115959269.5663177,0.22220601311264926,2973.3197876026907,5.7770551775483705,2.198294750564322,44.50329123690086,0.3145894813101519,0.0
171,11564940.076195067,868707.7330659281,2140826384.905426,65635118.9551927,0.6730910576232801,3947.6391742931405,9.452787653670987,0.1213176995737526,8.626324987477254,0.2308268981233906,0.0
172,1927199.8059875537,1403181.1794491722,22796362.18270662,3240037.2398630753,0.7572212629963533,3606.0209570268867,2.801622836468499,0.0663145123389401,4.617038327449391,0.13135917033917138,0.0
173,33212219.531689443,4481707.748779253,6249070912.656676,164179716.6895148,0.7943098485885021,3668.4278804166174,44.36298076846737,0.117276487540349,8.413061997798206,0.40328060622534656,0.0
174,37490651.67109878,7364367.349466604,1791317356.193029,127926256.84304507,0.6634822520208951,3565.3289431860617,5.569657073344947,0.11376007263705201,7.657740745178275,0.1658321785501018,0.0
175,3013810.668707046,747553.5511484215,81030431.33045392,8598360.217337126,0.28455415181021204,4073.559946965939,3.2539033581797328,4.086973932989913,67.00712319169268,0.1889167567154178,0.0
176,1281839.4885363542,137312.56799854137,163211477.9024735,6135918.234561641,0.6813715837483644,4290.809951972067,2.1402650287458886,0.10943257709690064,7.140626944031557,0.19742371355626714,0.0
177,8226.33435823321,2144.9345813486043,2186984.4231297867,41965.31577643183,0.6731898533900726,3518.327072811724,1.2885303611680408,0.05952974905136514,4.000877623889524,0.38149923387790924,0.0
178,21026341.19655379,2866968.5116140684,2207809245.7066846,92886253.96421543,0.7080112227273556,3955.2298636594687,11.624201792878445,0.1491834341456701,10.85348011496232,0.17454682559825208,0.0
179,15972474.739725435,2104989.7945231698,2185076765.805255,77380274.28208636,0.7143751854949569,2711.8638336879353,77.7070920064883,0.12446938582245962,8.82816216760455,0.1462027145254182,0.0
180,25842774.2255421,3747058.223077534,1487641065.0984957,97291300.90923387,0.42758778474139303,2901.145006392263,51.402304458939795,2.1529310866620976,41.38986591839365,0.15209454466875935,0.0
181,1623.6017462466702,294.8025512048871,860187.9695901308,11649.000989506838,0.6700072749226562,3965.6632228605777,0.8067283328422691,0.15865166739087125,11.643458788305262,0.4363653123747474,0.0
182,2741488.642281912,563173.1180618656,162883636.60000277,9646008.432793047,0.6820408876946132,3823.9753481854864,5.669552855283458,0.07641998702578948,5.226805424676113,0.1531601003841544,0.0
183,17954592.953320824,3703877.602339162,559802158.3149956,54673753.06206636,0.7105759365763097,3581.399859281048,6.4222908635091915,0.07105245655424026,5.0196535446874675,0.27243469206652904,0.0
184,6947704.725664216,753573.54065308,888907839.4257095,33914338.64534681,0.7677159810105383,2745.4011216231497,70.57179983393155,0.17875651008987542,13.017874560105668,0.3015706100188052,0.0
185,5974789.004553819,449843.73593627056,1162289524.0252452,34274413.54868238,0.5503981234348313,3193.973098285565,25.616729832327337,1.5376317430760218,35.225559209228074,0.21736425370325116,0.0
186,13789.001601963368,1248.2056231942963,3551824.1852979786,80046.79946374126,0.674596865571364,4263.820117350595,1.3030187182734083,0.0989249795832734,6.861524490976814,0.0899667715010197,0.0
187,14086876.268144315,1947484.0447516143,2807699948.780494,72775362.11971483,0.7428803122430623,3492.410088194467,277.99159466171807,0.15497452742303386,10.920096866502128,0.3229387514483966,0.0
188,70313269.4807037,10668693.939911772,6628507407.060726,297993964.42100537,0.6212985112548914,3767.6395111664433,3.54121350461478,0.06850843019282485,4.9180533977836784,0.10726340759194135,0.0
189,2726501.2399478476,378252.69808067486,188434827.02864504,10940679.298930084,0.11045198587659324,3614.2990478802053,4.600036787989963,5.488882955199369,92.45754572584926,0.08823583328398964,0.0
190,1756.714595361828,427.4790858228483,767663.4943036577,11184.310872264829,0.42594133575688276,4183.871051455301,0.9403936669083984,2.2293253795716885,47.12641715191193,0.32558408467978345,0.0
191,480404.8445518962,61876.58799367062,41360170.087199956,2016309.0840731047,0.6882035728935821,4248.142192317395,2.0956439908610935,0.0995722585635436,6.585349326612748,0.30721768459213145,0.0
192,5607.48736877608,799.6177487449044,1542008.8470324345,30762.588805432104,0.6300021467580119,3573.0875248380244,0.5738471711215571,0.0253660662883056,1.7074817793569437,0.08894712501124385,0.0
193,50129366.29076792,16062361.571149055,1337168958.3375025,133713165.29597044,0.6356364573482809,3886.1660515753056,5.2775481015933705,0.7285328144253367,14.58000864749982,0.08180865223229372,0.0
194,6250546.179702914,1162682.7909004583,228688190.0872601,20094321.231167376,0.7594904779624996,3302.3858138948226,15.459395156010157,0.13140717104333968,9.723992828583814,0.08076802035898009,0.0
195,78884113.7651932,29019233.22804778,2349404831.748188,209452386.03530437,0.591265065396519,3705.1446269115986,3.263019565152179,0.15324663175413794,10.564352999976974,0.2702494642707808,0.0
196,54310583.980258346,10464385.881306496,2820799634.4832335,184124644.10108668,0.7228622592925966,3517.7743807241213,17.05429437862199,0.13836094797219917,9.425781780085916,0.15366772978250717,0.0
197,4271650.229672943,775813.9477205033,185294770.64328486,14162424.900437068,0.6800440508579879,3778.2582296643345,8.902180145399283,0.6994067460478703,12.566206282193905,0.2607485453784626,0.0
198,33979681.13167079,4318446.614408143,6464089615.309446,175956131.35910255,0.550486254896468,3212.859758120807,134.35371553952473,1.535447872055889,34.99199666214338,0.2263800689243912,0.0
199,2535415.399040291,661631.9906098335,207231242.9286244,9384107.035857126,0.6693533835454681,3554.932332864948,3.4177857836995797,0.15984815959014514,11.032959732114154,0.5036715602924533,0.0
200,217008668.71510926,106845507.08724709,4814396399.044793,473378520.4765442,0.6996908671553682,2942.3237690600617,7.036392058589049,0.06444568511179068,4.792280815807102,0.04787218494266198,0.0
201,268662.765483241,39754.77339582127,29153062.444923304,1156168.9562805244,0.6798440754816999,4058.550428130481,1.7647506979977876,0.08145200177761662,5.773431290072925,0.4125133991061561,0.0
202,1974215.8751713918,310270.63124490605,134903713.58036405,7508266.819182436,0.6813294119644189,4342.578153731129,3.2324040940580585,0.11776772508668118,7.999417080391881,0.06580102962539745,0.0
203,2526.6797475168073,310.99828215118004,1051276.293342441,16264.807396238772,0.7092035673694608,4006.8160907859938,0.8591304851143466,0.09689699022647655,7.101433357550539,0.24351703746818365,0.0
204,9305856.483817328,540638.3216893903,3574615000.3143487,66345525.55198495,0.6917262359123227,3625.1191576955016,5.122601802234033,0.17603764068298683,11.93233364903114,0.4032391007816302,0.0
205,34211458.097501166,9127973.30663355,800936712.8680079,87945060.4387519,0.7576734598768426,3179.9486332629826,83.32869732476999,0.11047633934187803,7.9609672520278085,0.11071804517891855,0.0
206,5411037.505955553,720088.0583335485,424313580.46072817,22469681.024556853,0.6135592149408484,4351.6670681017895,2.861849646933432,0.10471536784375868,6.975547490127999,0.21923558233756912,0.0
207,4052038.1858918266,535956.6363386924,293445562.68036103,16421517.403246498,0.6949909197739033,2978.56391684102,21.027919523633813,0.09300797136470651,6.348787944894504,0.15202370796076817,0.0
208,6306.274810404508,2068.833507021021,1203484.192115153,25345.378509226743,0.6844143436183887,3551.056433410534,1.0444711667135014,0.14731137427208613,10.143655910737047,0.25514787558309077,0.0
209,17680981.70918365,2570147.573232011,1408325036.229862,71335562.22462939,0.6205735997760862,3576.5407349204434,5.361348397486851,0.09744441717722499,6.944153521849037,0.1618197843324494,0.0
210,5558.299670170595,1058.3327444417719,1499029.485353214,29342.92228060796,0.6404651190889513,3826.5593783243785,1.0035543382360714,0.6698321871624879,10.969849319426128,0.15497318972226734,0.0
211,2659376.5118198954,302180.55250372185,279164631.1625545,12045694.54973053,0.5675793746191106,3958.686020335231,1.3053320656085408,0.11762876257233375,8.114343667018387,0.15353318846685865,0.0
212,42131362.67301862,4610161.868845895,5028547260.306413,199944146.30352664,0.7382829176364132,4222.624015149791,8.134057490101535,0.14919204125471683,10.831462568074546,0.18663739905031507,0.0
213,8609661.02383561,2456868.3833779423,152539368.2151783,21652254.77358276,0.6860944008498777,3419.0366490667766,3.696008359496032,0.09462560944288771,6.566384685825035,0.0721771514058839,0.0
214,4751.994231728826,1033.758247684689,1391976.8936821627,25552.766803481096,0.613273768490914,3342.1343509239164,0.6949333397728464,0.03197287354329763,2.1888148953081354,0.31402803350462505,0.0
215,6468103.762429697,647942.3079952184,763241827.9643683,31300243.34545824,0.6572980128377075,3653.262436563799,14.000404835918234,0.030451052528479218,2.2162446777711637,0.07030960103103649,0.0
216,17863.77601851886,2283.1340549000165,5262578.917428998,108176.58403003095,0.39169481133014844,3874.907285629781,1.731797065503584,2.1646550060099217,42.33187239044601,0.45798124151294034,0.0
217,1072069.6706069745,151415.7640215163,196884087.39974564,5811857.621831315,0.49046697700454017,3772.564409139587,24.280730857679888,1.6049756646340108,39.46363988030397,0.21350036962338156,0.0
218,6101177.29706359,1051689.6718120337,278546515.30736977,20805330.921606645,0.6555767932473914,3519.359087624783,5.493369591546597,0.0792128107677863,5.755595666189015,0.16163770119638657,0.0
219,57280543.10781447,4952278.72879402,7787838357.621076,293990502.4787577,0.6975598325358543,3926.1368483823994,18.792897066320673,0.10166733531684224,7.469003344540861,0.16868220563381317,0.0
220,1264324.3895883379,88281.40920463017,301673717.64854103,7714978.133735393,0.5098339999560503,2941.899606146045,14.874553754718809,1.5660582481585799,36.625632439385456,0.0949738898221872,0.0
221,11024544.102048177,3591489.043317466,263788458.80570427,28085479.500320308,0.6995037081880915,3498.4526587933956,5.824750167619012,0.15366693486759617,10.97873908326417,0.29141484103907256,0.0
222,23209345.016080536,2299614.7832702263,3485510781.4981575,117818115.92167029,0.5962555348794487,3191.3694566655804,467.4959249916994,0.09530587217930524,6.990648377811458,0.22965751916228797,0.0
223,7616934.302148173,669185.5605691989,1210608870.317268,40594988.128273055,0.5424525392600801,3550.4173579192093,25.059106643067476,2.151619109509604,41.55811972397513,0.16865332105583655,0.0
224,5143976.693224287,470499.0712992692,860632171.984059,27554014.359292395,0.6447181780457863,3687.1192360446084,10.090591270538235,0.7740937966279905,18.052869202656787,0.177191208969187,0.0
225,9497720.617229696,633679.0476169263,3508992536.0851455,66731355.599044845,0.7214121084654672,3349.0003895101468,23.23830785720797,0.15894606779801643,11.761975235342577,0.26108003567882165,0.0
226,74885828.42929469,8588530.993526544,6266103206.119123,324642439.75076336,0.7247615297421761,3648.5664411054086,27.217518733060903,0.14871286069477732,10.986069303234096,0.12637919195581196,0.0
227,35784413.66299074,6811694.2504019765,1677371461.482878,121098352.71556294,0.7268251016735969,3730.4943507524567,14.503800735508593,0.09787311310705302,7.255996159392106,0.11236057333618514,0.0
228,416.31705213941314,23.908816197910284,300171.6600779249,3511.674200219614,0.09367489665849724,3989.7453367765534,0.5081530397215906,4.025679140954189,62.34176795823561,0.23226808054215328,0.0
229,105293836.94490096,15443304.283738023,8229759657.699335,430919103.3342614,0.665440425951283,3910.2988804453853,12.480505085992323,0.7748627862107859,17.683933857548222,0.11553034113598325,0.0
230,40393084.19308641,5508311.914093616,2198467430.522248,152619806.92337272,0.7792936273473015,3342.863730458227,21.154008768097846,0.09627186433079978,7.102375183766836,0.08259854576190528,0.0
231,5130823.152056174,698103.7159012002,401809067.5314345,21006014.252689622,0.7341366710062552,3197.5818692850034,12.283353257256797,0.0996904339523951,7.227115789675428,0.27202566456300104,0.0
232,3217230.140731128,562306.7677293073,278125980.8404586,12581677.408046508,0.6690720720186512,3710.8190705420525,2.5188632386361096,0.1016449014946554,6.645447362811939,0.23112726957788765,0.0
233,102577244.51719669,11643764.50794279,12031257626.632236,477742998.5618168,0.6992676954722701,3337.074320829711,959.4187698562574,0.12296798898680725,8.937222500871178,0.395107037152492,0.0
234,27910.154197049433,11618.08218129313,1922522.03489484,74482.75357359242,0.6860657295744739,3551.4824314096495,1.0389488523374777,0.04306886908012038,3.0845762797044953,0.40725649491497445,0.0
235,29817952.190589003,4957363.305478883,1837995082.8422325,111003353.86073455,0.4377421303909008,3358.4864403864276,108.61707831878508,2.219555552576632,46.1389111236046,0.07939316570671529,0.0
236,3948811.438268761,667906.9428388202,193067862.6832797,13858937.310437972,0.7191533096983637,3654.4515816760318,5.057883147761367,0.14790969060219208,10.70658179473789,0.08297586432762859,0.0
237,14070456.784692168,1159558.0381310296,2328784642.145043,76272733.26252371,0.6772413319634585,4196.165313128826,4.008259729619713,0.07777639224840964,5.578562224092043,0.2085037736498987,0.0
238,10172428.611213073,872139.0976057763,1422955118.1205306,52575647.1206149,0.7695480337326357,3761.7996579898763,9.699033025763038,0.08664486621342213,6.172288920175525,0.15162656718801243,0.0
239,566224.6379204409,177924.6470471504,16864644.39022058,1555588.8484759484,0.703858433654337,3765.116494843929,3.1591762698876233,0.14414318787975872,10.446382862987203,0.07905181072354019,0.0
240,4656791.221471643,760449.8234689401,343302148.4287446,17798803.009005345,0.6087068787017398,3708.713385487375,1.8173115394931485,0.10704072201802557,7.427671138153828,0.1483150895879762,0.0
241,17424334.599985067,2310832.6518469886,1747459776.5606847,76241517.03071794,0.6460559874231355,3951.035952274448,3.901162131700418,0.1455677395699783,10.501448184605483,0.10110725652136897,0.0
242,65389467.22270258,9543257.171309482,5701263611.863421,267070611.66705313,0.4857632601013779,3375.1973964021777,104.58089667768186,1.4509666895240032,28.97136195255614,0.29161962454847234,0.0
243,11132264.738207016,2292821.315959665,1019800316.2845455,44098293.0828672,0.6775638746682388,3747.4935036693423,8.092855449648223,0.20426267088543543,13.714960128181612,0.36396948722317507,0.0
244,132425289.01902962,13116509.050406177,25016756304.18199,729056931.6000961,0.6362557780946734,3752.708479650253,3.8594289637039654,0.1515754968274746,11.000012033835162,0.22227910249051602,0.0
245,1204437.761693455,250991.53722023516,332542577.0927988,6804413.591651994,0.7193149919743812,3735.453146865075,6.283730057558732,0.22146083084812423,15.959032479005804,0.36642747258825137,0.0
246,25831644.640023828,4360756.484658757,1416244750.5690777,94064944.31063625,0.3023831977078034,4025.248324838156,5.641907469292394,4.091084404067339,67.28791437682078,0.18634917669654832,0.0
247,6077.142544489752,2028.9788053900527,1289070.7761736936,27207.608446840128,0.6728229799184471,3604.6680860562274,0.833951130781322,0.09134532811429966,6.179091442464052,0.2704685976942489,0.0
248,8162.946728394745,1500.4347669183867,2320156.5953482487,44888.81824219297,0.7617312963460632,4053.2581223475736,1.3323700458844208,0.10960586771814915,7.738601852697454,0.35356668283331233,0.0
249,254209639.47346658,117458839.39748247,16190818464.911423,733993296.4278818,0.6797751794569964,2064.2088351513025,16.17685824394616,0.10803348802374471,7.096080677896927,0.10208062858761059,0.0
250,9035442753.04619,2220648764.5081797,202942898948.90167,24259515665.854584,0.6913011147415917,953.4100168338132,20.343975046899043,0.10841670020532038,7.450646588811497,0.08252182729772471,0.0
251,22419344.108755123,4163113.9054013253,662599906.0638357,68915592.50109741,0.7130274527315399,3508.1684803078883,13.310584023564513,0.0891119679514925,6.285177163166983,0.11536192230454977,0.0
252,31793203.169160474,2334855.267400761,6533987155.292306,186124177.9017474,0.7014378546591601,3900.266699012904,38.800133864082845,0.12574772486502422,8.24827748346868,0.21470897631935748,0.0
253,7062.867842780897,2522.0214160844903,1435127.1087874037,30379.434382583266,0.6102200815005749,3659.6456303359946,1.2803097720929542,0.14931526227900732,9.835973223004526,0.4677959025289287,0.0
254,14062175.685747579,2294849.853980452,1492669600.456615,61396935.2527733,0.6222879224876989,3820.6714887690514,1.7997110229884627,0.08510656549558701,6.137427155471855,0.2148885919420019,0.0
255,2404.0704647043117,317.86854091817634,1076616.052650244,16050.70113249504,0.6511625353870465,3756.3467535722393,0.5474186589200869,0.08700343620077025,6.1361060780139285,0.18596969639535868,0.0
256,23582576.756814428,1926082.6520731312,4091418857.136695,129838499.15800841,0.6936237753383957,3542.0195963002375,42.30795260533302,0.788549638195995,18.79816295558531,0.1895274527677622,0.0
257,20269778.474170797,10371439.820259187,633548432.1703374,47915275.289539136,0.7030211942770744,3851.0456097174524,11.767324773154666,0.24867845131195931,17.36454267481394,0.1890899058318574,0.0
258,5239821.790485072,1401422.7062550574,215338785.56237826,15471061.58433644,0.6824595961933042,3695.6661751499128,6.797027289467589,0.14511822391974444,10.479066313939837,0.4236003804497192,0.0
259,453223.60218469764,38485.72756513384,90171255.51358232,2558406.8332775044,0.6636572117348667,4054.841927677204,2.701447718369769,0.14318289822359098,9.500227427945246,0.2675344791047969,0.0
260,18740.31319392553,3456.081143681599,3209741.454293759,83843.5515557685,0.6568762613545902,3847.091175995951,2.6735079774080597,0.06983988468513322,5.075921997129666,0.37186819321944475,0.0
261,10204902.663244989,720812.4257554682,3370747047.4683657,69044183.3350252,0.7165588495482595,3334.502979855876,29.67724413566247,0.16880855402810901,11.800347081688667,0.3946259569532921,0.0
262,4444257.116347038,628836.0017907793,252462336.96264005,16788503.23724758,0.7464860316013702,2991.5889984373603,34.25633003803433,0.8128380729536726,20.510670046798538,0.45432426666692444,0.0
263,15605949.971889213,1581293.599346293,3155636365.893306,87737190.11032417,0.7686514666333618,3059.8055599990903,88.5956953165719,0.0882195900815348,6.116462270134416,0.23934628751158954,0.0
264,7532.675996277443,2811.54665098815,1398704.0070468262,31122.08906208768,0.6466882137113438,3680.09996904106,1.109374076362471,0.03550187689931592,2.6822681598905405,0.36718029841392236,0.0
265,11179892.176254164,1215824.47975851,1111991051.7826018,50674565.77173016,0.6066467879182078,3113.3379941407748,174.81766884484333,0.7997288686180473,19.97553943156395,0.09960974806884303,0.0
266,1515197283.5013332,297560947.1775378,77231633165.73244,5063446847.396364,0.71424341924916,2626.8725294507026,260.68138062739075,0.17903211768380958,12.843209697234778,0.040058798206765785,0.0
267,47633975.14487227,9540912.537211042,1696760482.03789,151565381.99348468,0.7083245902697668,4022.689955988657,5.453442781081721,0.1216092440119902,8.639710198581096,0.13930608946475193,0.0
268,24611486.35795232,2833270.227730184,3519290686.883455,119666718.93923819,0.7053742956492076,2980.159666677968,167.68921653874503,0.17242693371215276,11.831919836309773,0.15992797219864452,0.0
269,12395421.017914383,2776280.1838890277,441031301.5570911,37785274.667502,0.7653125889313507,3787.9986516507433,7.218689120987586,0.13012252354272516,9.469961540170663,0.061891204403279304,0.0
270,1920860.2301881004,587178.8314674855,94836205.12886406,6153133.117774798,0.7082538122194861,3282.1478755903972,32.50480838812948,0.1571280186541916,11.676597045463222,0.14801587665598792,0.0
271,17732617.1703793,1755154.79080021,2718856796.005849,91299220.28485158,0.713038731886566,4034.258103081081,10.511512134245589,0.08625229205499699,6.287084141544865,0.0915302027274064,0.0
272,9010.158352876328,3580.2114732690266,1863709.188609173,40134.123536820254,0.6687460278271106,3549.2196872057775,1.8264010022467605,0.08727066967220817,6.2187642651202735,0.2831557964914467,0.0
273,4723.440630285247,1014.6043457373726,1565058.5521978703,27094.263436635832,0.6714549102796481,3786.800245556053,1.8243367720302222,0.1402705455169837,10.450843934930903,0.23076493558948327,0.0
274,24757.79109263354,7372.1917140928535,3520628.762302354,101298.0160800872,0.6281952449234619,4067.7336977213754,0.963471982229299,0.07533158557694834,5.232261385362712,0.22358066799986598,0.0
275,10964.56032887632,884.5503263885142,3307926.5711922804,67907.35537737023,0.5534706549262252,3804.3959029793564,1.055319174097191,0.14387937244231913,9.811395183548383,0.07757988785769647,0.0
276,68389569.76785073,12808539.236116147,6692922636.98097,281455278.7299341,0.7023837204506844,4056.8520702462674,32.68567863459889,0.12889843180461452,8.90012432871234,0.20092947516104664,0.0
277,4358.556933559057,1654.6026455601739,1148822.3999933586,21451.8976411051,0.6350229145538184,3395.2140544364047,0.5549530158865417,0.06252746553268818,4.29474578955201,0.20702058830012346,0.0
278,31092334.19503615,10711039.830638396,638310457.7298781,75945746.00779201,0.6733856923567062,3460.319163513996,5.553108867714778,0.0906699988201641,6.374008094192736,0.21920010249904057,0.0
279,331436.6637262029,89578.26236654984,33700808.00367483,1355501.5123870592,0.738978680936939,3758.4172871691326,4.610260715973067,0.07019370997972371,5.0871125565576065,0.17613042722139494,0.0
280,109540.95484575287,32691.59037188882,9428482.34370504,366591.69542847096,0.7594156924688922,4044.1826834582575,2.379022433325787,0.08063493793190091,6.033656459036469,0.4664816932815523,0.0
281,316593796.7251802,126211622.36264074,6819163520.137945,743694766.3092647,0.7431052214158023,2800.968145159396,11.899543964192723,0.11284372282676332,7.838492941542794,0.15054280041180512,0.0
282,11034907.380296212,1637266.828371699,1385220983.1244414,51767353.96238743,0.6949838262024779,3620.221548592891,5.024613673005816,0.189094831716156,13.425636153013551,0.12682491782907215,0.0
283,12845.19164042352,2901.8145260625665,2168403.2950889645,55237.66066730714,0.6502903756062987,3470.148973461659,1.4172342703092258,0.08198040863497846,5.5710061930900325,0.1578086099312398,0.0
284,12623.985161091621,6812.463429607431,1497357.5282507106,40519.40932351259,0.6619841902655208,3523.8410937271,0.7762051103978185,0.04676347048949507,3.4103990330532654,0.24024294260951418,0.0
285,90162208.56832013,13671977.806987664,6573058247.301574,353325095.43152183,0.6402253695791811,3838.078266946211,6.735061579531934,0.18810602717504796,12.333237898864796,0.14203077544588238,0.0
286,6174171.257670654,1638621.3326140237,184650399.90886778,17877477.0171797,0.6703684453065343,3744.3521433817846,4.279942696059529,0.07328727726287002,5.2891984481834085,0.07691902600496692,0.0
287,16805.56839833849,13682.870231455285,1153193.799572621,37124.98207503593,0.2886376822999571,3453.390451094644,2.8991345500901446,4.1175725298539225,69.52013140840397,0.3898433056528766,0.0
288,12972109.905423936,4813610.685858156,161585747.21594116,27004772.563595224,0.6529896321873312,3527.003718126916,6.884757053693188,0.11138413111029406,8.123485049857916,0.08175716638003426,0.0
289,3805208.4535847185,607455.4117027523,193102626.61512083,13709228.499489862,0.791578852686704,3299.20502320087,12.64462678387615,0.9501063524087308,29.9646172247463,0.05786330266948688,0.0
290,7498416.618559316,559378.4500318912,1519459145.7675977,43525504.933603086,0.35935318128306054,3593.5101443623034,6.254693697400361,3.4544131271907355,59.28505823543442,0.21431941077551803,0.0
291,14526841.805738783,2797636.3051419947,1148953429.1238382,55344368.71368557,0.689329006582816,3811.9396133716755,2.6583002020334336,0.12382771572089171,8.141994956290066,0.3425263137902528,0.0
292,368.7418334366776,31.970244162662787,286503.03446144843,3203.2503003178786,0.0,3101.535006473549,0.3141846365607835,5.380500195995951,84.54345625647248,0.2756552464366091,0.0
293,14489681.28118312,1358956.4203189926,2057815384.3761528,74202563.50746942,0.7008164303164934,3737.0372302367405,28.675190897261288,0.08211877965231373,5.931384278945595,0.16785043505298697,0.0
294,9328711.177487247,909964.5675677903,2041034829.8764248,53394009.94908874,0.6891054837756035,3017.152761760759,35.40687091119728,0.1305038774843247,9.416464862458321,0.3198278134002173,0.0
295,18226.159235236286,6127.96684436905,1579641.362380262,60089.04012562752,0.6352403802166127,4142.984054070507,0.86109857064027,0.08996459882024758,6.7672725957408915,0.12280078960969448,0.0
296,2794325.78861395,425270.14956136,317079285.9115869,12055476.605069814,0.6430151692781115,3648.97978191781,6.776175536588237,0.17646364107449825,11.531225922056453,0.3775444535632164,0.0
297,41552552.94770013,7619581.959399713,3148936041.2238865,163023121.6687724,0.5336407098816717,3694.0972773724498,3.8203633302182327,0.7995567953292624,19.672670171163293,0.12143532350930145,0.0
298,4028254.227913542,672457.1081530481,377824707.8228248,17011466.003414497,0.6422949115176885,3623.8975940775113,5.745139571848522,0.09972678006741739,6.920231710952332,0.2124156546447485,0.0
299,5222970.851633633,664887.779842021,435933074.3281315,22174234.725449104,0.7148779187692187,3006.8735039685666,50.196209340766806,0.12316313548673641,9.001310213958146,0.03659852146545693,0.0
300,25826.7296926802,9488.134969694347,4433864.183221035,104462.85204704173,0.6661426585224557,3478.1824222315227,2.413025807109628,0.11022066513234892,7.744518926236187,0.24276424988136755,0.0
301,28249010.503858585,7288245.994936474,1903627339.1657627,96677911.85041651,0.487452108311779,3337.6754218386686,81.48315157749735,1.4655909930453361,30.109433990504687,0.10233559659163355,0.0
302,14048.39744022956,2226.7427033431654,3246573.146155075,72658.54962839752,0.7428264081185844,4041.018555187079,1.844779903181306,0.0774771417960923,5.4361328712616395,0.103676542137556,0.0
303,478133725.0933901,230664087.24646384,10671867480.07808,1046945951.0434072,0.6959165128825708,2152.701057327937,16.731981605853687,0.05078599212992936,3.66057314712196,0.1112178666796322,0.0
304,42858549.85914819,5644025.830617723,2515451890.429188,165881477.67061493,0.7661280541435886,3438.2399392251627,22.177939884523127,0.08320595424233188,5.923858079026461,0.14234201207290564,0.0
305,52771525.28119441,9871287.914784228,3714747750.2096987,190593431.7043793,0.628427192986741,4244.049880320393,3.511775292684552,0.1232298943113034,8.295325135830486,0.14559599395265355,0.0
306,26086.081889817007,4686.159976131598,4482336.15278122,116766.38859403595,0.722493813025612,3776.8863482512197,2.591296381042522,0.0648789846717877,4.584228136029559,0.18139742686767915,0.0
307,5039703.117611994,484854.0113228086,561343863.6567166,24045650.507305346,0.4177389388735131,3573.013028393195,13.24137760302852,2.21144015946797,45.74340327905268,0.14311351694884633,0.0
308,4441487.037903098,420107.69659222773,855697305.5319097,24521990.499668278,0.7412594279865242,3503.7698208907427,10.797450518846443,0.11977335616308968,8.024706579358849,0.25429760442349886,0.0
309,110009.72404740076,47322.48297304466,6037770.756498422,281458.0682194395,0.665034431683752,3765.9968275196106,4.065684391646337,0.8699172849174742,23.82813531079494,0.22258165904793797,0.0
310,6573196.441798705,726571.5694443844,745477925.7665225,30793662.069399774,0.6401097399320527,3778.5282303628637,5.372960159393821,0.13330138403908717,9.939632864611676,0.4005079440688527,0.0
311,3825536.864108841,377723.64414765686,858013902.3532588,21661676.770692743,0.6018329686131765,4126.054039133782,7.25995420322835,0.13432350208505978,9.418847981346923,0.357105759157207,0.0
312,3773643.963755694,648174.9981955785,327643867.2671043,15867954.683082566,0.42704003389279344,3266.730125594432,27.447071651753006,2.137453330369285,40.22710847283134,0.22171813262721274,0.0
313,1840.025722896486,303.42164221610545,633624.6363512928,11003.760772956239,0.39447194750310366,3926.131801510657,0.5734091063208208,1.4633428084027684,29.80984536822392,0.2532448258888533,0.0
314,21571105.894134358,3015526.2096927133,3907239628.189521,108463108.31274447,0.6752074305561816,2972.733225049581,102.69010512168914,0.17073128854911374,12.356650887814284,0.26096268964686453,0.0
315,201602.40655387106,24571.24302522246,29287263.811982036,962460.6150158837,0.6363384984019175,3792.415662332489,7.130018651814521,0.058279907870691705,4.313607177056253,0.29021976048404713,0.0
316,8366.429362492778,2169.9283036013708,1622757.23376235,37558.12533041295,0.6582106634482721,3821.382239697257,0.8673277672590568,0.11040946839323622,7.648954083472107,0.16903081529391328,0.0
317,4440.06587323429,687.7829030157061,1387326.7124823728,25510.98044571427,0.6916368016870287,3561.32045508358,0.9870488717796397,0.1297119625730833,9.474166316478428,0.1619293726913385,0.0
318,228646.972436465,71047.42411446318,10744618.170254473,654570.5996925456,0.7129657310030156,3714.738281579333,3.56860504292888,0.13815147707934292,9.433601164385509,0.4150846944136168,0.0
319,1293291.1878456417,81901.45192055477,539949238.1212887,9346402.62034632,0.4023494553280768,4082.2917233658723,4.946335320560605,1.564012137936026,36.57740484476564,0.4364510184910663,0.0
320,229980.59181559528,32527.970541021186,16723126.19278577,885674.7683548378,0.7170685159602395,4258.304869607138,4.600204686940333,0.1898695480539451,14.008120341112328,0.2970415403101895,0.0
321,13448308.002256101,2152430.215248135,1526170078.6991947,58072017.62304578,0.7042813967775724,3704.109717379062,11.263241861633926,0.12467145190398173,9.125326608184988,0.28469061816803803,0.0
322,14771.741255374538,5825.830952835478,2043903.4026486606,51663.04964622979,0.649570705745971,3332.991851926692,2.0769281555156054,0.0469054739110276,3.29345866131344,0.255294093945003,0.0
323,7867.388286553553,1665.5734793902052,1802145.5291019294,37502.060692625804,0.7013118230509049,3305.7535646943243,2.376230416287635,0.20295336043071144,15.028679406838597,0.4887467550420118,0.0
324,10819180.481272865,2566319.1366871903,528471606.51300764,35090219.74045111,0.3381134792997089,3869.2477502750835,3.2533191722169974,2.144016916743584,40.38744687516188,0.2960980939313825,0.0
325,639226.450378345,57445.20678007061,83864504.82617095,3197725.5721600493,0.5187632772076614,4004.8419105545904,4.522178490293026,1.5458498413145616,35.84082251257778,0.27008638074342645,0.0
326,28366909.88735807,4218031.135622426,2651414779.143939,119155712.58162913,0.6724893304223765,3593.821963073243,17.508736611456097,0.14397313476203405,10.322406774212435,0.2872655139515889,0.0
327,6936561.319400897,660412.38669673,912115944.2902848,34663388.179710165,0.5606857064960196,3120.740814030396,21.19786538238076,1.4642317141941705,29.874186323252996,0.22315872264121162,0.0
328,3819.8540131925597,380.05328498726055,1402511.5134785294,24481.926226569667,0.6256951248716778,3708.6961442317756,0.7572779344772915,0.20153005161478238,13.00326611694562,0.1952380983051142,0.0
329,17399470.84778407,1662724.9938692772,3137882184.6001143,93571251.63382325,0.7432639937655454,2702.9964769886574,207.87351886810544,0.13137543020491949,9.955500794545081,0.10756692459878234,0.0
330,8187674.338608692,1093612.488969155,860163334.9524899,35774564.975087464,0.6527284015814316,3704.3080340538168,5.945730822859355,0.06471709596254013,4.685754650497023,0.33272993976967474,0.0
331,92904866.07780118,7753528.091240379,14159954914.81957,493265128.8238956,0.7202525248844094,4042.757270518874,63.78254046200641,0.15479525004575914,10.708692594131454,0.14626894277550145,0.0
332,4364552.792537996,979007.0706590663,94548235.21067649,11880475.207424724,0.6939307464214843,3644.9762251979573,4.302661386062407,0.21610881290236766,15.284488822691742,0.14212725374612828,0.0
333,4942347.265913179,1190362.628976186,114446750.99095535,13413070.72699578,0.6975077000422251,3684.063970867687,5.398729977197996,0.14417311331936009,10.381326073504948,0.11390453093874933,0.0
334,3188.801614000398,487.9899012115942,1030984.8987484429,18321.00534065634,0.48514703074841564,3709.2825591001983,1.5667217929345354,1.5099282818530395,33.10481075495951,0.3874017757677745,0.0
335,10987807.877864573,707564.4891783416,3281918404.5481772,72635748.32981142,0.7120788244482188,3259.1404948466406,21.486023523425757,0.10967455705282311,7.963181979199648,0.2996118308264465,0.0
336,12531224.572486553,1380337.4024382536,2741442995.3557744,68808138.3284763,0.730593946538159,3256.8089274911804,22.993867928961873,0.08015534714781261,5.67061092765437,0.3367984422935302,0.0
337,1375578911.0056257,757502993.273483,16402991487.432446,2406625601.281017,0.7027513399228729,1296.4450432941812,152.6593457819772,0.8188782230858991,20.57264988142261,0.06439382574363328,0.0
338,163359.95186008856,157508.12233358505,2195730.9745429945,208073.23809414025,0.6373932307607404,3882.3079487192117,1.223761535173213,0.7259319672827369,14.153554672549978,0.06952899407492018,0.0
339,26383714.808142558,6603568.175414957,1606101370.1601198,91068662.25842711,0.6850158402596965,3650.418035586671,4.64368219207274,0.11989925782124385,8.72951190461635,0.2103495094899285,0.0
340,3410.2631358734434,896.4419599776704,1219577.849422197,19681.890066007447,0.7255906143588178,3942.5845076106893,0.5342215860244134,0.10752700711832971,7.649235197360483,0.43676025117062484,0.0
341,3983.1027063076735,720.517041329302,1332295.5010233964,23395.265177313064,0.6548285799822022,3569.067153098912,1.2621918333307043,0.15497380705435154,10.54798114090811,0.17758285014439823,0.0
342,8541.030321443624,952.6217226766734,1785135.0696947419,44798.304773888216,0.4868184251086866,3709.581478751071,1.5408733233205631,1.4915984578973993,31.56658881263001,0.3042554351093395,0.0
343,40380624.70194744,4067263.2365926793,4375088327.633555,190425316.85117322,0.7581526439413918,3210.7069093491873,40.07825607138864,0.18698171658919546,13.568238933122183,0.2767541476521909,0.0
344,13428.892480631286,2410.1445785870233,3644589.1944715516,74914.3739802668,0.651479211832259,3740.0487552809627,3.444679644705459,0.08023886775727869,5.999702483333662,0.3538223487334013,0.0
345,6429215.976869265,897118.3070622804,670684468.225932,28143581.66833538,0.6756219642102732,4154.982599134614,3.7766436734825786,0.15549069430053022,10.544775656701592,0.20880625062353275,0.0
346,7979.321503992784,1505.353436271523,2457023.4180195397,45082.429235093645,0.6985391353407872,3612.6201910825434,1.7117026932831594,0.789322727897103,19.212932177506218,0.35214085906715253,0.0
347,20030.28591495791,4287.342399043687,3223878.4125062833,87243.82156771298,0.6714989110706531,3440.5965646168015,2.2892748428201046,0.035536366071988554,2.6105710334746304,0.2578760058440333,0.0
348,57175050.509617046,25265723.266116664,2167512049.2251377,145048086.64025086,0.6879776612750679,3893.821606044543,4.8863849061434355,0.12906007280649803,8.915084059588708,0.04063920772840549,0.0
349,26379521.523542333,3291884.673736515,3751504061.1544976,125199651.191505,0.6630661014837564,4246.075049438335,11.676227922934471,0.12567690590904473,8.654870048697765,0.20010177052798617,0.0
350,433937.0670624833,47787.42253092794,70433283.57792549,2161298.87564595,0.69856414480543,3434.0805287819912,0.7908760827374398,0.026958319689963605,1.78769437647953,0.23689206459051687,0.0
351,14919661.066999841,2213548.5288663036,1840085357.0825477,67628469.89102283,0.6083823890244419,4058.316371495735,1.2997007713335227,0.07992829138237942,5.6553649010145035,0.044833970266517635,0.0
352,12293757.769770714,6898228.341475109,74843194.34943594,19648057.82266629,0.6568560329368384,3458.647764291525,5.297159758342697,0.10619783305362089,7.576843691176466,0.06904775576276902,0.0
353,16153.98429249755,10571.676770093192,1716775.0399358303,45438.01418268265,0.7979431953327631,3413.356041815936,2.0709651259975677,0.14821601072999604,10.744780504965753,0.17990363435808773,0.0
354,11719285.712511579,6472257.905092092,230240211.45744425,22105259.340483062,0.6751989957944916,3739.5469192973082,4.416189129366072,0.1611748918093853,11.439785562894736,0.17249013911923833,0.0
355,48515064.88164531,6071660.192940628,3133488443.454385,194090608.6951449,0.7637046310085184,3625.826872133174,26.456510822674083,0.05507993268962341,3.7848693371087236,0.11422374967864027,0.0
356,43394.25325261622,7192.639856971729,5309707.139127056,197006.66196914646,0.09495592545055169,4054.8063380209796,1.8346766424100036,5.471546067888669,90.95973066835384,0.2518245267731717,0.0
357,64121848.9431327,10818513.41123996,2596695871.088401,214228573.23461747,0.7622926355730326,3301.151355219483,74.75615760067924,0.13236144060589866,9.732892654310358,0.2271719023101111,0.0
358,5936005.371491018,1282859.7532133355,311488431.9681128,19005503.466470122,0.6515310098996049,3741.0932345151896,4.966410860298349,0.7799223842261267,18.139747875563565,0.2895375688308663,0.0
359,3333264.7426998904,651561.7801204729,147040067.24732324,11059814.211510597,0.674367825541611,3741.650267934975,4.126649889612064,0.16158289779233587,11.341434803230678,0.1239411310706843,0.0
360,49595173.98452047,10410610.062881837,2641307963.237437,172231931.621299,0.6640506892317702,3622.8705239419614,6.601710763939755,0.11808062658929197,8.550997681988472,0.15597172645296256,0.0
361,4123517.813893686,447994.85952835344,459040020.6680832,19339618.30533936,0.8058041786266831,3306.1511472874654,18.329169493145805,0.08023249260585281,5.885921266979091,0.23843118235125796,0.0
362,1476220.458903278,135039.2049540694,269516860.13733155,8032208.781547638,0.44107319088238295,3660.1074600318116,11.432268814365772,1.5384415427285787,35.3351743481699,0.2275001380640832,0.0
363,90584.66150669855,21966.38272252908,12697230.077276507,394809.40825137915,0.7806742357812897,3604.3108726263185,2.683517616095665,0.12400323690831971,9.103873271907787,0.25991765036676884,0.0
364,3348.1993255546863,440.0070324206492,1296812.0443914826,21324.82077406332,0.6587859936002648,3660.6296920268005,0.835369457735261,0.7156052102523035,13.848434609342593,0.3854607470648589,0.0
365,12300749.027730962,2338520.3495211424,385613905.52061206,37745222.29364896,0.8035316530145848,3293.709987179819,104.87961479625801,0.1951329370666076,13.938893330786456,0.16341204555411917,0.0
366,9189.218787345253,683.6900686069669,3090188.295738281,59322.79802925703,0.6478576772211408,4246.1175964733875,1.2223750989167035,0.11049384118485231,7.704197760308714,0.13758164764654304,0.0
367,39061429.19327565,6427342.717432244,2365368660.2623844,145585804.80032083,0.46625858667587333,3885.335838417608,42.09862582368989,2.126222739553726,39.571635872796705,0.15209490414147653,0.0
368,28243686.74530047,7516720.028876876,1448579960.0655482,94446452.21011463,0.57073827819711,2991.2939331561374,131.01719078012692,1.4358550726109347,27.750190999280598,0.06337664430061178,0.0
369,7660.641748912472,782.8324778247473,1762815.4481806643,40787.2460340151,0.5065145401010771,3955.3060590567447,1.9516862994521893,1.5159064839447307,33.59184792749482,0.31023120266881044,0.0
370,7815.2504932483225,2664.912245537621,1901303.2835802312,38014.31394644901,0.748155293097145,3597.5589963390985,2.2245318709957904,0.17200050316767168,12.46000191201425,0.4979578693934016,0.0
371,294745278.2417693,98297567.54433784,2696786314.5034556,613171011.319763,0.7569380378728298,2773.8779214809165,13.236058436323352,0.1098056693601988,7.94468888681607,0.12469381805205669,0.0
372,9337535.644186348,574175.9370013903,3024541898.4359818,63127628.10522701,0.7071027108861069,3328.5856275792057,8.707176265229991,0.23550933674151323,16.969289702520108,0.29493560724530593,0.0
373,39844659.56225691,4968417.284558023,3547505266.741763,168473273.8811779,0.6963880124571215,3785.440641377609,13.250815858441953,0.1691688093886424,11.628126808539372,0.12021628858090701,0.0
374,916385.1518124162,53532.95082896061,386520176.3208552,6730646.166792271,0.4660804414911272,3650.3404741862196,3.187057702565238,1.5184492468047168,33.57973655413705,0.4294852009320578,0.0
375,4999.970509961623,1306.0287483055881,711405.2761394856,19186.70762227512,0.07076385290130115,3872.6430473665378,0.9773570049936746,5.432270006642036,88.57942534443876,0.6046559255028618,0.0
376,20056728.573953997,3632339.7332142605,710331235.8626022,64697368.08173294,0.6936438859923156,3923.682235720501,6.307708408141421,0.7334253132386367,15.003229618854443,0.31431488402909447,0.0
377,18565666.903175853,1297937.671796915,4128252185.009166,111975713.740647,0.5123973482199812,3572.168076846137,42.51517391653087,2.1168548931848856,39.07100818220387,0.24597779304181594,0.0
378,8180959.431898612,2801388.334426898,82324842.20682766,16921093.434831038,0.7528540775441772,3296.545458749558,22.18464308873232,0.07141359548572987,4.936480215568183,0.10776584018701592,0.0
379,168255528.35310075,59999492.844293155,2984626222.726142,382033635.6298666,0.6603071381004865,3345.424629776676,15.664927886980553,0.16882529377333952,11.696277338761323,0.11870750369984225,0.0
380,1031049.8012546299,117319.33348250817,120509233.65645257,4784118.862717723,0.7191751513034821,3874.811663707597,4.169660893404937,0.12435187256142281,9.140573990972015,0.11266611850885057,0.0
381,69273.49892264472,19992.791570884583,4897266.045256749,226605.6478417279,0.7589371858015126,3517.613288550369,2.8969985705606387,0.23908317220069666,16.359363113810456,0.3790498033247228,0.0
382,281075505.8227254,57753815.18521352,17264051933.55736,1026002746.7955725,0.6945054321296116,3572.0548022128414,7.304998556677846,0.034390300483288616,2.470776013372516,0.10489213374787876,0.0
383,23644.73328694149,5627.836216234258,1989010.4945125575,79972.3886908659,0.7062183895239664,4013.243663137523,1.101998964123258,0.12079756449497961,8.044743223796479,0.01589066308128052,0.0
384,2844745.2612170707,298850.0447295163,288969794.7612195,13111376.79509009,0.3996221799901861,3734.8559068627487,7.686287690269223,2.792054794354577,49.713926491492316,0.1120257467312545,0.0
385,516923.5778366656,137447.26842125945,31242236.042001694,1631091.4583783944,0.6416908068291464,3858.904806687186,3.4928625046388753,0.8755586713536789,24.420627303636632,0.34400488353269004,0.0
386,240402.6411589574,21240.93127643,39993598.13832612,1274940.7012014566,0.6801056243716728,3912.5567809619147,3.1969269361307937,0.1308609644441475,8.977145571851434,0.27840485608072524,0.0
387,19399.3307725102,4390.753927654976,3215053.2333940873,84268.14736381987,0.6069981514424538,3536.051138805085,1.4873195809306685,0.09154580286791703,6.154755017349494,0.4334837741438043,0.0
388,4700641.56783176,950610.3140196765,437372699.9622979,17632800.551004395,0.7262791550487492,3522.999152767631,16.95905706026723,0.14086934811885765,10.422308983438608,0.3753712611887213,0.0
389,1641379.0510011585,843219.861928264,31287723.841391206,3550296.4547643415,0.7561142403752001,3489.8245040294223,8.06779824868358,0.051581825814455765,3.2831356374695644,0.20156312217713301,0.0
390,79968137.09400079,6644481.194506748,16171918377.91121,455213447.8720263,0.6153838913689119,4107.317958302853,8.374911596784026,0.15783907260585242,11.158947825170449,0.17649758764638568,0.0
391,15679499.567599276,5228291.765314711,148134426.67087042,32646440.408494554,0.7257949482006951,3725.734005094663,4.543079993061535,0.0994510905175173,7.08831372375835,0.07201593620175607,0.0
392,27679235.256964184,3747695.341658053,2569389194.8097944,115247985.10532108,0.7400586794528483,3016.0749990888135,101.68518353641002,0.07452241459459516,5.341629462606453,0.24951542726497955,0.0
393,87290080.30654791,17356534.61642491,2752419276.059237,264052254.11792892,0.5969722370242324,3907.8943434116572,4.412731625176926,0.1288552534402851,9.201600466072708,0.08188061858918017,0.0
394,94925484.33119094,10481031.495705642,15200660957.419674,487630111.8933029,0.7574270082284994,3189.064892813505,63.19689995116856,0.1011117136065395,7.381712783373779,0.21946847332461944,0.0
395,218856.02081396693,49459.54182746539,17010375.44183517,792517.7704526719,0.7543702835302659,3617.3009436781927,2.5198127648885693,0.07747912587969034,5.735562920434428,0.05134746878954115,0.0
396,280268830.3352822,74341334.4290587,9033957081.317265,802421853.69437,0.638286421411736,3618.808852095657,5.153323376003477,0.09260236497377372,6.651158691228806,0.11233036373034323,0.0
397,18007.372275906033,2031.6992802502318,4083445.394493195,95647.57709384269,0.7199946326350257,3742.354317982944,3.1743254704183106,0.12755261946654564,9.254310317303567,0.35183966837496455,0.0
398,178236.06199491242,58909.631651107884,17197905.247597706,648335.5376078928,0.711910293785426,3901.355018283798,2.7534385638565593,0.07260462290111205,5.3351208482085255,0.20748864367804898,0.0
399,12619322.804954728,1681697.6828657507,2813229597.032643,68846920.98951358,0.757359760822987,3206.102426289222,52.567272431407154,0.14929238293164343,10.867998212427064,0.2278632959814978,0.0
400,11389004.8103074,1265914.3391663847,1254571423.8975787,52487611.69276666,0.7199269536216363,3812.2299423244763,5.481862919651429,0.06653691536430388,4.725297442047247,0.17962695043993987,0.0
401,8583895.347118959,1457875.3101772491,358377392.40325874,29359138.57910931,0.13081308916231205,3738.7584786877082,5.208855162176836,5.517097522721781,94.35735836453878,0.09337537050654991,0.0
402,11414851.452752229,1865625.9366605922,999796692.6552912,45678399.45346393,0.7765520774545912,3111.4748743668033,92.2481398295843,0.11894705813354892,8.615201994773958,0.11563038110104597,0.0
403,5519.493579531364,1736.4981404686744,1418906.2463251534,27247.717126565512,0.631706975695272,3283.038431033202,1.2341428246559427,0.08756190694372953,5.993046363602342,0.20675067958975102,0.0
404,150006267.79971385,11302454.341912,28392093076.039246,855461267.3636179,0.7750142643543138,3219.867707661637,3155.8154366312096,0.16932609847537838,12.344733642333399,0.05922593134191896,0.0
405,9311.216377802062,3910.5606033720824,1215366.4458129494,32152.76861310691,0.6399180081182335,3546.393279888358,2.1592233807947925,0.20903364993436302,14.625422888479061,0.31303590739330817,0.0
406,7486.301455445881,2616.3137938715854,1809696.7240109488,36126.785512084396,0.6351618422671834,3551.149409075677,1.6723998073072193,0.09336875029666195,6.256825405759105,0.2622639946060108,0.0
407,1296518931.563026,632250743.9363974,11862774324.732426,2278774323.9662867,0.13192303033916342,1307.246219700477,177.032771914034,5.535956892713846,95.74186039475885,0.20050956972836464,0.0
408,9070674.608246658,779196.2811559092,1346504726.0715866,47616217.14086904,0.14748043326475332,3420.5094646383905,15.081715634741403,4.117839395597992,69.25749801364138,0.17639805331675434,0.0
409,19917297.701013207,2126435.037103004,1757202353.027539,88581417.47821341,0.7169386660869692,3907.9030754182286,9.471386777303715,0.0744826441724574,5.394159484086738,0.19551325762452215,0.0
410,9972411.749337073,1761723.359567736,723892300.9193641,37608578.775755025,0.7349646586134998,2998.639491422604,42.57029915787912,0.07022889343936453,5.121955055960436,0.33794924451402214,0.0
411,8122762645.968428,1897878830.4177394,239448791707.69882,23184075273.23862,0.685020551955871,379.80064684155354,17.839820236783886,0.09430567482459393,6.57040096946656,0.1444658141886109,0.0
412,44394.06486586951,8727.863453089976,3471718.637135729,157809.93550486612,0.5770899092594362,3826.3181291615774,1.3992463672911823,0.16223784566828287,10.929008007040498,0.4580262266229344,0.0
413,5470.834750825043,2066.9276037908508,1165682.4501926303,23714.048310241145,0.6585009118950934,3452.4247051712646,0.8332573829727666,0.041742437132734976,3.0834396143936544,0.19690342488540943,0.0
414,91302479.44805616,16598057.465188581,4330746253.801413,312245632.99293715,0.7366734630703242,3921.42958020909,8.773332658677516,0.08712362458009544,6.493399087158086,0.10064379781583324,0.0
415,13411413.67798118,1117322.9387376155,2590402271.712864,75978493.10328715,0.744159936015192,3130.216382463833,110.36265555261663,0.1359216698488587,9.909811595601253,0.2208825979505552,0.0
416,5065959.108115932,526610.8452626669,524353314.4111519,23211536.371180058,0.6765013049833097,4132.573350113788,5.121565582115033,0.17904045624334328,12.145544245364798,0.28859625715388226,0.0
417,374869.20728685433,61916.608553978986,26771899.13078102,1419258.9657863255,0.7198754910346717,4052.8269158470202,2.265687799705438,0.0891863510291218,6.547978120480474,0.4601688208337174,0.0
418,67028.36327222941,12407.634116645313,7607531.487490249,267295.38090618845,0.667714601178217,3789.294230497243,2.6422911533672844,0.08082199027275401,5.551896348481277,0.18491243858741999,0.0
419,98156.25038333055,20840.227021442064,7443030.832603847,357570.55314079195,0.3090646749349792,3470.955064536646,3.558555916258176,4.088114179236015,67.17652441099612,0.18899334168215381,0.0
420,19639.417043988477,3874.885531026021,2696566.9889011355,82447.8916430805,0.7105857007526846,3816.0103724395303,1.9290510857360417,0.19475176126768917,13.94645658642491,0.18213230881114045,0.0
421,13712985.818868423,2171095.724146519,689948456.790074,49324115.8961211,0.6115727562217488,3955.7894184171287,4.391994620178731,0.17916079344829255,12.715068851623409,0.11763834021255118,0.0
422,29095764.314493854,4740245.272570568,1703553541.5735564,103995168.17086753,0.7709790822404943,3451.2052748411597,104.29594702661022,0.09632695636993578,7.152664526307172,0.19893688403041812,0.0
423,17124962.22952061,1551745.991089974,5142960085.283135,106109004.28268114,0.6777028244969647,3598.7714361852836,15.45567394913008,0.11971060052100295,8.319730644954754,0.3974706013052864,0.0
424,199229.39541813638,39630.90402860442,11178276.483955689,666299.7819658389,0.7789231967243365,3661.791591227984,3.963415686010529,0.040175466457893716,3.032135656530852,0.2636899205424216,0.0
425,108206269.16230018,26353351.42000059,8053739321.017064,387624339.5315833,0.4699702551365433,3559.954596456555,11.978470050271335,1.4453952446347702,28.478672191176365,0.24731171319354028,0.0
426,2784296.7716395673,508062.70983967,192143312.56913725,10044426.47861912,0.5800330902082138,3811.516806861289,2.2322193187168726,0.06038586512487978,4.138196033339499,0.1129182081474366,0.0
427,26083779.212958146,2898375.3770758244,3718497833.0595856,129499800.59488407,0.6424818443052188,3884.5299925296576,6.587964062301426,0.15131354539480818,10.66392274227204,0.15435249499986695,0.0
428,23657.567293193024,3361.908943710778,4631454.250745781,118659.87115625545,0.6572878533260994,3892.6887899695234,2.4358490871531773,0.8244245098321997,21.29926585930988,0.24808321810245568,0.0
429,150508728.18726093,64343916.98682418,1842864915.531217,303598470.76196986,0.759059026384835,3352.964846865081,16.026835693732288,0.11102194984164679,8.077085675994585,0.10623046168431789,0.0
430,7342.506781536096,2709.8736715139676,1282762.1162593216,28802.29589051744,0.5289262142306086,3709.5475828775075,0.9017195699944942,0.7209254216646392,13.75649320246593,0.573810930395114,0.0
431,187162556.47758907,68366430.95627974,3722292207.1140213,430210930.76191807,0.47233721030320464,3053.917754060417,16.297516867732053,1.5311124432366987,34.039286354855314,0.22625620627640178,0.0
432,5293831.9006187115,645020.7545654994,430756724.4116992,22268241.124578554,0.6383173836850674,4323.30655599277,4.2388073429435975,0.18082700126203868,12.811243062395585,0.13521734700451649,0.0
433,291499.95655816764,79832.54924359664,22129177.18992388,1012647.846528863,0.7779317896958002,3418.027613709398,4.566139998663897,0.0663419218415151,4.836388335116051,0.3921213601935794,0.0
434,21608.998389053504,8787.97410799818,1968115.3362541446,69686.77936112971,0.6532946474942692,3269.792607228422,0.7746015819863715,0.05392168307269172,3.9369160284528304,0.29585719722000065,0.0
435,36881.614693982534,25576.614010975176,2706521.1608717674,95939.41452901925,0.6633491044182958,3467.2825140008968,2.4537782633846916,0.13381489829919452,9.244861670610174,0.14760591045920074,0.0
436,18561355.664940853,1708009.0009051268,2938819873.8511534,96656118.30539817,0.6108920281896062,3775.6706634423567,7.429427257892158,0.11319652016865903,8.109406976021916,0.16711902244541937,0.0
437,68938650.47965786,7993387.344024589,8222328755.5709715,326730773.67079425,0.6346286888568317,3657.533767586246,5.571233936252705,0.08653363348387746,6.471639920195765,0.244306174677349,0.0
438,9712215.01015957,1408356.348387454,901647574.3353895,40221302.79411046,0.6355689297326064,3828.1109791856966,5.032916120435374,0.20364596967935994,13.607377274348062,0.05095951813352779,0.0
439,38705.393126962466,23961.166569083696,1733173.22940691,81788.04970985505,0.3896617637959748,3408.634571508472,1.9899536349496612,1.5319388554224247,34.4606022406316,0.3757563999466019,0.0
440,16755486.112804791,1456392.5978694966,2721117197.335887,89387204.50621502,0.6746603401090807,4093.2808975569483,5.65552177102799,0.134667072654116,9.12962116590293,0.1272360509628306,0.0
441,1068719.9057658864,445811.42089070764,49663897.677965656,3073629.963852958,0.6503238824483374,3816.1905695575097,2.597495005371439,0.15205268506344857,10.826179447673166,0.14875943102356093,0.0
442,15280.652855380735,3467.1941362059674,2921973.1839481415,70550.89444189271,0.7584944558832785,3464.199638748121,2.8867686535899058,0.1483475374315998,10.59619019637481,0.24267161678710758,0.0
443,124511.3467909103,33773.8578196859,11486209.791234776,467445.23243778833,0.7109845224931914,3443.3507078169414,5.163575754060814,0.30663298073046946,20.974542427763414,0.30817442759551283,0.0
444,9528.567055271586,1946.5853944397954,2323911.5028897664,48878.02156487825,0.6409570345715332,3374.5743264997773,1.1088805585584378,0.049476791518321316,3.367656697611669,0.177118796109968,0.0
445,193523474.77237234,67695340.46910033,1995489736.0011945,402304434.733765,0.715869374872965,3501.9470516898464,7.981492086320844,0.12128541809305951,8.800357918593452,0.05336343639774905,0.0
446,11898430.295190794,2482987.5777788227,346542117.326282,35570264.79967218,0.6798510599888037,3710.967010677635,5.034540881131276,0.12323820606145715,8.834439519405292,0.08745918830639904,0.0
447,58683329.12781918,11487564.883102933,4038331034.019502,218697569.207759,0.663846180910691,3664.1753150517643,5.431797414428473,0.1624217489815088,11.420829790176459,0.15540511810839353,0.0
448,683800180.9997027,424932892.17929065,15242677245.136715,1354928692.087519,0.6261352397001796,1231.9604020514607,9.242137640691949,0.15078913142200925,10.270527836855159,0.1987249998852859,0.0
449,25174764.249088485,6548534.0180644635,1375527426.5488625,76958581.88804652,0.7632231358928914,3086.544847099565,98.98889216417265,0.1716819686385879,12.351982189825083,0.2002052137132939,0.0
450,161304.2297065426,94325.54405851245,6747340.16619539,372385.2994830487,0.633152585311296,3473.5501780481236,5.607039717836841,0.13316406618747134,8.734050622444073,0.3227998858383614,0.0
451,162452.142518775,21338.240536045843,15089593.277617728,668051.1184236116,0.5735706053294909,3827.466833130525,2.1148126130544744,0.07739437959628885,5.465682467702476,0.15736416878611711,0.0
452,109597193.6868715,19755875.221887004,6377760710.310317,388000740.4604279,0.6758143394164763,3595.7273514903354,9.690535769418744,0.08736908356253892,6.3396520291149105,0.07804467865305675,0.0
453,12484081.25110836,1465630.6159262075,1733476780.5606716,62159920.07193898,0.68201200487177,3580.24274013825,6.129730795755234,0.12087529003705581,8.088273556171458,0.19093928067579452,0.0
454,5170629.735515644,725975.7734732267,734495636.4048486,24662277.169336207,0.6739585378739091,3682.7483381888114,3.7895624688837874,0.09722342666463524,6.89855048525021,0.3082004324261336,0.0
455,8369.226855793137,2803.954538619301,1453203.8917824163,33131.140319213635,0.6985903442242553,3752.4356869882618,0.6734619550227635,0.09312510965735407,6.249537392891483,0.18984822617215227,0.0
456,22612679.569809128,1577625.8029592666,5322393744.092408,138094301.62909994,0.7362116564904986,3277.8954991991077,74.21691956786519,0.10402770743232832,7.951233145219936,0.24864646562515172,0.0
457,99388.23779331832,15061.292409820482,8438828.080201026,393398.736757104,0.751136601479569,3738.5195964388427,2.670829810918411,0.07023121340477356,4.888557513601495,0.5539895288381271,0.0
458,38427.14024035587,34655.79946685768,1815463.3858341114,66883.37922561986,0.6294033378101196,3771.040710447816,1.5673788886322237,0.7186760740148725,13.642279828825599,0.16279840164404463,0.0
459,1442487.1087682552,119630.25202893795,335069508.1121896,8603665.205900608,0.6927025264924735,3249.9376435368777,11.488513028966443,0.2940676921325089,19.987359890227737,0.26577625624274115,0.0
460,14868367.891010422,787196.082790041,6016032797.926759,108968805.25188765,0.4951277614617548,3309.0774210724203,34.32513250669607,1.491421324482785,31.64405565148482,0.4224602590509408,0.0
461,15184193.217774913,5750884.172727417,533641368.5461198,42593072.45528778,0.7267437633156424,3399.971044823729,5.249190003152762,0.17220752739423925,11.927390403844061,0.20008084585781305,0.0
462,139015894.3291673,16156624.666603452,11129233380.065418,594369051.3981941,0.7956057506119266,3699.325367454266,81.79259650204476,0.11265503819589381,8.37341908949173,0.11419982785108042,0.0
463,11414249.245750306,1165578.4710378388,1663753834.9213274,58350967.72691236,0.7306039734043384,3739.877288033824,6.487149343582088,0.15672575161317912,10.584889839946246,0.19067540395896843,0.0
464,135816071.92696184,9545802.526882745,27739220053.258705,798817263.899169,0.7300860551824262,3720.3403839438215,10.149479880937111,0.08047712352940106,5.348139411081671,0.20644732364841592,0.0
465,2879549.866972865,364371.74940489576,189166925.23118868,11572964.017813697,0.6447929629099372,3361.0541191873485,3.0174945397837765,0.7295521591521049,14.736963741454598,0.41794848564274917,0.0
466,14825.98627921788,2173.9273907201705,2779965.066706906,70781.86170070388,0.7239393705052347,3758.6391667525845,1.6203888980333407,0.15597516363785352,10.408146958177372,0.3748203534178729,0.0
467,59591098.43609657,19466972.52444101,866029014.2244724,129952507.49941775,0.6506382987834524,3894.0310801378673,45.427085030586426,0.7713911583424389,18.523009496229413,0.1500566775456603,0.0
468,30822640.82953291,4214103.787612153,5422448443.764719,152773586.8475739,0.740219380650448,3148.746702456967,118.45682810598744,0.09215563107971159,6.456500810514008,0.3061609606484505,0.0
469,5664509.080739091,451612.85569862986,990441349.3373333,31412155.427659046,0.7501448488239739,3739.0054913577856,2.995596820485006,0.10605244213581866,7.224562765472788,0.06274057974753758,0.0
470,5874793.519646919,696293.7347956665,789767918.0352461,28218593.601653516,0.6941520677158179,4021.062880152635,4.100946341458968,0.08114262185577062,5.767979444297803,0.1977526074847572,0.0
471,183003480.983832,48225669.57797303,9729810505.161846,596023247.7749124,0.6638397050197565,3381.482817566655,11.614242735870938,0.102477002314268,7.73026015921306,0.08936563654521253,0.0
472,1399050970.5098288,345939524.7090524,57935159382.37888,4185684279.6614547,0.5302311073879178,1985.1944238484425,44.325480986172074,1.456027274574208,29.137707677678844,0.22452514382024677,0.0
473,61713581.25788321,26475953.259464625,4804674980.006231,208767087.77513427,0.7454893205948163,3492.220432819151,12.634639855721888,0.09399911852681724,6.706268538562836,0.17077085945205808,0.0
474,8548.114639875601,2395.397814979487,2259750.0649691923,44191.66085613954,0.6179198110244044,3306.0073028316965,1.5207732630707695,0.11220703030844854,7.206006665105863,0.211076570186249,0.0
475,1887938.4716758002,151215.46000990586,470301330.43639565,11562952.655479612,0.6648832146424082,3298.8710455776773,12.675228389090151,0.8897728989017339,25.75282268233144,0.269477919017491,0.0
476,2377.772718592666,521.0755075732962,890675.5673024124,14030.608108459943,0.6826241396781698,3573.027849379763,1.1020989165433395,0.21743703572114237,14.697580541504829,0.08242077218440044,0.0
477,4381021.042523929,592362.3695815644,278924641.0056289,17100053.441670127,0.58602041471178,3288.776826465826,13.9670485963791,1.4839637503545227,31.146138117052782,0.33154085229610125,0.0
478,286300337.967007,60727501.84739842,27539059700.05367,1175594815.2032738,0.6538640030245781,3441.0611717460697,15.070320318264676,0.2020203355970513,13.779823675374349,0.16823689578437295,0.0
479,1763488.5893739164,151188.50872648816,490376413.1897022,10717032.490012277,0.6566335245434332,4003.388435635172,8.41060526172565,0.17365569755782434,12.074953606416177,0.3964393432451703,0.0
480,3524246.136942846,676346.2916541703,278937498.2055767,13790503.4074102,0.7525270360285071,3575.7961597339363,9.300409226229982,0.057037897927580426,4.120205827432995,0.1776491225000212,0.0
481,4490945.821622686,911859.4118376893,166311370.3555637,14202967.73233125,0.47574643745845985,3727.8309658476437,14.405197613753788,1.4591040193708558,29.480014734135814,0.2827866749431003,0.0
482,4149889.8458254733,865141.2550255563,332354405.28490484,15158238.063485732,0.6455277543999998,3833.047046351425,3.6153498188183937,0.11708416392676098,7.783726382505485,0.23077610822761352,0.0
483,15782077.118621927,1818015.09200051,1531512199.497195,70579247.29197825,0.5642056253927745,4057.026127400174,3.365079913665305,0.16965262636768186,11.86350538686011,0.229939469776344,0.0
484,23996377.46331262,3881293.181072557,1302312593.3353744,88101176.79046686,0.7183880174737446,3606.3611387598094,8.714895892804622,0.14038937410225288,9.991044041837416,0.17773250799281656,0.0
485,5057.053748020459,2433.061634099993,1265229.5128502757,22578.506290696405,0.6304514338666733,3743.273699167973,0.3802689148695757,0.029121167623419007,2.05891551811895,0.25603589726583914,0.0
486,15579768.70927631,1918228.846236026,1405075659.4143634,66858069.64501659,0.6889464593203569,3469.566554493668,10.739017992993972,0.08519768097377237,6.242040787753348,0.2743880295321766,0.0
487,10647488.636007842,937544.8171564874,1672538108.3011677,56304395.62474028,0.7728405808192722,2840.7101094181407,64.4770264421744,0.16797006447457416,12.009893284042297,0.19718126465801208,0.0
488,5466912.403176849,1119045.6651061068,327845778.0034469,19390486.51159503,0.7231491460088797,3933.0589940209175,2.1245046328593533,0.07634845885702957,4.989403110674826,0.1763300880917536,0.0
489,28142687.314966083,3150198.922069803,3020080637.045437,129496659.78182259,0.6175452273010773,3726.2725716608556,3.167709963795662,0.07045533131795718,5.115945458539736,0.15845845469854594,0.0
490,3607788.8074333942,374147.674491361,343804201.1915637,16356989.12405113,0.3196806056592357,3738.9660695106177,2.134601105940766,3.4899040723695967,61.945970626689224,0.1391250450581245,0.0
491,11748835.652027056,1539563.285686968,1122785468.0981653,51116633.97300748,0.766169703055141,3823.5142693175776,87.25903363651341,0.05907677960676612,4.384654060142145,0.22244000642498618,0.0
492,13458736.529579774,1521623.983209853,1188036316.6424308,58842024.207745716,0.7121266152329537,3681.3935377899516,5.325410266321354,0.07191576903984132,5.181818353500556,0.033749586801288145,0.0
493,22461.62875211298,4024.1312177204636,3263051.2925607823,101389.12051257162,0.6297769723476851,4205.051781802482,0.9180993236695772,0.12619323322617887,8.977704584952596,0.3816569939199809,0.0
494,5826070.182936466,592920.2202887618,801721404.1603225,29058436.296462618,0.7793186575465079,3113.477824338919,11.5456366250305,0.0939225232228444,6.63601678778682,0.18330709129364411,0.0
495,75431091.46787181,13508874.431669544,9084615613.06011,333440372.0813453,0.5751428702875672,3965.736343807596,3.1164385968258537,0.08431523154957796,6.241843641318137,0.1220493075574355,0.0
496,36897032.66910295,6306504.102919967,3643178209.8936234,155832537.8333188,0.6221888954667386,3686.559014699128,4.008228423997579,0.03738845841369622,2.6271852290333113,0.16095182792704724,0.0
497,1888403.8098564968,256497.99443213828,234586663.41745633,8646933.705348348,0.7346649609959576,3444.9165597235483,32.978424334560266,0.8137223134167788,21.172448504298323,0.18972302128229548,0.0
498,1415945.2132409099,316814.6739414815,31844059.987642813,3861554.5739252963,0.7408963470177554,3642.7030275293528,2.4843892102228646,0.0842190724763805,5.974958068555386,0.1315536895280258,0.0
499,9031800.976911386,1259376.3527699695,1617471987.0579731,45264696.44424232,0.5971844513745835,3497.291979715947,13.767885351996652,0.12561444951676393,8.32893835268745,0.1855856195434435,0.0
500,24778651.73299414,2516765.5714297607,4618589011.59915,130459200.89253072,0.6865384666458618,3533.811817663067,53.50895264078701,0.16473728336329216,10.88310841216162,0.3694522569666605,0.0
501,3839196.0798790706,359782.9930564415,450190832.49271137,18668080.558597285,0.6964943401507435,3613.912364498932,4.922823481841222,0.17368564863437913,11.924847872904328,0.1767999542876157,0.0
502,124439762.5722206,42782599.83571735,5072436881.698947,340399585.1938399,0.6608770114043688,3655.8778375696993,6.17501940008282,0.14099300028770018,9.53156145204679,0.13116479611559376,0.0
503,217575.82909173588,126436.80804282839,1640265.6450916354,327470.4248189524,0.48389193617823417,3305.3892369252267,2.819536539212815,2.839151798833374,52.896631796110135,0.5202267795123575,0.0
504,39976695.27223772,5011632.132953011,8054649879.926901,207134412.26797956,0.7263430664379728,3545.6139422933065,106.13409984889087,0.6690141273060533,10.200801690831561,0.2959366535353573,0.0
505,13028425.83015031,1577266.2627318702,1140309389.0890927,56296097.32131424,0.595849135436824,3891.1641582866905,2.116324021553133,0.10721862464583695,7.335004713634173,0.41757523831403814,0.0
506,1049939.3023793718,123420.76571788841,220675345.97924438,5899186.118794138,0.6688640546015463,4155.477914970891,4.37836478498711,0.11660595308961233,8.705580090288494,0.20194916036063817,0.0
507,2379973.6337717776,316526.27406173234,205990808.66354498,10047245.575076234,0.6270033587184466,3736.83075118945,3.85859557875421,0.12251366321777875,8.607987848230469,0.25292368222375067,0.0
508,16366985.866221488,1353813.6039736387,3449386619.953843,94960638.97754575,0.7055014229675816,2929.2544917006144,98.85658799408252,0.1252681097377705,8.8326006456396,0.26851766719688464,0.0
509,60821.87720789244,9556.597448872062,5979046.814182219,238855.05148932393,0.6590358779459995,3850.272634951881,3.1398585436437614,0.1575847060962447,10.479890992365986,0.14513527185141803,0.0
510,37177569.813248806,6849022.020254098,2063245743.5533245,134449354.2568591,0.6921293535512876,3453.210943365581,5.0803728992675525,0.11104062916526666,7.383239171401816,0.11256666522416173,0.0
511,1869.1269528808493,320.4686855426919,719718.2453975141,11306.84506178274,0.6178605219118726,3762.796812417209,1.0250842982569301,0.205114685515829,13.867391169851313,0.4355307268314855,0.0
512,1199286.2343983748,148666.67324987747,196839238.3296185,6044354.075186895,0.66376463238883,3895.373717675403,4.446882888412341,0.10857239309810111,7.360930295977622,0.22056953149001504,0.0
513,427155.0381161402,132391.04932840265,53891945.56123135,1808466.898685642,0.6316040124956277,3595.3607383787803,3.7044318862019128,0.1204073052500875,8.491458919631759,0.35060421243981477,0.0
514,7019130.220653044,1141771.5722284322,633288691.9523394,28720223.00921575,0.6055684500135377,3862.799831510938,3.4018353556878527,0.10071547957876481,6.863540070211475,0.15803635738089256,0.0
515,9156953.174605062,839100.9669070325,1375556108.2575023,47660601.53769996,0.7544482534928245,2927.2278149810036,83.34797190239355,0.18932844103248997,13.267629632281219,0.23863717573716803,0.0
516,10979.943754845965,6450.921169067185,1597714.8735614084,38031.09909423115,0.7004474084236743,3300.784022359303,1.075597213147423,0.04382949716622413,3.2709533783587843,0.38824067003349266,0.0
517,12200202.409197731,871130.2211396986,3023605288.5520144,75044932.35912463,0.5525568526734832,3369.6470362477744,11.19907930932076,1.4894568473719345,31.34149393223455,0.29780855799178474,0.0
518,27658.267714685597,13527.98104172831,5643929.374194504,118133.26676533914,0.7272279652874353,3775.309855308846,1.4143424826555955,0.05822266055194074,4.126198065814094,0.11296228420271294,0.0
519,475532460.4067744,113092344.88814525,14146000905.639597,1359279353.4728234,0.6619183763430824,2795.6526417907126,7.731963177480549,0.10998541934032265,7.611549006759846,0.16765887491477233,0.0
520,21674943.884261914,2643105.0119229117,3407642194.0321016,108078189.37296443,0.6667594340097752,3887.509716247676,39.65921937501915,0.18765715721938872,12.59978874302877,0.35989679538638475,0.0
521,15440768.869901333,1683293.397789169,2684374520.5997915,82273743.78749317,0.7737424610827448,3132.0236909892556,108.29281297731022,0.7250227594693084,14.214764772303266,0.10504854613114795,0.0
522,627588.2904436252,38132.83314862872,218969582.86292845,4324465.954815296,0.37049129121996655,3303.0039147135185,1.4332768869644261,0.9043668192219243,26.550166434157926,0.3058815892748981,0.0
523,13251013.361393735,2390498.5847936436,701035650.2471762,45064186.051589444,0.7357573576413732,3518.6423639547106,16.65050129292085,0.11193656567024073,8.114932500177934,0.48323175663908197,0.0
524,14621404.71800513,2014508.2530727547,1752279735.562395,65030923.73455211,0.7873083681905825,3049.7352411879046,80.26058350026163,0.06571073185989507,4.69612871295854,0.1891918509638176,0.0
525,24849796.788110636,3670013.7306772373,1512131844.7864478,94723929.09581074,0.6991355492825522,3397.8574715494765,8.925597521814844,0.030568469366878938,2.289102765913147,0.18936669074896562,0.0
526,5661.116472944885,1684.4401687124496,1522335.2243020923,28176.910941082722,0.665153228508192,3520.5629101581876,1.2359754248112251,0.7342508535893476,15.021390376499278,0.20936306479614314,0.0
527,15360908.244128782,4074363.1310095056,538174063.7014496,44276247.55423091,0.7021906856066719,3943.694958323281,5.022498014870447,0.07741541661248438,5.269985187703545,0.22132900828255755,0.0
528,8308.872363093242,2523.615547987124,1723137.494522417,38430.826583648835,0.650653148034667,3521.4963489431925,1.591016062345424,0.8090404049796621,20.302094176057587,0.11308745540850547,0.0
529,16832.344505980065,8171.71392889391,1578458.664552018,49055.80434331156,0.7103360821221013,3437.2369112680394,2.1028163884823785,0.04797034878105997,3.4719946846777616,0.38168379624638765,0.0
530,255829123.6282332,50791913.1281637,17728226382.633,944702440.7221597,0.7822428541065829,3477.8695637017086,68.65888090481042,0.08237562764784148,5.729210056591522,0.06461427754906894,0.0
531,11068685.015902719,1728953.680217864,750236517.1508772,42851811.43874917,0.6948109638072564,3681.3986821568406,6.524446823906702,0.11077879596536241,7.696382278831615,0.12830041966057643,0.0
532,1678518.3812603294,142719.77312202204,279786368.732244,9040257.863556355,0.5331596802038804,3380.772134952723,18.175341755010646,1.5108443713338124,33.214319500377755,0.16407650683871713,0.0
533,2159244.4687985266,161881.8555595687,485558563.9405224,12842270.281718206,0.5184038280254374,3424.5484869706083,10.522675834461968,1.564360902834807,36.86530569255727,0.2593293699172814,0.0
534,17759860.348801833,2286975.8404814387,2852925863.527983,86013871.31709372,0.6718734870607199,4175.384787146067,3.8526661443922947,0.13169782106058497,8.685908230021202,0.0967880630236542,0.0
535,11078538.369378453,1880673.6335784632,482509797.3058985,37880346.7884241,0.7698786478101679,3378.6961962135415,11.390888667533831,0.14247060604561534,10.137301280087431,0.28630634572345104,0.0
536,26472193.47289502,13987622.66478562,298377775.01016146,45920060.72446529,0.7088470195317422,3412.250718203255,13.047507747787044,0.2196739612399889,15.80949896907489,0.46245906822284677,0.0
537,25625000.637328647,6920902.854913382,1136955591.6519337,80538629.82064033,0.6344308334777298,3603.9955106729403,4.260243503166588,0.11333190333723113,7.455184810023873,0.24131882752088646,0.0
538,15080568.96194503,823969.6906177026,5829165405.839562,108624539.4088674,0.5770138015772465,3149.161156433929,119.84420891952388,1.5325827588538037,34.56729807417607,0.3968890782016899,0.0
539,42290082.410973154,10683775.49342066,3260930563.68927,155083917.11643857,0.6875785176283454,3556.1363873533364,68.72890665978701,0.8228354519836074,21.27155534856528,0.015184963023346437,0.0
540,8881.60876332615,4375.143469323837,1924652.8669392802,37202.936147225046,0.6853834525296499,3569.356096141417,1.8001305626591477,0.12093699982791924,8.67606518506052,0.15555014069107445,0.0
541,11041.72607152568,4640.355440993635,1308373.7851153887,35422.34795948871,0.6508287395819969,3600.5628304451848,1.1149927769683057,0.08104221850652031,6.037625203646127,0.1628254040036075,0.0
542,1028103.6691057009,237338.22029888033,42276664.076380216,3152522.765694824,0.6429865559495899,3598.79377365473,3.184354660654217,0.1477108621874222,9.552935081948233,0.11184239427932532,0.0
543,4045896.4459856055,536139.3739360508,286186811.6704081,16321515.564701047,0.7830696387851599,3241.256645696146,29.80225008170043,0.10194005451694022,7.702767252261833,0.13232482567142195,0.0
544,9371.52254800204,3084.3573711962185,1674844.5599410373,38756.632599752986,0.6664185531893156,3553.3347569447574,1.0009452413675897,0.0505165514896472,3.541997706682365,0.2293182302576664,0.0
545,14410266.110754853,2931794.0103404312,917391694.3058199,50795872.56721412,0.7684801454825605,3346.938240743595,139.47776905234107,0.1801951544159463,13.265295505562756,0.17445377811702878,0.0
546,11927270.077942966,1415268.961039045,1347416440.2993853,53963774.18983783,0.7051337907811194,4282.447820848802,6.437659851893959,0.13069734270284386,8.771468869172178,0.2463476873538515,0.0
547,1479728.9373303684,192763.78713287466,132764736.6716187,6342484.340722928,0.6733472673972258,3733.2124457378363,2.8127578993256974,0.10355089432810667,7.1189564759201875,0.12666698914801972,0.0
548,2337521.8226436465,416732.9053247151,163285284.45560905,8783462.499680627,0.7125246524046552,4271.47503020624,2.6324303256481434,0.14427056329582913,9.837924859875859,0.29253727073254276,0.0
549,16273686.008669412,1452685.5217836057,3563356681.7164598,94154754.09429857,0.7359689148997897,3624.757592620842,88.58300869946748,0.11733969032423133,8.520328621146385,0.23312976642479896,0.0
550,24673815.460220914,3697440.725135104,2919963777.266325,111371338.9713727,0.691523475976615,3446.8505538356435,6.98029322340789,0.14017742447059645,9.683657572922957,0.12004035431973296,0.0
551,15798.727159468812,1935.2221866473587,3611107.0003512846,84255.89874694578,0.7309166858701686,3726.190421931699,2.581262209595164,0.05200722901595602,3.905054495243769,0.3662226558142034,0.0
552,7855435.030288672,1523297.8973490056,997572991.5694914,35197524.420656934,0.720086162008654,3561.6467041044207,50.90844155997594,0.17381519696363554,12.68016185779764,0.11702807576797308,0.0
553,19572798.871831194,1141073.5634490321,7480975275.20119,139068630.29782525,0.5427149729117636,3427.5704171621123,27.696997657490765,1.447182251409504,28.37564363492273,0.2233206361401877,0.0
554,78555.49356025558,53303.34225013638,2033872.9996723845,131517.62016547992,0.6892237277061708,3432.7298288556644,2.6776851419228995,0.2141820006256582,14.13031955444074,0.31542045502609584,0.0
555,147568226.456937,15633599.818585688,16942771596.982803,704289758.7766254,0.6562627320617329,3519.270919520502,18.15523846616426,0.04887451720264106,3.7231336461051954,0.140263808744226,0.0
556,70689596.86825171,15117426.359737206,1790155306.1771824,200888342.83209494,0.634065635534495,3704.48504726233,8.65444818343156,0.8113734453146485,20.84667156888805,0.2304348103868795,0.0
557,10821.27155504072,2696.5324102963787,2664668.4316278123,53786.04247127547,0.6989033620169589,3645.499578554511,1.498384470339742,0.06010117857265769,4.322548877706001,0.21365207315301116,0.0
558,23324802.220437154,2775894.9552537343,5684830717.878169,135974936.55129284,0.7057658315506121,2962.2456304525704,88.59208883573908,0.11038539840856361,8.195199694048783,0.30000908393660025,0.0
559,7978.722344036185,1514.283849490093,1150455.240830214,34700.004955656885,0.4061426555966646,3487.5962739047463,1.400739707448511,1.509556268278335,33.031307716034455,0.3404001389284394,0.0
560,112944.7656165255,12059.093278805982,13277079.998462027,524762.9298614783,0.6142857159744552,3843.866464732276,1.8912107607024313,0.07180379560946007,4.78057021159808,0.06648225496523541,0.0
561,12373.103885867411,1281.6369818756827,2848603.6997504616,67596.55559491826,0.6040892232987101,4272.292510461633,1.017426499956066,0.1689441248936178,11.408094298377538,0.38016343055404367,0.0
562,41827386.17827306,7466023.009765829,2358873758.9092064,149548622.18306822,0.5251782204597449,3159.362418427365,81.58430096279254,1.4271349368542097,27.370284520969467,0.10754748857281518,0.0
563,153447248.01440814,21008765.54076755,9038340706.093718,585645943.6180921,0.5854555361880397,4132.321365809952,6.849062292191591,0.1773595148887667,12.326299112838992,0.09819909715662824,0.0
564,16203939.383277163,1498830.61720988,3942691872.805753,94030019.16543989,0.5577025366673534,3530.5711575991604,36.49590617399439,1.4611694777363584,29.65250002866811,0.35500231790601106,0.0
565,2286505.3881180533,312043.46518344537,216064926.04773736,9912190.10945051,0.739806420726963,3698.324369955438,5.625785542442957,0.09951203790751206,7.171939364921251,0.4756352730965381,0.0
566,17840889.475636937,1173151.519408449,4198728382.5690613,109912402.43271713,0.4529698491995794,4012.1335783138124,9.715087538840969,1.6540170008288926,42.4901572748674,0.20889746817380428,0.0
567,7019.098464933146,4953.953629629076,771000.4744001881,19792.906792792906,0.29348164821301975,3872.553151437259,1.069072314599318,4.075596565649851,66.48049024445967,0.28893418297357676,0.0
568,479850.3601123948,55735.77057486392,50551569.715421356,2129621.2698852574,0.7198269986777351,4000.301674912129,9.744826157901146,0.07655889447081154,5.4267088133995545,0.2655755959940858,0.0
569,8112322.140080886,596240.4777724529,2194934142.131176,51377668.41478895,0.7027887131538048,3266.891762995804,17.09275410651074,0.1815919004965023,12.755097142602512,0.2054097158070834,0.0
570,38749345.42051083,5716525.697553525,7719288718.784595,194997357.40905795,0.7742820209997638,2879.0066862049307,414.8590042023145,0.10430497200686864,7.368691999520378,0.047848597314833444,0.0
571,11988187.38659925,2042025.9932356614,478979192.8689014,40115530.61791514,0.7005490742608165,3684.245031892231,5.911403389288671,0.7286123231182136,14.897567481692082,0.11828773920264807,0.0
572,64808.64753948335,18609.718979685258,2928602.930637893,181128.47095762295,0.7464267577218527,3376.033009103167,2.3360362953451985,0.0404217911377545,3.0680915248099696,0.4684971996791146,0.0
573,504148.29732370784,47539.93686490077,119039564.96510378,2887991.93468164,0.5549688894065,4115.8220139490995,3.9163695752158625,1.4835064650102663,30.979040576010924,0.058501581809706514,0.0
574,63869029.23804887,8272241.199196756,6583412224.669065,282758976.6813395,0.6420295058508285,3253.473943870503,51.604838562427574,0.21475390301375094,15.299197427781326,0.14908538724289538,0.0
575,108676.96711671927,36438.27391197127,6734634.447614124,333308.9548841688,0.6875072027070555,3593.7157256769224,2.35527314314071,0.17015641861214217,12.377843095966725,0.5544150335814548,0.0
576,2308.8624944938747,396.44691185873745,939879.6323950384,14447.900883642982,0.6934826749539249,3423.5518119902545,0.6088547820244881,0.131353548485221,9.323697425308602,0.21148618027436977,0.0
577,113198766.85078299,13274841.818020528,15038115366.350063,556415690.265649,0.6906618178891522,3510.6641383346027,14.361762639921675,0.09363814132609986,6.770741993442823,0.1195926296370572,0.0
578,5704709.579340618,1069175.6784287575,315479765.751943,19368151.33465206,0.6613096134561183,4258.554036443999,4.3496130829639155,0.11388400891165595,8.359709747064345,0.26355595370307844,0.0
579,3166.4561256696884,359.4022166302956,1347784.9931426058,20763.45139119266,0.725819053240079,3988.530646018884,0.6971242432231584,0.09414134261927369,6.173731088548958,0.49580702694397577,0.0
580,33807.03491517232,19047.68276715302,3460256.6135993404,106219.41936881696,0.6876804206636644,3567.2994627911567,4.314159025366681,0.06835020599731986,4.88237649161056,0.21578526014030328,0.0
581,11940.702622365234,3747.047974445019,2387911.897957684,55093.8762681081,0.7221326962273689,3877.800666283065,1.4017738976135539,0.05602236952712562,3.8839409912780924,0.16640268135885422,0.0
582,91399476.19805518,16653651.371639362,6398559731.217564,342678564.27129745,0.6976839418135504,3478.7644769204308,6.700407726318453,0.08101599289716602,5.897719617956811,0.1450906042255344,0.0
583,14637941.758673599,1077099.279781932,2858981918.83299,84512059.06392446,0.7529678058781661,3824.6632971886206,16.97033715923472,0.10340631408940668,7.41468609123167,0.17484691184561454,0.0
584,7546576.787132056,769742.3260520187,754177631.4392745,34729783.06559784,0.7452273760409633,3776.6377255573234,11.691652500720261,0.05844481162897734,4.077032792766654,0.1276168939138448,0.0
585,11925978.03534309,3316325.0636079866,1409496591.3799517,51367246.228675164,0.6954219142854582,3361.096571309277,5.33368525478577,0.06833636058551269,5.020181192649635,0.3544198748835513,0.0
586,7506804.318740937,1982748.928363438,833311393.1725956,32202324.842080604,0.7293985625401471,3582.777135073818,6.427719331164849,0.1561367850337012,11.140293407716708,0.2486729504743154,0.0
587,10631.533341324493,3087.5562110547708,1750823.267400346,43400.91804340425,0.6800644992988454,3561.485198086538,1.2385576059081453,0.06526860690625905,4.7185190661234255,0.25741152577806187,0.0
588,700643841.5819161,210659935.73518267,18797555165.218445,1844668406.2824054,0.11521548298867679,1693.825610760684,11.1566487997607,5.50548937548251,93.4301954785698,0.07021217864933696,0.0
589,181532784.9573406,25173356.246553067,12483606785.098116,708855999.1686294,0.6533761652043435,4146.724343995349,6.567795436244084,0.13648683069093998,9.70300118657627,0.13762577927775896,0.0
590,15287304.954510536,3232923.306336526,550173087.7371716,47043053.24562788,0.6960924352422915,3893.6466614332444,7.3169568691418,0.10815905839700779,7.883838531809812,0.16181348290776185,0.0
591,23313164.09231948,2917515.3713624747,3813369163.7996902,116680117.68129063,0.6986315780236829,3369.3304744823263,44.44021966583744,0.06634754652083137,4.925945351941361,0.26392825178410184,0.0
592,23387250.622484293,2411723.395543794,2455194578.984655,108659826.34798822,0.7706664869470836,3080.9654474026947,492.7324745474467,0.1327344567376559,10.046594132390458,0.11989964599092429,0.0
593,66836352.80816077,10527761.839156888,3079536109.564801,234392293.08277607,0.7397028310117623,3774.0612798031448,36.590950578719664,0.07691283106010624,5.63708564970369,0.13907729532828617,0.0
594,7523.613043588688,2237.019601735969,1955026.6618464366,38204.28805954342,0.6762610466074789,3499.3697010503492,2.110595029388922,0.10624602348475483,7.959816833921316,0.2451458991791617,0.0
595,5828.835791110771,1578.188973076618,1173782.246723749,25539.508107854235,0.6488512764036515,3602.2899221207363,0.7664383909658057,0.7230805260660208,14.179083572983743,0.19769880181563518,0.0
596,20925.969932671644,6356.1437364928515,3692801.5987870097,92842.46045283633,0.6437794439823195,3485.7877508318306,1.844379089286826,0.11508017312437016,7.332587681085077,0.28722552742533614,0.0
597,41764304.368052766,6176685.761651385,3603131727.6103315,165002492.5251909,0.18776856913419135,3495.5091767261483,69.19877752828158,2.87683547539673,54.900627078293226,0.2810438431488083,0.0
598,14428381.075328803,1978703.8193236855,1189620750.0052135,59975216.15133269,0.7557959782594025,3521.8276684246566,10.458116749371928,0.07703596408113525,5.836228931669003,0.11261544874782747,0.0
599,8435293.510002904,730262.690015746,1376743026.138042,45623720.82125671,0.7178550774943144,3460.09238823568,8.624327663431238,0.1282293865093167,8.88968568762726,0.18434599726232914,0.0
600,7315.136952731809,2470.9703045065908,1542312.0891166064,32287.609114604344,0.674129125092422,3558.431654425677,1.7172146208638377,0.21165975668396264,13.967281570040054,0.22606491454606287,0.0
601,55147066.40243981,5611218.616420335,6121398520.905385,261459793.85404712,0.6653364372160092,4037.3255686229404,6.496135530016448,0.8217766216896081,20.506511092848136,0.1372177471423843,0.0
602,3155438.2535615615,452558.3603698072,163179412.3789552,11621699.596268458,0.7311628748479422,3597.580131270921,5.984248495899028,0.0956092417170887,6.4434661938745545,0.1873990849768422,0.0
603,10316693.010929538,750861.5190770113,2535215961.0102253,63230714.1744599,0.7178932410067385,3268.958953116235,26.963734547827148,0.13785985227541434,10.08354985025568,0.2509543149851841,0.0
604,886926295.5930281,607563803.8277967,9993414663.16744,1376378303.2031596,0.6819012426599632,461.47532115409876,6.834904705906302,0.05078492755158672,3.5274840121931064,0.19874787548599537,0.0
605,12793818.820919063,2470360.4584232382,1997764046.5322413,54957415.994806334,0.7306864979813812,3553.4758651165853,22.968666952902154,0.7886675241963605,19.13781975975531,0.4813763017671106,0.0
606,8152431.561082755,841467.4906230975,907393780.4145985,38572195.33440821,0.7410138037869629,3208.219478331297,18.109942251027174,0.8155912165890445,20.760978656754816,0.14131326617781423,0.0
607,5847.228897088254,1485.5570141017415,1686157.3166157254,31091.94488134857,0.6660735588535527,3557.370527630408,1.3792897647232938,0.037077098695004106,2.6795099419805397,0.39775009671863754,0.0
608,4598.510003444196,3333.365144705719,626953.0775829625,13571.470527199572,0.08967280141467367,3760.944135517518,1.2096258453062663,5.437302963409313,88.70609707153615,0.3777749440223316,0.0
609,4157435.968952718,511278.76626141975,306722561.8734387,17149546.71295267,0.6584917441461584,3883.6454005227297,1.9198978534326323,0.12841586471365574,8.957421091855847,0.27851686122747665,0.0
610,1059518.4740704,218877.653096237,31385771.003209144,3203328.244201881,0.21629172624392395,3745.8743259987696,4.141609177817778,4.165473763332793,72.78311714133581,0.09471093673135271,0.0
611,58654473.02463704,7305416.3869941775,11706452174.86391,314973802.7625401,0.683413172677437,3427.7548990056575,16.059354432834397,0.1432099283654507,9.648517259275506,0.10232696724043139,0.0
612,236786.05236948252,35908.90182870948,21910388.16819494,973679.2777002488,0.7274768549042948,3600.14030666393,4.913338203693855,0.12696718090827916,9.428085226404532,0.32468808150907114,0.0
613,18585.898178263567,2580.533564519565,4667894.82444888,105110.51270345016,0.6620795252701646,3457.2514343885287,1.3722988417748034,0.06692360699287621,4.895763124047217,0.32742269524714346,0.0
614,16838331.24175779,1433684.3432022515,3251755704.5350127,94047226.71483031,0.6472786749120603,3779.4719215857217,4.042772371123448,0.08165134239874802,5.5980379744887285,0.17782906913897406,0.0
615,7053544.184498343,951998.0236291904,562394397.5859905,28670019.96741901,0.7396636574305844,3255.8789447517624,12.003842570896536,0.11030873717522027,8.17168739077221,0.06025259037086505,0.0
616,16983986.834436603,3791339.5130653456,1099590047.1612852,59841450.25834694,0.2970898844788737,4080.1579064019434,8.369849799289145,4.027510053261947,63.26285589976074,0.32274738720211604,0.0
617,2654.0354641382337,234.62146702025962,1157539.6415420962,17943.762155053104,0.6568621080568475,4162.625918882855,0.4997207601930524,0.07368756466318302,5.165030635903553,0.05040789556596103,0.0
618,90740622.933781,16466889.3365926,5422216726.983519,325703924.7536841,0.7346333397529901,3580.5626544142606,31.345979682435548,0.25170751127754754,18.229415738927493,0.2288186076745196,0.0
619,3597527342.5311155,953074968.9899486,102129038099.41736,9638914305.616962,0.6553536184618685,738.3024974024787,23.40693677940892,0.13948134600345918,9.546575403873046,0.149888538739123,0.0
620,10976818.598241542,958823.5345016478,1735693251.4115677,58218992.63625292,0.7997550466100866,3622.3507586227797,52.628214037317576,0.08708278322568397,6.595490030530033,0.31130382514142824,0.0
621,3366708.273613333,518108.6814924859,361924792.58208835,14495425.757207206,0.6443817461704049,4310.974832958575,2.5321367142342774,0.13448666242263582,9.0342455548003,0.20668535811657665,0.0
622,5795642.562347327,1103762.8931192937,457445584.72862947,21771040.46113979,0.6709232972524414,3890.7567582363426,5.502793007121613,0.15240693038083117,10.522002425056673,0.111725813484039,0.0
623,2577.0867893477566,689.1424226427586,1010378.1659010646,15514.852114616097,0.7043407941215806,3616.029471090823,0.6370114997734884,0.19732643566352054,13.673308328084318,0.33463373583730927,0.0
624,114982721.50319865,15931618.807364877,12961953302.045639,518191824.9752445,0.6797932383435382,3394.4301626011365,52.318265544707884,0.06573776729967395,4.775534787028205,0.28726049413053595,0.0
625,3854.9742690086255,470.8820257744852,1537267.4884636854,24972.388404613877,0.6412416144848289,3512.463318327883,0.7592237599575028,0.04430168658100584,3.2288729623656622,0.564057561108245,0.0
626,226504996.4353817,41126204.93275277,26651917253.851345,975755467.4378484,0.6785443228785708,3676.9785683655564,7.680476140555757,0.14289217045527466,10.153583169331872,0.25353862520515963,0.0
627,23669.21791815944,2289.554762847273,5872673.757975733,135311.23950173098,0.6591309773746894,4054.568771934507,2.468973978089179,0.06228107595864394,4.314962341958504,0.15539805338149576,0.0
628,12940675.452724006,2563055.994221898,1113923430.1794071,50091451.454152904,0.7501606298534924,3769.9954407018668,11.0261613772385,0.10241645592768797,7.211397449157788,0.19786265576344095,0.0
629,76006302.49356872,6796204.833390204,10495181613.919369,389710248.7636005,0.6273437441398556,4010.021428436819,5.954521270185682,0.7625931422287222,17.14626722253254,0.19731610238106473,0.0
630,21317901.980899405,3284001.383631612,4242631247.4294844,108965895.36350727,0.7475089651835082,3695.13774230171,50.98447400355629,0.08800409641990363,6.517291786603032,0.1503135591389939,0.0
631,128587245.76293547,19841271.67823731,10928433593.877222,510605146.45733726,0.6117014884072599,3922.968471511331,4.827185702877619,0.09872334595313478,7.231421036235932,0.14518911984643418,0.0
632,68267752.9617149,10808093.29502186,4594776994.0691,262601982.2007177,0.6745052134715472,3785.520413332919,5.146721123460736,0.07644855919637701,5.463965117208744,0.24493181642172848,0.0
633,23275.073493030486,16863.16060955365,2134049.116568716,61208.12168825352,0.6545729736477741,3419.9449890004225,3.203211995542054,0.07102885574270079,5.028412554465871,0.09879153565198455,0.0
634,70250.7046635279,11011.089885467401,11884840.227233259,336383.39784730464,0.6144179263792251,3506.887518800096,2.0501769697473877,0.05028645119191415,3.656638594391649,0.12629404246361486,0.0
635,136687455.35221413,14781782.818195889,16311541951.439997,652911469.1153747,0.7162974767692176,3731.6849121438327,57.23812553705892,0.2573103536855309,17.58012427248226,0.1263021195177737,0.0
636,13636002.239621887,4816251.506405203,620398039.1724364,42315322.78325802,0.6490625741124545,3600.303461349996,3.1013015844167295,0.09411819868540654,6.639358826651223,0.11926597849937351,0.0
637,28278.880018646443,21363.10423948508,1409479.5123731778,56812.542529636856,0.524181584585486,3442.914892201727,2.43428307334044,1.5222378634337121,33.90394771279763,0.19681897135146798,0.0
638,5996546.550958505,539245.160190677,1197274907.1779962,33327723.46521938,0.29412059798967416,3504.8629799947007,7.113533332488369,3.5145687600332076,63.49474811293576,0.034171044059710325,0.0
639,7213257.550005728,1684414.8733376204,174761070.05401692,19837540.863158867,0.6550258127025465,3712.7421706988143,4.037032565733117,0.1468903079467972,9.816201451951688,0.07087962766729662,0.0
640,963404.475255052,258581.49100168492,48825214.589344114,3012446.3789494196,0.6428959595483003,3609.7681901808464,2.863744255598724,0.08087268009530861,5.84523749075594,0.2720206635883244,0.0
641,15717.365696203377,1464.5169990401812,4545439.535528921,95841.7485264704,0.6052468707619533,4008.002659019335,2.21418699778646,0.7287496454004965,14.609579901785906,0.27554196394208036,0.0
642,59760303.4138937,9675930.557291847,2474303112.0243583,204858156.39531985,0.6723426012462198,3491.8632454599756,10.27580257674044,0.1153775526621014,7.9770477178897155,0.07397164550394655,0.0
643,9871724.634270864,870460.4666719921,1662257115.1127527,53307036.36688951,0.8158786134221664,3424.3147762060526,66.19686911526622,0.11725573786827245,8.558056234376519,0.3100749388791169,0.0
644,10584898.347873583,606037.3559737431,4065373199.977179,75501662.35886577,0.6807421267822228,3702.509491371674,17.93723578148539,0.1214680745080086,8.727943813069578,0.4037473636675796,0.0
645,28269037.547233336,5410762.305484833,1721153854.2963054,102193503.67282893,0.39331523956177594,3770.0474739129468,2.8982780168908477,1.6637534140052694,42.741168947415716,0.03035725731022175,0.0
646,982139159.4925442,543001809.5721519,14370482567.84025,1812512552.9846559,0.7124696133630193,1109.487921018436,10.770094385899545,0.13022987020289686,9.312905468773847,0.07867228455192327,0.0
647,678938.1227256913,329392.77408389415,6265593.435597075,1195721.4813461518,0.6745906520111418,3405.36524072885,4.601448654786404,0.15926650147903293,11.685111695607809,0.18386783691017228,0.0
648,1343.1570356506556,109.4109338921916,561806.233464391,9043.919550041877,0.08749979635314854,4109.05195394078,0.7285172225571739,5.443061623909937,88.80881901110455,0.42377168463759,0.0
649,51528382.43057211,15774678.829725862,1673636679.3070664,147052556.70070562,0.6930515315995135,3626.944341158725,17.97193618209803,0.08055285435180784,5.87288910963152,0.16032497988241692,0.0
650,97748553.63009965,9602768.101784643,14148956526.029474,500253653.1201016,0.7161095691112891,4307.228409749337,20.19681395098097,0.2367020431878694,16.881173648158278,0.19938639948649764,0.0
651,1960054.6117201324,445789.36546589294,60170258.24697448,5752583.076809347,0.7190838930976684,3524.7220967810017,4.031658251877431,0.17633610921218174,12.563598441495007,0.0858354017210012,0.0
652,35852845.69979559,4264058.824998848,3571139197.913661,160433450.41442582,0.6912702492548527,3422.267371492077,60.301496386367674,0.11383359018049237,8.522585613990907,0.19469705014234914,0.0
653,8430059.061451295,1073680.4221205306,1466202706.3802247,43460392.918418065,0.7496776012196122,3372.4099991286066,98.33680050806083,0.08259698897190741,5.880503346829457,0.24045534685800218,0.0
654,106793.47571462163,15469.28067365007,10674607.846182402,439299.4399768035,0.6722274587175863,3725.9087011433503,2.664626771753849,0.10321859251957335,6.9663687115924064,0.28556962192695357,0.0
655,128421187.57658577,13528707.102259547,20115580974.554173,653371536.3376195,0.6146092760520698,4125.181243026276,4.162235681543389,0.15052668844530864,10.730672462757333,0.13486907063975825,0.0
656,2283577.0069129774,651147.7956212183,141778208.9824038,6665287.6237587035,0.5038683044461844,3539.021210799344,9.527870525692334,1.551557531032832,36.237796023243405,0.2690829990285521,0.0
657,23486864.923106097,3676660.0708880024,1761056198.723627,93529832.88098735,0.6039634004288856,4008.3880124636507,4.309944112236241,0.1113476941562788,7.9158091949120095,0.05167365708509161,0.0
658,258318557.46804172,91151858.55832765,2562553972.614504,524908530.93281305,0.7538310086674915,2882.3327020423912,24.79355820207136,0.07776825682229775,5.714661979822884,0.061668462886626384,0.0
659,11853.757639855377,2965.061346524702,1682024.1607398638,46243.1589702036,0.7317925486168074,3983.635135789752,0.9750106937217927,0.1845438422906777,11.87666089529508,0.423167809995903,0.0
660,16662503.164187497,1895212.6458906769,2732860766.0152893,87870639.10306087,0.7014130900626042,3842.4450732138794,39.70324828229392,0.1754508406994688,12.295588153187026,0.30145157969337066,0.0
661,17208983.673998795,1313997.0428764722,3544113747.483012,99635094.09611137,0.679980612179085,4043.858777278141,9.56532785178169,0.7238501411831898,14.383524263393351,0.23652774403151053,0.0
662,10762.26535484822,2734.0145234244055,2056009.934134094,48835.36548383505,0.6433720502408775,3610.3600867456953,1.622319001167088,0.7404879456835569,15.184612126177223,0.36240095120234234,0.0
663,8274101.435867764,518446.28522724024,2504902063.4426265,54842271.25283637,0.2108397410436475,3997.4705729757616,2.429965426153454,4.09683737429218,67.68009024015167,0.35039799498694285,0.0
664,13368023.399869392,1828803.0822659954,2101324823.753545,64792142.58081915,0.6009291072530977,3838.7032224347518,20.396748277632128,0.10985258314815179,7.872483881145524,0.3266161001581479,0.0
665,90899.67679891227,9798.729668089034,14465627.489342382,458089.11494002846,0.7102869029790975,4008.000508064153,1.8113652739898953,0.04664374547387817,3.3706542503246224,0.17697171363472766,0.0
666,8510284.274831515,1073703.8842768767,1075650873.8940966,41068535.4801683,0.7324726580513709,3418.611016694077,61.41641721747779,0.08751546454168632,6.561421561092741,0.16302691048125137,0.0
667,3400886.7382115573,1145928.7342530126,201713096.86205387,11774427.333395261,0.6989082433414737,3628.01634052798,3.580041585066017,0.10983628842733024,7.825349436830422,0.14555416363373241,0.0
668,11306903.46273146,2029956.2996082276,503952928.9344393,37511188.83324729,0.7590617487165146,2962.1804388206715,91.48447483135253,0.18828301887110266,13.697495469688931,0.1827419217555555,0.0
669,39142.91962909104,6233.915002721022,4086053.0653125956,154726.57716838917,0.736292276230766,3636.6290540230125,3.882882101033692,0.11199180032644689,8.041573837269425,0.3697357521141485,0.0
670,131097169.03508171,35327267.54143676,8090810407.149272,443935651.5840948,0.7176425047645287,3312.322428930783,14.5923142187502,0.07493056082917046,5.323661305608598,0.03087835859327618,0.0
671,3854695.2838207134,1610565.8842487526,104947728.46606669,7996045.566720435,0.7312364547824305,3416.853171728342,9.830839529636462,0.1062932100165006,7.8979388419489736,0.2768240901739523,0.0
672,131764.96363199534,18576.791443029637,13431364.591624802,545414.2593998614,0.6267089979306235,4098.672741221824,2.4546633849508295,0.08154312395298016,5.6248004582087265,0.32002092374087954,0.0
673,4745450.291551187,950513.4577226583,468098196.49530905,18290171.051150344,0.7176146387719233,3236.989400391645,12.246282871332417,0.1373381248391829,10.091337183552632,0.35921041498420003,0.0
674,18867281.68967982,1278110.8385420074,4272566485.928528,114596894.00381121,0.5623566033732477,3560.787790886486,31.274731673603533,1.5359329476491501,35.117138189606536,0.23019971811534862,0.0
675,198505869.2139183,50168524.56962524,12956698556.286999,648606365.6697052,0.7328224063813852,3077.9970330553824,138.9709017082622,0.16841413807800976,11.78910778849265,0.18034062328094475,0.0
676,6964593.900758791,2460364.166803023,68184171.58506526,14076360.443142887,0.6058722768353433,3890.8424622114853,2.733260158340323,0.08038984400869058,5.459903950041299,0.0490036515908617,0.0
677,4971.194393812484,588.782029029637,1514056.8171591305,29357.905129062623,0.6581747057453369,3913.435297800599,1.2177097574750806,0.7894627998091595,19.328117266907107,0.25784689871538646,0.0
678,47403.98602189191,10306.67158372393,7890399.29078277,219664.44181866205,0.7455690390525317,3878.8338730248915,1.3270780066354315,0.16038603009189742,11.646496583216987,0.3646211708713902,0.0
679,13135815.91134796,2745123.555098143,466088451.4451087,39799921.29489777,0.6565293293563403,3811.1131887897473,3.8310168522509556,0.08307967057767121,6.012488455435164,0.05799750061357606,0.0
680,16307958.820485633,3372620.273987025,1489149799.5478885,63832979.02264617,0.7067814511018171,3841.6913850650535,18.59452916009785,0.12070699382157865,9.08601708418626,0.3071136716256361,0.0
681,6964833.6944554625,2021319.0107566863,380170457.0120214,23111892.38357142,0.610374348496139,3627.831210779134,4.148316585076666,0.08068769911409976,5.537702856101977,0.25823514398653824,0.0
682,1402200.4399430756,107313.97096389462,326155575.71224654,8408950.903711593,0.6488160349578866,3361.2211214344925,10.567298367939303,0.23447910637182884,16.579731563906595,0.2613520017865935,0.0
683,59718973.6463243,12578276.97979546,3673866641.8349442,207870093.60425618,0.5911788451019151,3768.995217380634,3.413327952642156,0.1427517781510959,9.944144608138798,0.14789117647872263,0.0
684,41897.25534330421,3691.005609989895,9090838.239078093,232980.13191168074,0.7298359205790577,4109.167310227205,2.387258475207762,0.048437682419439555,3.5044518506832802,0.3481446932008753,0.0
685,1029345789.8450857,230334545.68140468,22177227229.15004,2811221193.588584,0.5575109315591225,1307.3651948653192,4.286306007079758,0.09196483816742536,6.626332167901474,0.06512549937488755,0.0
686,13988653.360381309,6313947.334005334,601747904.5796912,40405442.16683051,0.746192223396259,3585.4094554513304,5.037890599509976,0.12715752454416548,9.341598421068902,0.11364064348755905,0.0
687,8319453.89362297,567617.5670093563,1860725135.5583434,50240691.24993402,0.5191726940983792,4299.331246845946,49.98258048648159,1.5205291852263303,33.99085780001372,0.22548751669681685,0.0
688,4594290.147176946,429486.59006838425,578086341.4377798,22716661.28431546,0.7882200278828311,3264.226160405186,78.98141116990787,0.16552093795467798,11.800015841186209,0.0851904518335949,0.0
689,3327312.001276578,896617.8228690301,256309314.96373963,12141988.552707534,0.6028037369072393,3670.8523517589647,1.9168650882095337,0.08525814381219421,5.478519583990756,0.1834448435510209,0.0
690,12556.473480919265,1325.6859825658278,3241404.4157448416,70733.06015975971,0.6762990888330924,4000.3413356895717,2.169053548949312,0.7578688231707864,16.953130529766135,0.17103078086987963,0.0
691,16896.982355942822,4449.484894559994,3495769.4617160587,82310.28556483134,0.7434496988453427,3492.687263231145,2.141208811929873,0.05772249614282403,4.0548968688740015,0.20773967802635276,0.0
692,22316949.336993836,3208304.6104736053,3656141332.728306,110515012.60914023,0.7434262441178469,3854.582763881867,165.5985669395524,0.15628452324244177,11.331251666112959,0.2331698202289716,0.0
693,24748102.024635278,2296286.095765679,4869985889.654777,137287414.2305267,0.46968828627104103,3234.1985506111478,99.98421498909848,1.4923745756863867,32.16813119798745,0.22198701367158405,0.0
694,6361.628853165613,3007.855733198423,1103036.7220537097,23739.246325453343,0.6908099475981146,3462.8699816817593,0.909519304888232,0.14468286941545302,9.546236448473934,0.5517321922571234,0.0
695,9350.887471362956,3452.2123867984387,1716001.7706175516,39585.69147364276,0.639439393928494,3377.2818804238423,0.8231188031303408,0.02783554701331923,1.8799443183562972,0.09075902990869153,0.0
696,56972012.63399784,6499387.479473915,4427799877.365798,242480124.03937483,0.6962814516006772,3616.388550372186,42.215432479263,0.12324261771992048,8.959214690330693,0.10849266861602988,0.0
697,9970.190029850393,957.6348497239494,2739333.6175553217,58512.608576415536,0.5993773416861654,3668.195352152351,0.7725110847565038,0.14073499722598007,9.756018363466655,0.5195314482734483,0.0
698,133815.78792300352,80749.21441680258,7167134.46237159,350781.6893071555,0.6700730745085791,3558.316348732913,1.5217304931954865,0.7396369058391611,15.167162036345047,0.18477197011777438,0.0
699,7387.403872019553,2480.925802094943,1273756.5619219008,30070.533711380744,0.6603959049694577,3539.14636236574,1.4284309158803676,0.786923401153448,18.833695287218177,0.4914125217793664,0.0
700,4641011.344456217,396541.496459729,727205179.2239383,24705435.840501525,0.30605028980074617,4090.3471403308577,2.9161710868479838,3.4961814976440606,61.95278378158152,0.16297652603297264,0.0
701,2647540.4815141126,419250.63064163417,120254489.28559096,9243366.154925998,0.6149418115181279,3128.558377473996,15.668235298445232,1.5227216204213923,34.08901954171544,0.23735617362472494,0.0
702,183775669.5129581,37384576.66272007,22924168980.27048,784080228.2415403,0.5984994589865753,3470.184494878128,3.276714396009562,0.03102595981630172,2.3411180456809135,0.21858967139268878,0.0
703,15393.762571704132,3171.5849738816223,3255262.966868773,74775.36085372174,0.7475443690292768,3726.278082945303,2.030585472878537,0.04957438411349777,3.528927146193594,0.25284274562464387,0.0
704,31633002.176715087,4098796.634601701,2104634304.6736255,125299063.90703931,0.7315380246932996,3966.2417289243585,54.61067611613509,0.07488287869771515,5.409016802506865,0.17033642716395223,0.0
705,94119898.76620832,11976983.097988164,12363769598.053143,437243981.88361585,0.6519560912306315,3764.7305072150953,19.21144016771797,0.23430984884163114,16.918619385915253,0.35652891536172254,0.0
706,76773827.8838847,28829367.397471868,1487288802.28365,174186873.69002005,0.5136438851495546,3388.1115196700835,39.52873058745778,1.508564904062733,33.18846386519799,0.1337957253173588,0.0
707,12883.232514685506,6445.244876374027,1031877.7251792736,32907.773659985585,0.6247435083176138,3747.731668996915,0.5174245984392511,0.6980418585829289,12.344435892941972,0.33368701828516023,0.0
708,2295002.992856018,615867.1594017602,239346124.1915711,8981645.101125974,0.6557175802027857,4187.068186369298,3.660340420414066,0.10372507018348172,6.547525892019396,0.14300677901135678,0.0
709,24510535.919551056,8466084.650671324,619353989.0077994,61223782.61140988,0.7200498751621353,3383.8522486179445,8.219589092658897,0.06810111307222186,4.823674500619629,0.07686504836323109,0.0
710,2918573.2894648486,529714.5632447692,135125139.2784574,9917975.894910824,0.6659237426577951,3504.492456754252,4.09962241010662,0.15030755445983415,10.99849540981535,0.11893225544506347,0.0
711,9956519.069345955,1052312.7492299858,1325767019.794477,49030675.30222052,0.8179363353607932,2889.1758827894064,81.59191327554011,0.11105012096145783,8.168913640209045,0.17462284759813737,0.0
712,3222.397302629778,536.5271549024799,1111757.8933802801,19131.78628706742,0.6436009734062631,3564.4398723851627,0.570555732241383,0.05031623885741636,3.5236352260195374,0.6289776104020361,0.0
713,14964407.930200327,1253809.1243725864,2387479154.013419,80080861.59427318,0.5727852062460134,3919.651865661294,5.591012769104324,0.1375543344703088,9.234811048548746,0.19134234791807558,0.0
714,91518908.52603704,21482064.50824111,6114009862.928468,327129775.03724,0.635547076871871,4106.731245443636,8.453659459134029,0.15533892670399868,11.44729069223084,0.17553410666033759,0.0
715,25743921.251726415,2765212.245846159,2889520195.284052,121558678.70819518,0.5164911351620594,4029.2502678366322,5.4956546043281485,0.7975860574404894,19.464161349686986,0.1658405588042924,0.0
716,49203.542796326896,17733.206061994504,4629328.6745641325,162525.4993076011,0.6648192096227259,3500.1606349433205,2.840634793253904,0.09337601582418173,6.27298981593565,0.23413720671168878,0.0
717,3535392.4428717196,537064.1977779473,417458929.95270216,15714878.581995789,0.6470511870792366,4115.465354638864,2.984889274353025,0.07099958482762272,5.0288790902975125,0.1157830235862914,0.0
718,10998.747577500464,1697.686053426081,3158975.580853241,62327.05051334276,0.7071591415996025,3578.131612644802,2.3630224431189473,0.10560164640267766,7.491479853418772,0.41419002373411096,0.0
719,10484.270107500588,1771.376989473191,2325964.0148490304,53822.203062844266,0.7269943483382713,3742.9382961569236,2.0619164167824438,0.07948158214275995,5.250016517558251,0.2625907083116386,0.0
720,5857.326064207099,1178.4359559120924,1551809.4918560293,30421.03453270143,0.6548998145992717,3554.849412429138,0.8872553980443604,0.06492660761266285,4.68636805529213,0.3614440535995414,0.0
721,244369878.19874772,36843259.65548599,18950920825.998863,967517997.654607,0.784762668632849,3330.0289456991686,311.7948211748521,0.1717430933982933,12.071050855581063,0.10206798875179789,0.0
722,1088103.4795167507,75558.57942300076,236330117.191508,6484461.756655341,0.48343280035209657,3634.303105763007,6.457680307971288,1.5161691807153295,33.62415291067585,0.26280371905758787,0.0
723,6544.844350048109,859.8823268976755,1459677.6402859695,33255.56095717997,0.467997518704352,3409.911068393951,2.041971288265262,1.5802833868564639,38.16721003042344,0.25629269676796873,0.0
724,12257079.628505941,1276345.9034924707,2627487456.6193724,68520593.38172035,0.6346307327945551,3519.1922597435687,19.048304347873408,0.1366174180889022,8.728972266461412,0.3011431905474172,0.0
725,1699428.1061683365,322224.83795218996,94655542.59181121,5967823.505161557,0.6736013454783398,4014.5398709798988,1.6672552224268509,0.10408114403160366,6.957753635309563,0.2582008572817814,0.0
726,127971837.439693,42605990.96939652,3878260074.788146,328532024.8623231,0.7542438623851017,2969.3196171975583,217.2376560656828,0.12237716410983887,8.75556327041907,0.25650766927094326,0.0
727,5619.884520278771,1431.220576435233,1463123.1544336262,28201.582322501847,0.7018683107677332,3770.8914003804657,0.6465721795359877,0.07838724220648947,5.4393190119465675,0.23242474707707803,0.0
728,91793.36553694334,14232.244617656872,6232143.903968381,349816.80011613766,0.6442838800362838,3840.2053428552267,1.513812793607955,0.155497377467739,10.754128092359952,0.12456636801871354,0.0
729,50591.589138736206,32340.195803102288,2581540.470939451,113841.46651297843,0.7619075122525639,3179.1510612419997,4.293111163283528,0.08248911964331906,6.093099775741974,0.0772258989474715,0.0
730,16662156.501476878,4447655.091286639,616974045.6444366,50178472.952262715,0.38477361010622635,4175.4083232841185,3.053462749295936,1.5607141423425577,36.19655356374996,0.08159794775908076,0.0
731,694880.3405878927,203214.8096275948,27780598.80947228,1992390.6473687203,0.7513293362643534,3599.469769165648,2.108333595013456,0.08943569891090793,6.255751981193559,0.15565079425856693,0.0
732,832448368.4068341,153671392.4139058,37896019821.579475,2851769243.584478,0.804108213416405,1694.2820696824974,190.6274908709574,0.18499491664760095,13.220990212764132,0.12183557598339217,0.0
733,225126.73340570406,196013.75171663048,2648478.139916314,297393.41270324896,0.704104206857606,3540.250129389772,5.95159529933159,0.14353818979852467,10.30227179039779,0.22755868283641584,0.0
734,51316143.01022805,10488017.204384267,4444616136.554172,185706975.1810855,0.6706636585976822,3458.61136503839,89.34261516516173,0.12903528399321215,9.323667429296627,0.35400284649861974,0.0
735,139236.61953167923,48842.554005085,4664560.950480619,329022.5856043313,0.6216903347338743,4036.092016780274,2.968559526087617,0.0918816788405171,6.6807756964636855,0.2946532440470937,0.0
736,3439.0279984475214,848.5314335926987,919927.1564041445,16761.948683262042,0.6425659247427835,3517.3368607706834,0.5611284439890328,0.09843105941337509,6.661002113349847,0.2141767225403767,0.0
737,16520996.84886061,2476485.6145611256,845317118.6686085,60311739.559735835,0.634760586976626,3844.291352736517,5.985207493508884,0.7643437008704465,17.34393935594799,0.07661932769838958,0.0
738,47319625.38622375,11775954.022548482,1524752512.2951992,129480246.55844995,0.7295073013032068,3183.6102550708556,120.74168074864141,0.11295538695063723,8.412784116845614,0.28600061733771537,0.0
739,2946.6671323367696,295.3748438189507,1290544.7611226416,20192.9144357923,0.649616668674605,3645.551198939632,0.6273638584644389,0.10914998966041534,7.310311680662143,0.44761127712730225,0.0
740,4217833.406205559,1410457.6580091328,256810885.87915954,13126302.832636066,0.6321202281649552,3550.2952810426727,2.3983819543188405,0.05231098590241938,3.52406387294662,0.08132430687254387,0.0
741,16720337.897054031,1417110.2875130249,3202602643.1126013,93893904.9930872,0.7349244096411685,3128.483325353194,26.642994177450507,0.1409776800352242,10.30141393118346,0.32321858753763805,0.0
742,155808949.81843343,27317735.85341568,9568459345.603079,571992582.4520937,0.7779402499571665,2945.10011198021,161.47068827903848,0.1350431985824203,9.667933088285507,0.22924617816867013,0.0
743,55772601.648120366,7103166.524567269,6350071751.481086,254760303.69408733,0.6836975285038103,4339.83478704876,5.959769896756535,0.11903031890562091,7.870430200501076,0.11522538389809053,0.0
744,342702.38539550407,85495.09340127176,12526093.500060145,954141.3768090435,0.7026429089221986,3952.4923309428987,2.9179932136065645,0.08034956677662235,5.839295803411966,0.18526658875104562,0.0
745,10704.880848087487,3515.451103318012,1978265.8153250788,44560.60883282298,0.6319124234437328,3671.2445005587506,0.9410947037743981,0.048229749173559266,3.607309395072517,0.2331489702841802,0.0
746,1593110096.085763,203869933.97846812,120430894746.07083,6631370990.14902,0.599694359841419,2039.4604477033856,8.833381103038278,0.1246525843181054,8.077329707984694,0.0857643289665461,0.0
747,30861251.88835718,2227124.545505543,6372256786.966022,181023601.9831236,0.801995094710594,3460.363473553276,107.62187296332107,0.05491218185382394,4.089290976645207,0.08812738318549705,0.0
748,1444927.7065648334,99235.71924401939,454194912.9670825,9492433.221279774,0.6158397507342314,3878.717025039302,2.9292622674568127,0.09190389797155855,6.12638835031529,0.369903826586854,0.0
749,56052.910851046836,18900.003921185376,3362008.0085730664,160020.37072263542,0.5464527101097519,3703.9417876957596,2.0908842903489573,0.1268151549705606,8.348717584110636,0.21248368524318395,0.0
750,1663063.3730556031,422913.5798961783,36571815.99325733,4267895.759312926,0.7413006808427584,3358.306892442739,5.6823591180039745,0.04058544207057464,2.7996874754619596,0.04289490416886367,0.0
751,2845.724290233632,465.2673913149192,1066236.5515666557,17389.254883196776,0.6533120824636939,3532.633878627784,0.6616502312680829,0.09535787886432674,6.521856874962443,0.22855431593125544,0.0
752,68914.57485988972,38303.69792441006,4114548.1322144615,175822.84382217802,0.6604852844868297,3855.1993587020447,2.7511017593925806,0.19504379219839363,12.021886910811606,0.19103206517247948,0.0
753,15216142.00062333,1019286.9189662883,4661811052.976143,99638635.73627158,0.49680127204311253,3670.8321055485403,4.302794985779148,2.1612212083791276,42.337478155485655,0.35483678352150955,0.0
754,6518.588845897053,1190.5892639991978,2025497.421552953,36797.63479953937,0.6671854234184691,4014.478914839496,0.8514315607246374,0.06122838386136111,4.433607882055151,0.3195831545184975,0.0
755,22107255.64533802,3959335.319057665,1170639571.9650104,78565089.72772901,0.7081206570214168,3728.951862555419,14.844247292103265,0.13589502041061213,9.920617111832026,0.20368955391929233,0.0
756,6275.772112694691,977.195842728969,1866989.122330999,35595.297063659935,0.7126713295854374,3928.208023839702,1.2318982553780857,0.15578772692357648,10.15559520371974,0.3045345656457099,0.0
757,9373591.932789601,962612.3820050971,1210656270.75021,46116553.7178752,0.7084177172953692,3159.1646798559545,8.132989853029118,0.091675470114658,6.286679471453712,0.4001749623459028,0.0
758,1639561.7433255538,231213.24413111884,148824097.97035834,6939040.567050618,0.5518300936452831,4133.614885071745,1.5120045738843726,0.11480111290210085,7.107081840107502,0.024933376604399943,0.0
759,1337.2188302921647,74.30244732331805,814622.6414503071,10748.850516772578,0.5425824439951561,4376.288010934811,0.5908621523749805,0.16045798016722718,11.586656601062318,0.36079385234766254,0.0
760,571656.0611245006,61420.079095283465,90366936.62529756,2955446.003212958,0.6749053322874266,3905.1768660267653,7.807104021864522,0.12309808501125756,8.978992054372206,0.2616739793140613,0.0
761,634931.3386447707,69571.58274860143,67490098.93979529,2880625.605564201,0.692870341218202,3337.3958321070286,6.364575366320123,0.11605187996774875,8.652866407088293,0.4790511164322422,0.0
762,4813827.598241768,562235.7395372682,510463204.4845068,22024569.914807018,0.4946467183610889,3372.9051839658496,16.41999672880413,2.1508867727249505,41.35077246675198,0.17556762351372746,0.0
763,5109.633556453785,496.3521862835911,1787965.5643864735,32015.83540131468,0.6398266408104796,3858.2057460602473,1.0266684624692073,0.13787746700625192,8.864433312623408,0.09248391149283228,0.0
764,4413669.66172943,565274.9885292526,277636604.4972947,17390822.007106826,0.694205749730106,3457.526583891417,3.2320027809412655,0.13525692662586,9.54036947088899,0.11863514229188162,0.0
765,16030.412934512075,9498.768806580198,1824878.9806835458,48752.75871197148,0.6435768813015222,3285.9279282731263,2.2670104346760436,0.7500605729248528,15.853837533702528,0.20425907226477852,0.0
766,878669.2384301701,305007.5038484401,10442019.400149576,1828023.8856869973,0.7834195632531676,2844.547619074083,7.249460857736145,0.8200265559234264,21.36579612952866,0.15263426418758105,0.0
767,3956404.427575144,408889.998650942,553341309.2497406,19744873.281570025,0.5334528587789513,4091.439334020596,1.9507291686649448,0.11181078357781056,7.1861683363204305,0.19822598531603522,0.0
768,51339.36654130941,15694.571927701332,8494733.920605633,227970.9617970467,0.7436212152862771,3279.5108411145884,3.581691121310594,0.7429617584393635,15.89131231672169,0.17706115080032706,0.0
769,305954433.66263413,31411962.27838099,35499242542.395424,1450562024.4794545,0.6165942140090827,4186.784912280022,10.868085180463776,0.14666530973958078,10.300871091483994,0.14946720303582156,0.0
770,217931.04711010153,121555.19303898417,4809734.910379859,443891.61308825214,0.16798487690768135,4070.1359849336486,1.502794085121362,4.186459907509765,73.41003219045476,0.16306901347463662,0.0
771,73911.64025332192,33859.52527161385,3044161.58680044,168887.1640790343,0.681198629317249,4212.167466794495,1.5569920146698202,0.14498051030800543,9.481947010633595,0.13735256543373994,0.0
772,37179.10276178287,8955.356510706693,1809979.874206232,114495.66323572092,0.3558614018271133,4245.007124402708,0.9447140087919125,2.141486911853177,40.478408708163286,0.06395825351778381,0.0
773,15152472.975607798,1099074.3177227075,3452563253.4234877,90899603.78187963,0.5186246792302114,3299.965007001001,31.9608612382519,2.172106560764716,43.28906910079813,0.18374750538789222,0.0
774,370263.1074502432,104721.08022809753,12677662.389931086,997671.9973235825,0.7057886662558253,3913.8710124669806,3.3041235816281023,0.05910620077983371,4.064683647640152,0.2846694776594944,0.0
775,82961292.45262817,10089023.61422411,11599695715.955633,408022347.91252416,0.6971001503617896,3511.0028866880957,13.378963187571268,0.14599552752848943,10.295848018277956,0.1555847167330773,0.0
776,2739.238452944233,385.5374715844351,1041248.7124768011,17182.735831346265,0.6179162689249484,3835.2023969405027,0.5039623483867554,0.7008352319870316,12.598382716700595,0.10923481398709634,0.0
777,1361550.6982753044,189001.79453582808,134023719.44614503,5886009.678467271,0.3305621896096313,3801.508156806887,2.9314331498369834,2.782335268694879,48.99799698231724,0.09676873711948455,0.0
778,97855.47488662302,83071.31711056232,3350772.0973400185,180540.8148435434,0.7021333803090368,3536.3580608796296,4.942982445976375,0.130940335565694,8.721358979181733,0.39377664967746434,0.0
779,66587620.51643239,11841993.567383442,3053602390.1503057,230346908.04189873,0.4560008460342438,3649.6664095446904,30.156899138234802,1.4618452676251676,29.495494673806814,0.05405965523281093,0.0
780,10377154.433219993,652814.7170323645,3017794011.131272,67943490.60189246,0.5147068737502819,4235.9956554733535,20.807322348103177,1.5512042095068352,35.994684065879504,0.28571652083435245,0.0
781,11077.380474121583,1761.3700808943563,2741294.2832239727,58230.33236551394,0.5901175730633119,3706.3637737845747,1.9735425505303201,0.7534145339118739,16.337569532238188,0.4150342559447337,0.0
782,14552391.940766271,2163735.028601329,3354823195.806395,79047129.52243999,0.7570676446834147,3554.150875487906,35.693781584034994,0.08106684052695039,5.9917833870311,0.34328747428872364,0.0
783,279824315.6713626,67155921.06438112,17653937758.995502,941399061.4386609,0.5900805114747248,3473.1236242427403,3.8928793393886667,0.13238774882631982,8.668695643340133,0.18063121624093997,0.0
784,6652911.836636418,647901.3368922563,822573776.4785677,32530090.751041643,0.7094941550696573,3025.754494103422,19.148884782747817,0.8619077196484515,23.558358011329574,0.1574178014381969,0.0
785,9076357.554661095,2677611.261097356,147304242.36931992,21860276.426731735,0.7224666993274702,3566.7588749933966,5.843612989572958,0.08011212676995214,5.610534891055375,0.1061969205437731,0.0
786,16804170.48066749,2707910.16379152,2295760651.231152,78840315.88997667,0.6786914584358545,3553.9876054201113,12.675289787191636,0.09380909806673729,6.7814793095580415,0.2820355614888611,0.0
787,22618.76207507954,5852.527216290195,2168428.6129264645,82536.83030188162,0.5902307469584228,3971.648706592301,1.4782347725231832,0.08851297242658554,6.292901557613376,0.13468643012057802,0.0
788,3167.476765491755,211.99694979693112,1228645.8303554857,21883.731107015385,0.21542513188762574,3799.218189629266,1.0489270393340153,3.5329668544398394,64.87642550991231,0.2572636595308713,0.0
789,37481135.19440796,7950746.483437903,2226537440.855957,136126960.32021528,0.7855095341061198,2778.7297956863595,75.97592171099208,0.0908256741537568,6.235927739696832,0.0730817394553136,0.0
790,7407855.67667464,990596.4751668039,679708229.5655982,31649005.026301812,0.6884782899626881,3318.541486310212,7.0585790192646165,0.17723361814620392,12.970173915674014,0.12310461637123193,0.0
791,22340.66328726464,16308.069377238262,1800590.6186741157,55959.80476561077,0.6251458103416503,3784.4402091995903,1.464701913521467,0.7324465682609701,14.813812222173363,0.2556645052051522,0.0
792,2236.134098901224,423.27072555065877,1041996.2611584475,15097.333531657383,0.642471990889692,3694.944966542459,0.5854771919040584,0.7605632223504304,16.466785466823737,0.1707819450881459,0.0
793,2707.288957102685,448.03667491896476,752293.0581028921,14663.512671244429,0.2829486137731682,3703.8264108284393,1.1810076565258958,4.11952205466303,69.4764444147537,0.4645350778182866,0.0
794,130264198.75184593,13376416.65500425,22516591646.2636,692658368.6108869,0.707577473935971,3985.5757482809595,81.05198615181979,0.11109875438541579,8.209278695275163,0.21840837947290562,0.0
795,172395303.47963563,11431480.506980825,39415197009.98914,1052965448.9194409,0.7176495162577756,4002.437602084735,37.27364172847609,0.09200577834552295,6.556404143240492,0.2376790700687606,0.0
796,6959483.056732299,1292918.9239773091,306084491.5210263,23600152.714478247,0.5086626187657788,3429.600651147356,42.99639411126991,1.4997751696157655,32.36982259491732,0.1675971508667504,0.0
797,1155471.007474653,264560.9372531287,75148273.0043765,3994873.677245813,0.676253515257561,3772.8541800669386,2.862519459773576,0.11971780368833143,8.832054827176995,0.1729361492402789,0.0
798,89270791.57294825,15571643.806542939,3496252974.9471574,296218133.3676621,0.6978536522052777,3758.088963184974,10.464037528430833,0.768171917727448,17.807323805274493,0.07475287409126614,0.0
799,14476314.98546814,1312400.940605907,2137133302.7955031,75260703.54333985,0.7722364249917346,3171.145901468564,29.841457369375433,0.12194264311153988,9.040932446977566,0.16930546987872444,0.0
800,38345616.608046636,10754117.118091136,4091208262.803689,140584306.18829492,0.7418398033354622,3311.9266889065157,101.30739879733308,0.10204893263795327,7.69073680180635,0.27752937276408024,0.0
801,1778.2215934977914,210.28670736406949,522427.41334778274,10515.229930200563,0.07095709135659516,4078.095124163223,0.759502548923526,5.403266459400557,86.32073537558968,0.19772698700404825,0.0
802,8148139.221475792,907336.4762254201,851272144.6678675,36877381.62900488,0.711223656958749,4380.735687239298,3.6130333486853514,0.09379462965440818,6.863675589339938,0.13235728166388488,0.0
803,7302026.39255065,935342.9470446643,636534599.5580137,30842174.39781075,0.7302967486491185,3815.315819764232,4.5297625577292155,0.10949249275166739,7.722343022763548,0.16910574721529964,0.0
804,11703829579.352715,2502916835.19711,349423027598.6532,33818681522.640728,0.6713631948345127,828.7294635055744,20.18581136141523,0.1323065055981588,8.708232650342582,0.04307141147338556,0.0
805,18298929.33165626,3402191.8196389214,1178859647.690558,67276089.01353696,0.644995067146547,4080.994669158375,4.8797709644023755,0.1498357196847171,10.688485136590323,0.10399760354755712,0.0
806,3039.5294074864005,727.3740507008404,996563.281444154,16966.357123711867,0.6185049813576015,3656.3274193268608,0.4391119586888983,0.7277466813113748,14.56502858582312,0.1049304713349663,0.0
807,2138.8801954463097,335.6134888997911,967467.9444689478,14422.106891138485,0.5420062087553985,3746.091265942637,1.0808779033260447,1.5098498708027395,33.17503378729,0.49412100918085544,0.0
808,104315605.87966433,10817287.220421528,15553743568.7748,531232852.88524705,0.6711845526944613,3432.280418429818,89.49982696526928,0.06469702266153102,4.746433348754233,0.2630511471096442,0.0
809,19163692.980732076,2087716.8061013683,4024420740.2593775,107064157.63899705,0.7143578098424334,2676.1109376158074,328.2505451668604,0.18088251885448453,12.857825467955294,0.13190408822911448,0.0
810,7774.891036569679,835.3577590851668,2030686.815726826,43383.35108225753,0.6568024152027975,3681.7360327325914,0.6107958259022007,0.1149586582472816,7.9607155657153,0.40302090723842243,0.0
811,138678490.5549546,74245814.13557756,2407903565.224002,278709510.6847543,0.7187522638942515,3741.8996003611765,5.662572368619533,0.14841065028535444,10.764780823990874,0.2826491246647708,0.0
812,2675.296806774403,423.8211452051813,1062693.958078526,16499.90858345401,0.6502241547430565,3894.2111826434457,0.5027141670201961,0.7391342606394415,15.305408152768711,0.45187955655916456,0.0
813,1135.8428474319899,168.8841162995863,557383.98979424,7884.194158111701,0.4245435950103693,3812.2277621565663,0.5820269045001267,1.5428677215955622,35.03797444228731,0.3803850390873438,0.0
814,55876159.000221506,11180419.96181396,2342938021.089432,173831807.00277498,0.7288220318131932,3172.885786281555,153.18325337250803,0.08061377809400136,6.065545686083917,0.2838092263519395,0.0
815,6680785.648796197,1483193.1418350996,529324223.25513107,25631157.318335634,0.6485073387919945,3534.792254879939,5.485903530694669,0.0666125901957522,4.850331532182342,0.17590875456615915,0.0
816,526953.3738216008,54636.27502782531,83370705.39009587,2743497.8224160997,0.6291310059815012,3981.18836853314,2.2615694572351135,0.19226039922361293,13.057200094728191,0.2749476071038351,0.0
817,115111266.14468765,38788136.47201708,3848945740.699144,318467012.86698,0.7069722612586851,3578.73818325072,6.616883310908769,0.15205866901392245,10.515993587077308,0.1620718827896503,0.0
818,314701487.41901124,98377120.0487372,9371720067.689465,817448478.0149336,0.6366100422747933,2393.5761615958813,5.395546827795627,0.08346645066853205,5.752175580757691,0.1593274308534864,0.0
819,18883773.871044103,2304585.2818058804,1937187791.068824,83917083.52007672,0.6683012687260896,3847.897363267717,6.714364331270661,0.16288081368570007,11.649184217235074,0.1765965119300057,0.0
820,15514825.321582656,1108032.0662301737,4029258438.606495,97059772.49908279,0.656604045609676,3017.493258800433,22.9566007682917,0.12265562664758348,9.001861269368634,0.2333995467776036,0.0
821,23522.179855625924,15097.429005317439,1446605.4973170566,52728.10668655556,0.6706717859746322,3472.5303759269345,1.2081679358752788,0.06037348593831915,4.232200232251614,0.37403236566401366,0.0
822,9795263.015683576,695891.5147017476,2164290915.9978976,58678242.9717973,0.5397363769261802,3590.5890851566555,23.893452744428135,1.5108836500086646,33.04158352842224,0.1808384298983655,0.0
823,1648743.5969420108,665320.6658717465,55805593.65272734,4480671.379640451,0.7460350682962482,3433.8350802961522,10.960964855773112,0.11688760286230586,8.498464112546593,0.2775939879779704,0.0
824,19625625.4249892,1453633.304595252,3829462793.8502607,113190479.10596398,0.43446820460328783,3182.4296277730145,12.918996175321759,2.8275575373828543,52.30437736055658,0.26741774392665646,0.0
825,13964552.644737363,2759606.2677557883,1338441530.1680086,56786840.31192966,0.646856546377549,3880.195996053549,6.783923202171957,0.20773392923312511,14.783012808563589,0.1806119584477488,0.0
826,36855311.749002054,7558247.506083469,1429367892.401914,116673184.39875014,0.7095345842834508,3742.6815190851935,14.595941846169879,0.16822702601924372,12.169859316594703,0.09127966516075486,0.0
827,9042114.078929435,1607123.9957512678,1202598617.6256905,43279614.21763768,0.535705376301187,2909.538435072056,80.44590893883095,1.435468486941957,27.857397713253533,0.19068005160922843,0.0
828,23056.347668300346,17090.708498736356,2503635.799622249,66458.75183595016,0.6658248652422668,3597.9509105446596,3.003843244786638,0.13051103160555283,9.233574870928631,0.10835786044475257,0.0
829,128074735.55558996,19865772.325535573,9892217105.081676,499422667.88458824,0.6798223197298909,3829.506744094918,5.364585740851552,0.09759839356312297,7.039767271375451,0.23311695730133794,0.0
830,23066785.828857027,19389811.37685951,509343061.6408819,43615885.84985066,0.7187522806170439,3980.511840766454,9.793004759863294,0.12681555774683445,9.01521274524268,0.1381623020897369,0.0
831,18879723.98841998,1356054.53462886,4248616015.101546,113229405.1852983,0.6459492240716104,3243.092885599035,23.399543756498858,0.8181538161619037,21.158907989404764,0.39827825569037206,0.0
832,45179903.275623545,7423300.12176076,8813376461.669182,217467177.89449787,0.7282085498622045,3430.5861854916398,96.76809992127349,0.06994659356865736,5.075021319529744,0.31350464213578233,0.0
833,1619.9192997253217,178.76136556302808,653601.5474789114,10455.31411273894,0.4161351585078152,3863.5395786653917,0.7733918374632789,1.5267157878761939,34.18302308494712,0.40131576417017184,0.0
834,58417395.72803056,8445091.139698138,5183543477.93381,243213614.80470476,0.6079795589155974,2505.138210994797,246.09222665007584,1.4728037892402077,30.57932618874178,0.2499960107346449,0.0
835,670864.4711864291,150705.86954034932,36726044.43344985,2282589.71419197,0.6544810130422457,3630.513869337891,2.783567803764464,0.11938165836635486,8.17683465898949,0.14385514946428626,0.0
836,11856756.725889968,2100877.544373071,399625232.7203511,37731402.97253318,0.6870310544530943,3721.414973581909,9.256765377767618,0.18953973300101135,13.3281760608224,0.2847232313990451,0.0
837,3147138.429521428,459043.7645111311,389875087.75194114,13882547.2129069,0.7251139511630083,3324.3207985865292,54.908199595845204,0.18716720019194577,13.551895066201102,0.24774805684791582,0.0
838,436941602.5728124,91286117.42775592,13946284760.045767,1303877331.1073499,0.7015897619664628,3485.0403568533193,11.873727519689433,0.20132264685606743,14.309107793919562,0.09531216438118507,0.0
839,380983849.92098397,108873343.36546044,9039570460.28971,954527738.1338724,0.7394748050833756,2102.5015290343817,307.3520624041673,0.13363953710233495,9.584084702098904,0.22261157691021607,0.0
840,20045363.8828347,3187811.797652202,928046662.7448658,70633448.60815138,0.7371459145722986,3945.4077529992637,7.408100912092084,0.09129840906530048,6.541852753415924,0.15866380841753533,0.0
841,7446.773616518121,2565.7071254441207,1657699.4814154455,33177.00939862394,0.718194014275736,3844.563005993572,0.6246538970884132,0.08306939679038754,5.907971494762722,0.7193503119781477,0.0
842,3579882.5294619156,450237.37615400774,302943802.1069006,15188392.020161426,0.581003280310703,2914.631472125242,23.24189806781003,1.5071111648353683,32.54022870810119,0.43716729774362306,0.0
843,12104932.352924783,2491012.0152893933,520616623.5863458,38158074.853329554,0.7451757296206918,3405.6873228457052,90.68294420735582,0.7605611521930123,17.04616154994941,0.13044667561728218,0.0
844,29002464.658003777,5368140.066017346,2542267701.148394,115426893.17750919,0.7423228558864996,3638.9985702424055,44.54779335655523,0.13254429589485756,9.706730206452757,0.07596693152784559,0.0
845,10825953.13045239,1082205.324699109,1685723127.728353,56321678.94197103,0.6192993011658974,2175.34836171211,130.53197441531688,1.4562380834912927,29.287720659691367,0.05399319111722506,0.0
846,1054934.1842046778,123661.64165831878,104079396.37707296,4644548.530876743,0.6724245953504858,3952.1383289795767,4.426995254403862,0.08389172090258619,5.902153729808451,0.15431367937943077,0.0
847,8710641.186147654,940021.4951544916,809838103.3810729,39263259.79534124,0.6978036161373287,3714.1073960888293,13.449456600882408,0.06028026252035934,4.383669921324023,0.13030346409962634,0.0
848,51259790.61184685,7760286.047653383,5672419312.398083,223435575.6087106,0.6574856623093338,4264.2848738159755,2.484716267414801,0.039179497634190597,2.8681404256507093,0.260460709574334,0.0
849,17622262.440670896,2137385.1103834035,3150902754.972475,93751119.24334753,0.7346173292604524,2857.283980029581,195.55814885060087,0.1656825333158019,11.973234756741517,0.236280955968717,0.0
850,9005098.112813776,989902.5115341876,1252271586.3388731,45901146.02376096,0.7598689079353041,3563.184392101757,10.612274781539686,0.039687478908595517,2.8080937324140165,0.3308991587628313,0.0
851,1351833.6316580547,259301.58507951483,94005185.67389433,5051282.266999163,0.5804775641514734,3794.115031468805,9.553364320467722,1.509384914328089,32.86812879983971,0.29949668585877187,0.0
852,5514277.05732126,941173.4568760777,558904300.4639316,23417078.174970284,0.6146332577948121,3630.1363631305007,11.16977251391021,0.035152811084107505,2.4507986904569408,0.2408739910582972,0.0
853,23917224.76287421,6618295.989434679,866683324.9277449,70898564.3715482,0.6847961879056005,3558.9371080062906,7.119730410350026,0.1257912283302894,9.150477148048122,0.23131726861512206,0.0
854,12103592.807093803,937090.7294444756,2098568633.2895038,67167639.29159853,0.6741080209142238,3825.8559840454755,10.947890189924925,0.07672398514257343,5.430736841488281,0.11768698283462642,0.0
855,89122779.65667382,14196190.797066102,10617240076.918917,395528368.2600412,0.6554866071543722,3274.4359335587087,44.65271185252297,0.15496007696468733,10.877891802398263,0.19202970395574737,0.0
856,4564.959108728509,1057.352718720021,1265858.2749544426,23842.809523269825,0.6473484191411518,3457.7564595110416,0.8400809347465342,0.04887868926041801,3.5733058735241654,0.2431469307660083,0.0
857,129176.51430986992,37780.715416634295,10597744.52671677,430410.83453078906,0.72845183519476,3702.2321985051076,4.5032952977941445,0.09465602600997229,6.657679808487707,0.1552135117014014,0.0
858,140684.9557450079,25309.766611824314,20333375.40705287,617705.7483057356,0.7682502276734813,3555.8169334677214,3.6038979011991494,0.06896445422407176,4.821263277206894,0.2581430713209916,0.0
859,342727821.5633572,112877108.34683593,8075443320.456304,845221224.5878446,0.6829643633455899,2264.3691667922385,8.513888743135666,0.25013783495491493,16.236925979512026,0.12985616329076768,0.0
860,23322433.12540873,15624393.953182474,608474738.3595417,43290591.759647086,0.7573469566071872,3580.7666394659946,69.74540488177698,0.1330073910705992,9.91220466302667,0.3217326876372616,0.0
861,1486013.4034992666,101849.69986254358,364250000.03649354,9173949.554930942,0.644667967204178,3302.771121704096,11.454598735975493,0.8231815212590622,21.715023888779584,0.24928775696663405,0.0
862,4729.838991729339,1087.6815531595134,1413885.944598066,25542.35507463004,0.655491316247755,3443.5990139110804,1.2059927069962402,0.09756601117445012,7.037288612004348,0.4710179285637833,0.0
863,6280856.8569502365,1906091.1943069026,82732058.42238837,14101551.382688964,0.6799245866286627,3471.4982267180076,3.640316253099324,0.11116170417539051,7.837784419677054,0.01785773475299355,0.0
864,17293174.605047293,2708546.4125299565,2472804142.965154,78859312.42904043,0.13509927604901603,3527.069397740851,45.602237696475775,5.520719102313317,94.85225038226929,0.25550586504094613,0.0
865,16767266.716819769,2753330.6790988822,1012232732.3693485,62745917.74140378,0.5374291299366695,3517.0949817692867,2.437063454171014,0.749412081051296,16.293537159893408,0.039181071671346115,0.0
866,22005470.48299289,8804027.233369458,660699328.614543,54861319.776885845,0.6607048299579216,4327.496984268667,2.6247523978544316,0.17681549873284386,11.764839456635048,0.17306185234341953,0.0
867,189820512.55701998,34903282.47860309,12135082571.695576,710406120.4832056,0.6796226692502165,3770.7175263812005,7.898057295049745,0.11540249519771387,7.882434296080527,0.13672895083418946,0.0
868,2549606.8574677063,472542.8616097576,105523442.57762264,8351968.730785231,0.7289604332151282,3457.7575451870416,4.773707049613994,0.07667187577819563,5.714841482468728,0.06919999961834407,0.0
869,12783576.061405618,2693450.7032870813,851116481.0750496,44343042.733527005,0.6715291699550044,4234.5870834313855,2.1116487774786687,0.07795058420301623,5.557016083084666,0.23132954622241633,0.0
870,16719013.333397761,2172556.7850795668,3787673625.3299637,92033286.78533924,0.7864299789135261,3341.1405167238518,19.547353038106653,0.22385202388939432,15.670378312190797,0.3785023625180193,0.0
871,21721.132647593444,9060.248073416555,2751443.434570674,79770.71977089986,0.6837688289806372,3400.8196256504293,3.495292427669316,0.11815287652164548,8.858123716984085,0.2696724004018533,0.0
872,14098061.82702876,958579.1020671589,3182926052.7699456,85607239.16675122,0.07170962134354411,4083.8044186973684,18.532065157473284,5.435793131690212,88.57684997323676,0.14258550198910508,0.0
873,14130066.026377862,2947426.859611203,921520447.1407406,50416930.232185796,0.7105052486968699,3634.7703993030527,22.08439955754321,0.18899000286307183,13.180683022851142,0.03517117210595954,0.0
874,41541.53118093587,5199.925335800137,6408633.797480844,204908.52775832763,0.4749399683918815,4369.163394503084,2.1064730961564315,1.5055521599796524,32.83874193130778,0.3851379168462183,0.0
875,26889.74576726152,16571.129562882976,2248564.940659416,75541.57636479044,0.700365052449742,3551.196733240387,2.9750047888742306,0.10878781065287706,7.611806409758766,0.38345300694453877,0.0
876,9506494.82769234,703215.7213168617,2697283246.8390245,60859802.202427074,0.6905917212979311,3232.0161452160055,22.247190929898654,0.12855206285626455,9.071328217920666,0.20051854645871678,0.0
877,34352253.73162986,5295192.058275955,2133234023.4856465,129748625.57249737,0.6593502421039553,3410.495393322933,5.687859096976809,0.1186433566825917,8.552104926293463,0.14380653523970605,0.0
878,18451004.49388316,6147971.838267608,202401153.2880219,38725704.20802084,0.6458061460552278,3801.745836518905,3.486119672731562,0.1592096862694265,10.585759086804844,0.1071030795613102,0.0
879,88647801.16608612,9186045.00416765,11375336309.142035,431828984.69629943,0.6945289172038505,4031.582227651442,101.31688212962561,0.19657469139727332,14.008296111387903,0.1432861366964916,0.0
880,14591.267335405597,4143.179822523503,2139208.557027362,56542.035505817155,0.7592009832972745,3848.2196134183987,0.8050178827027149,0.06641623132009036,4.784040982238521,0.1690980923002405,0.0
881,285869.3878859655,24999.606229798723,44776667.226867914,1488990.8756734096,0.629331938074932,3616.0582765767995,2.0196974247576502,0.1408344180468064,9.627076907123005,0.14890473889743427,0.0
882,214.50709273425218,20.852449295840415,137838.80691560148,1740.11816426992,0.0486251921774152,2353.1562868925757,0.1678027883731585,2.7067100825461856,43.33593548695528,0.36586402182352895,0.0
883,29367897.0315714,5443398.309771502,1956552014.865973,106778289.86448143,0.7669138388082934,3102.487009275682,149.13784018869552,0.09123054832659028,6.739516225816734,0.19778745771368095,0.0
884,42833827.36901548,6826865.863992885,3397194535.9207425,168690068.07302746,0.5998352949649025,3792.5719373518386,2.9508420118576253,0.04291338852171824,3.1542013957152095,0.21952022847544708,0.0
885,19884.572659360918,6276.722770299512,1689708.2105876748,71582.5156337854,0.06268316685633649,4167.12166997704,0.7097479417313781,5.426784845307641,87.3476318124822,0.32787649347194386,0.0
886,13002551.93151395,1849787.0247080834,924956482.2302653,51204954.77874404,0.6817003317235517,3521.4642236077552,16.537293418675404,0.1548616871495864,11.121259735780724,0.13552473526196343,0.0
887,1415769.7318460857,323434.19412062765,44943405.90915813,4072183.1889700657,0.6816159060345495,3776.1572833083883,4.0762818494572395,0.1261154185160077,8.901178135857668,0.24157143512021317,0.0
888,8179688.2758924095,1372394.0746052458,462548222.11038,29514494.551133253,0.5280329607001671,3510.9552510508,35.072529778217145,1.4852190372960254,31.473296807196327,0.23353754060657572,0.0
889,382036.95454766194,106734.15563008869,8688078.459596302,986160.9272922039,0.4577363391627725,3818.3055465565353,2.633208564519699,1.6090025564070494,39.64939740937958,0.10748993238576315,0.0
890,41093221.85054408,8995433.435106717,1577296871.0462708,130108294.1884288,0.6852402687047124,4181.997933398812,5.411357382800326,0.09533672563880158,6.830104366572942,0.101552563549226,0.0
891,13729.187757319403,2893.4388677224424,2128255.255444658,58170.41198591651,0.7024937754548347,3587.923005793619,1.5647579606373205,0.15500455137057062,11.041557020554901,0.07271051815802015,0.0
892,172945966.79659048,55569812.54847491,2614230246.0158873,397351588.9539681,0.6828734239685887,3614.9828644079726,7.301103886811999,0.12289998567307991,8.759976433914309,0.08123182777767583,0.0
893,13374310.225099614,1663511.5254550758,1118058394.5979137,56306650.56307186,0.758140301355733,3765.260714363093,9.58049991166281,0.13167599821043954,9.322399884588219,0.35834651424911035,0.0
894,936467.479279055,260418.65935271484,33327492.041083347,2623560.3815134717,0.6759156926759993,3851.0522222692052,2.605724307619305,0.22637602567434562,15.474145662484176,0.42633167872878547,0.0
895,84852515.50401309,20159709.925185885,4929028131.564058,295338127.4288396,0.6632764466908097,3539.283544679408,11.130681635114863,0.07441341356460889,5.321874657197087,0.019038766694537565,0.0
896,401046501.5685075,140411183.0989509,3992622191.2832603,824236213.1490209,0.7264499131609359,2289.341634375188,24.60723334573496,0.0696997643108146,5.019224957599621,0.16869833398305953,0.0
897,63486186.73830797,5514318.790036775,10668702547.062126,342093475.8113826,0.639567282073985,3958.651520922621,4.9208623590668115,0.10569051175893981,7.800268448913092,0.13290954857158177,0.0
898,4034063.6167684617,1287932.721235257,247037539.49609512,13649369.796981346,0.4356121456259217,3914.980456344151,1.9826177570743637,1.488733242818349,30.967239985016057,0.17733195480746536,0.0
899,10444791.245266657,1037704.0542543603,1526960711.329078,53553044.11790131,0.7509752230237394,3032.7061915543118,81.45856611394854,0.08941735196303746,6.368049692744869,0.19448498653890633,0.0
900,1420814.0669612216,394584.11275544594,39096580.100684516,3646676.784480476,0.6490917311872805,3784.034232779629,5.277328390101911,0.7929337959066147,19.353403438056034,0.07128967082892979,0.0
901,20242276.134396147,4259056.966266849,2031374609.664847,84923392.14806762,0.664465289203118,3439.9488199072007,3.3539027402111063,0.07156570179256772,5.205673733240344,0.2688182535668347,0.0
902,28419790.754717153,3236768.7714542313,3022660949.2214804,130829172.73030856,0.7491397176167073,3569.258677350922,13.18787039119729,0.14565630239436977,10.149438769487164,0.14849095142562022,0.0
903,17237445.23882129,3078604.146203804,936805570.8977791,60619228.48055728,0.7141553563892914,3169.7883189319205,15.039990244585487,0.12326155027681392,8.950143584812327,0.2643453961435179,0.0
904,32518847.30820016,5476378.03406872,1681718463.8353138,116357602.70994309,0.6016329221935525,3716.595194434093,1.907465469114207,0.12293846544508949,8.220395653595855,0.062195758228580984,0.0
905,20038322.48007936,5740436.164812854,1546008974.7561703,74079668.02677613,0.6826412897248091,3570.752798430632,4.394968588684747,0.15946951851293606,10.825040412694214,0.18734337687214941,0.0
906,6244035.545666421,1894657.3675035578,143109425.65897202,16075686.099231109,0.26031681837774645,3601.925197859123,4.200006765478474,3.441478661205553,58.77426592170286,0.05835215456100785,0.0
907,17584517.613633584,2871177.7157031666,889286889.1580509,61268496.81250173,0.12047414531240078,4049.5487690103746,12.941462416202254,5.48916075060893,92.28972614922304,0.31481435672285046,0.0
908,2932.7813020460694,649.9470880943875,767550.4777187683,14620.877270819587,0.2455190747038804,3783.038353530274,1.5312993955149974,4.140907415296822,70.98621498301763,0.5297064392264768,0.0
909,21858.552052093644,12979.520952452845,1884082.022643616,59202.81816318906,0.6911370718838488,3601.5238588097354,2.1261107811000843,0.12300602436587287,8.692097234776458,0.1961941546092052,0.0
910,21776484.323484886,5032333.501300884,1015998167.8902581,66512303.73441044,0.6332624576454027,3406.0753974027025,84.84113927928473,0.7552872999449185,16.690705479067624,0.1348308026312138,0.0
911,3216.4507858772968,354.8048493855261,1319259.6631505147,21474.12576587299,0.635079521329049,3766.889757683064,0.7035044892055681,0.7742307129644866,17.724911109061523,0.3772436308508807,0.0
912,18480028.54235073,3509722.646763549,1583035690.4425578,71383273.0695447,0.4081697853811542,3980.01594386639,6.567996416594895,1.5025139853925649,31.809464001093477,0.1833973996694015,0.0
913,263423703.55471984,208090415.47436064,4671469955.315311,501274000.63045853,0.6841528799486373,866.1652449949158,9.558679493741714,0.11936878792528507,7.889069943472383,0.23369435430634578,0.0
914,25730.97810598114,9757.26581366929,3532102.122966727,95853.31003894398,0.7251419119345716,3646.400301791123,3.2221309968832896,0.06685782989665681,4.9244877172591215,0.48145847394333013,0.0
915,6184.5742534004185,1699.395059118056,1538488.341501547,30330.226130870695,0.6380122108712525,3464.9538661538663,0.7177995117994013,0.0889276382234212,5.858096894051359,0.46392192526225745,0.0
916,5053015.228033857,1113092.3271658006,109965197.62256321,13947585.64762469,0.6826301967822578,3403.8002360287505,18.527901778420205,0.7558520144886584,16.84963695979043,0.1419270027926587,0.0
917,2964896.871640916,470638.25364557747,441658471.10526305,13192624.311709631,0.6493602974055568,3723.0136543984895,6.729753177074298,0.1334708277318974,9.000063285972434,0.30646944938050585,0.0
918,35153166.4949639,4123857.435894098,4590242294.352871,169513469.19313514,0.7473225307953518,3436.3925397304592,149.46792591203712,0.15831722819281904,11.397368494349163,0.14186674156984122,0.0
919,40431.30264328221,11959.033226858079,4572201.8345986875,153376.19176031888,0.6771271787877639,3560.6851165963453,1.683100091577981,0.14035343681063467,8.950754691202018,0.3192155402074399,0.0
920,20065246.60848318,3633276.3253627224,707510612.6623502,64701156.16711603,0.7143922083665248,3647.0814133058884,8.578067853252902,0.08178045044259888,5.729242669720671,0.07985538776528095,0.0
921,7279.305325173974,879.2863619742126,1888250.2183425352,40214.47991724277,0.6445600408366146,3673.040563324457,1.6511267934551153,0.07767644599329575,5.7609142804027345,0.4658315658864858,0.0
922,5770360.979348274,1370164.5081168178,295153450.85474414,17429567.479137957,0.725650098657099,3976.783718649598,15.179805222008246,0.09142308308764058,6.64290485159267,0.3826970039676127,0.0
923,231828.8854297755,25316.89750020974,35870023.93250342,1156339.4083410404,0.6865256342706308,4126.326667823867,2.440196290689143,0.08487950485207704,5.98474879565943,0.4525183573926605,0.0
924,6554.867639227872,1629.0098857839153,1478833.18374094,31144.414046968992,0.7019524560894903,3612.4039038272804,1.199609119114251,0.127173329662416,8.290516088272465,0.2091382691028716,0.0
925,2407977.753939743,216788.65482777992,436669170.3160167,13066174.675138308,0.6649102991555825,3844.4272653402586,14.458820888001005,0.17432249305368552,12.630997036544716,0.29624966040876205,0.0
926,11185363.79027075,2291391.9302429976,1156628353.1054363,45259952.890286624,0.6719342536321308,4181.698788345487,2.8257105288921402,0.2061247220057088,13.176570682695248,0.35079999226006564,0.0
927,8592981.34971543,1644884.43401406,679432827.7817732,33324539.655382525,0.6663748212156607,3771.7425407537357,6.073039902521201,0.7293288460370828,14.996810287504667,0.22627337620411683,0.0
928,11879.380308870483,1493.3472666566213,2366847.110882187,61027.08861394129,0.6451058656129001,3701.503115258637,1.219279985998115,0.14552342351771735,10.155844516538592,0.4416826068439007,0.0
929,4145736.63827842,467537.38278902473,484163751.28380764,19703490.16612382,0.7603077728318678,2996.702437523633,26.259032982367014,0.09657252687957393,6.971604125110001,0.18073534938552252,0.0
930,40944827.97404735,8891790.852906832,1085035943.6170402,119909916.46089403,0.47116593158684783,3587.9115856244657,4.160507490343224,1.4937677531875604,32.16687127958265,0.031843000239192225,0.0
931,3358774.4551750347,448493.5206059391,196151504.6184221,12912645.43113874,0.527157637901883,3725.4695989972824,6.2215207867250335,1.6161337522418795,39.93369288167969,0.12465837140669063,0.0
932,5053425.109890151,681934.4819340715,607859090.609982,22759932.8385312,0.6115863237037664,3948.9817218841727,4.44702869412499,0.7579796563630424,15.94168872447995,0.300597021691606,0.0
933,8808.60261339008,1163.5516641875681,3046660.779469038,54099.38763094589,0.7164736872560657,3746.342825827128,1.4927628220092835,0.09827256153772276,7.069482492203926,0.4532080846601092,0.0
934,18546949.682181094,5927616.824059681,425647768.55675554,45978458.502970785,0.7133270424622926,3560.9330794163757,9.281501506748842,0.1285442018868097,8.952067457306153,0.14699952078193998,0.0
935,842917.5999742482,345866.3460118643,39369454.176181875,2216722.4805926164,0.7262146309271141,3368.709759748015,3.955758527102373,0.10255572565652624,7.497721966401284,0.21768155133585848,0.0
936,1453865.012264775,207259.78026153214,129292276.65746243,6101431.877327254,0.7406566677093086,3952.523043943983,8.229691359049584,0.16247068317031682,11.643626899268973,0.10261527333424379,0.0
937,1282501.9879383154,221518.42055441876,89301336.38791217,4829464.821512712,0.5576711528254645,4153.45510204785,2.4496233619892425,0.7712287013311837,17.32789202687738,0.27022779465692376,0.0
938,7662.143463610456,893.4851210577002,2156310.2212331663,43601.399998169196,0.7147023343736285,4113.155833267963,1.6692145999560608,0.052822981902401624,3.900549691282052,0.19593156700872144,0.0
939,16345597.708558947,2064790.1661943637,3048596624.1768427,86966785.3433182,0.7233189921571296,3473.1687457034277,119.93505502208848,0.14134465611019698,9.935878384177887,0.2276386914193882,0.0
940,2667.252147529519,508.0785552297913,662229.2756035498,13184.800812022582,0.08535092528811292,3995.376782993757,1.1497673624392286,5.480419306264788,91.53366629205455,0.4283689786247825,0.0
941,14537197.990350446,2649647.0061953347,730999606.1269194,50859088.246800445,0.6362588368541288,3517.7026313129436,4.364757558218261,0.08990868050566876,6.361431563379607,0.25341910934716794,0.0
942,4748431.237866697,703936.9373573062,365703476.66861683,19622027.89114479,0.4320496093958175,2620.275771480305,5.994949137911001,2.0690853019039244,35.345656238103665,0.1634350160067465,0.0
943,171739775.6342242,17190066.58166919,26293747044.055218,880575668.3955208,0.6108192321783285,4312.101731892219,5.6635879216111675,0.12120368934644601,8.330323456239416,0.1770162283783132,0.0
944,223541707.0799715,52629708.07347663,16455355629.937256,816298101.8439437,0.6555410689337999,3644.4922644422995,10.624582269857356,0.1658484494322555,11.158937551445813,0.20695634997065823,0.0
945,46629922.59223134,8547044.989866765,2165861852.6285105,161084764.85023332,0.7290033918489829,3732.9614937625965,8.859187098584648,0.08254035861005296,5.8788141895664285,0.20045034194486014,0.0
946,1530442.5318745908,223289.90172255615,396574150.12601244,8899073.880238252,0.7094636175730062,3676.548748871844,7.957855915362774,0.1475039589643372,10.617110866666772,0.37263949796927215,0.0
947,29753659.36003725,5249951.109010546,3818437269.4502134,123577514.70263252,0.6804270345305223,3351.959569865885,35.186358448672586,0.10739019490802422,7.6848339083681285,0.35001723170838794,0.0
948,16147398.77120828,5044110.449399808,1107269767.8123531,58064328.002368785,0.715479058480308,3366.218873468823,30.65938311845639,0.17800217180239705,12.661272451069548,0.29519296584041965,0.0
949,28479.61667206994,6846.564934909186,5164144.495102425,132628.77377871485,0.6575604242949613,3571.211769037319,3.1621084702264395,0.8019358928667424,19.73606699063494,0.11403750397523657,0.0
950,5395.163398258085,1287.7079858650977,1640389.6694224845,29692.253284142316,0.6444933688004175,3635.0114168636364,0.9244707760841561,0.056015149497593876,4.057340621234813,0.10098839372420292,0.0
951,9502.819088245999,3067.622721810857,1309923.1419292712,36185.618630447796,0.6039550677433765,3361.5143523311667,0.6153271139953084,0.04493073428276242,3.204502357452988,0.32347649510755183,0.0
952,3831072.0577574247,3128530.4058558787,30996611.293260258,5139952.948805936,0.6464323574937569,3640.8543944961616,2.820448549914546,0.08197446191928304,6.044479886530018,0.11725154151787245,0.0
953,6108.899385330566,1396.5570814274329,1551211.6214539816,30955.287891058182,0.6761314049015914,3687.4925594406122,1.212689267035219,0.06029392383104515,4.377542410608045,0.10866347058146619,0.0
954,129422.21515022944,35024.14314575994,13998490.832484677,499483.9107889837,0.7549541658406931,3510.088248906236,5.29260154498362,0.11050596932354635,7.81920048891992,0.1875735622452779,0.0
955,20829.552822462363,2811.2871341224863,3352785.8004881577,96920.07588561959,0.6576651873926208,3900.87030693677,1.6309638081748676,0.1896828177200202,12.730380936916852,0.169357143360923,0.0
956,31321971.770400275,6059542.090817543,3098460220.490314,129392666.38754454,0.7123347930405164,3483.1476697252006,4.712702321151166,0.1078786301484775,7.627490368296245,0.17153376337545978,0.0
957,50166.67909551154,8794.388390677792,6390077.286182749,224113.7594558634,0.6293225616022935,3839.558955042409,1.2373341664365494,0.31090309144329237,20.99720491208415,0.3416295862208495,0.0
958,29963491.681228776,5241215.140647167,2221414345.372876,116182527.72470829,0.8130252628794011,2998.2763466569327,124.8700120780826,0.133046253035283,9.739305182937223,0.15482181120688948,0.0
959,50324.14777455757,14517.200104854279,4115216.2016368723,172310.3017688464,0.6202138198162477,3960.9122440313313,1.257494946012056,0.1992443160360387,13.61105261369703,0.1656168210689452,0.0
960,20507969.72784207,2646993.0440663863,3015166412.4554715,98041045.85178004,0.6875890983594581,3283.9134720728102,31.838033117928173,0.1624158938742662,11.16814955482056,0.27419996320605283,0.0
961,18236.87941965265,8967.426225836467,3382667.1294390624,77352.17506249013,0.734941552862615,3642.5729021252505,3.1585078653892777,0.0981516886916614,6.740670832182518,0.39373138240116073,0.0
962,18491616.059275147,2059354.094961177,1877286296.5706291,84169612.54690015,0.7205318711410651,3581.322853561687,7.929202179848323,0.11744191011110025,8.529601142801805,0.09817432632022909,0.0
963,187866091.32321125,25361267.59225421,23513367476.448708,865776674.9721884,0.628707766502286,3881.7842446859736,19.255438216865677,0.1322623004959908,9.404555917496134,0.06012979126236301,0.0
964,13140.476436683128,5698.570566915306,1818896.4140169166,48107.57648758175,0.6490837720950221,3579.966265435716,0.690633410343048,0.06757723449588893,4.549327195353395,0.200225730610247,0.0
965,273393.63002063526,107352.26912032529,15513791.199610222,787980.2888501831,0.6269387047629029,3811.6192674614867,1.755189893960281,0.07569214256364135,5.35095087040847,0.28271774076156453,0.0
966,198252992.64193615,68959591.06490687,7510475192.612699,509889313.2045496,0.7023283623033055,3196.9226816138803,96.99533650783262,0.11663163994142281,7.575801553536175,0.19100312900902428,0.0
967,17324084.1822097,1950294.2414948754,2194485359.0491266,81828459.95834808,0.4710484072471373,3461.7220848652973,75.35531537882243,1.5032336157308186,32.68851282990208,0.18008012783053187,0.0
968,126917.39368422059,117283.70411870649,3022778.9345965176,196410.19147207885,0.6617511588669089,3681.000100106475,6.765611019663123,0.1184868024851256,8.72144731838419,0.23856184766401167,0.0
969,15987160.187372565,1925097.7804735624,2315153851.525506,79123714.35228941,0.7013556745390428,3551.1155630083194,30.547359674736743,0.15850770334791572,11.658802808811892,0.24128989453848007,0.0
970,25600117.32334282,4092340.6742426134,1221746043.8433347,89855941.19167772,0.6342337459815017,3870.2541813390835,16.102451627490208,0.8308282012273711,21.602681074987775,0.3326494879010961,0.0
971,4854.504200004298,559.9747333056742,1453609.9402874634,28103.81305583698,0.6292579421634052,3947.4302181910452,1.1872714764126533,0.15201474759537598,10.819934975329662,0.10100952791582209,0.0
972,1378680.7673585229,354872.92001367,35572256.40655826,3648995.3464385187,0.7355404075508181,4088.271245700469,2.400103958625308,0.06330194877997534,4.550218396125162,0.5230908155660531,0.0
973,20004523.099960424,1850059.2659008037,2658186864.1828704,101107319.34100175,0.5897950945960226,3145.309801233164,352.1070628113093,1.5341975156155696,34.950923802457645,0.1805534297203746,0.0
974,122788951.6684215,16569670.495233238,8816477689.990503,482668633.578863,0.6847514459203354,3823.3366374523557,89.25411957333455,0.1003621113325364,7.433790709424552,0.09194720750906303,0.0
975,68782255.55413705,9827945.458193216,12056835757.008793,321660826.6665069,0.7198455979901806,3386.8312204383956,31.648777637949326,0.09048717787668155,6.531237147983303,0.2734324567553752,0.0
976,1357183.7224310343,295694.40395762573,39188374.27358019,3850684.9369035223,0.7170980530420404,4070.266218725334,6.713301749320185,0.17819213813657697,12.553129703943869,0.19979807012681708,0.0
977,41904676.035926804,7327892.2764810175,3430956775.591506,154219328.80636233,0.6991316750273663,3213.357376779506,56.633213635389595,0.15067385658281207,10.703345430832194,0.29432402180426265,0.0
978,204887.71080169606,21115.051346992455,28478866.827333886,1005289.2331045592,0.6963603020198772,4068.101595703819,4.099392404343644,0.15947317582550627,11.245798625314105,0.24921617005747201,0.0
979,31285.21391041238,3936.6580487582737,5553271.196157833,155687.41629919023,0.6486182605908352,3877.8197315931343,2.6837705227764523,0.13823879635888234,9.69511995423979,0.14479037662129388,0.0
980,20478.38506691419,12435.620324176003,1584388.446091178,49795.02848329487,0.7270765899460331,3656.359503553,2.443779418867082,0.14844074023376336,10.919178863931322,0.4321162657123808,0.0
981,29206616.904035825,6624684.424464418,1080023594.2453413,83938504.03584097,0.6972306366766701,3532.853105005035,9.58018063167139,0.17187717314132644,11.649992947704067,0.28281772361261637,0.0
982,21312.75826119413,6415.803675377863,2513298.6096639484,76925.0503067772,0.7681333371768214,3507.1832298535887,1.6853401397783287,0.0919143643830779,6.509757185580787,0.1622598649334184,0.0
983,11779877.542118834,1077458.515707665,2209889349.33861,63841694.3752447,0.5836852938741284,3952.0475995754573,2.2165662386645777,0.12580084667276487,8.690192914828007,0.17115929732405802,0.0
984,6253865.523684263,605080.6739252827,957268814.2830842,32686378.085372727,0.6424091421647892,3661.773236388069,8.181373253631124,0.05834999295023184,3.820685862266322,0.16531114042878392,0.0
985,891659.5844015647,286747.68195633555,41822400.69477415,2684265.6237750156,0.6286445937012528,3508.1178796722575,5.251688859459041,0.07383846124961471,4.858290514446416,0.04529023232842412,0.0
986,12679738.957286205,6175293.160269511,475118364.7759722,33544727.43845915,0.6913804976961463,3498.3604359721367,6.455825525502979,0.09921427717711521,6.856358948113865,0.07868001588591655,0.0
987,40601835.252333835,10619070.219060313,867849003.1977869,103860037.79812866,0.7769736756508884,3170.059876854328,94.59328540928237,0.1481301083594877,10.483080575199232,0.12631666052213994,0.0
988,2199348484.486305,983752306.1135677,14443342198.162518,3950689904.4321623,0.6520205272516633,634.8749769530757,12.245027943087473,0.11356096460469507,8.118294536694538,0.13437572374543694,0.0
989,15302979.335092649,911572.861225276,5752919716.041153,108137470.15039928,0.48457746970625204,3836.4363587219686,51.65945813709844,1.5009201386701854,32.46796407863873,0.4028669000935013,0.0
990,511523.4346192725,88157.24234348226,26829615.769633494,1782737.407425655,0.6660396775827712,3792.35283849091,4.037324157746321,0.0915294544363486,6.445638944884553,0.4611179581845571,0.0
991,14299885.765069071,3723126.9690670287,238404166.979256,35711082.9968058,0.7421032722292293,3701.327056773524,6.593688775252022,0.09532833535704813,6.73319365987507,0.0482607471300124,0.0
992,20657511.003881946,2562435.793093863,2318232515.596959,95100899.5851734,0.6824011079201718,3911.5428036551657,6.345722851001116,0.17485152966029,11.653030400902932,0.24086783183480717,0.0
993,12259540.982586721,1042702.2572428996,2326015641.9593163,69044227.36883871,0.7253034827543055,3111.3561379966895,39.05775605043197,0.8184709201119347,21.03441291296547,0.24062588324847092,0.0
994,1545070.2008934827,260843.2918284804,76302970.47359666,5391243.514421167,0.6418417287983376,3751.683896510771,2.9237254095313654,0.1913501123461864,13.230793420640035,0.07733412105802272,0.0
995,11133926.277440755,650785.4193413826,4340577999.857366,79751869.10185793,0.7556249512556448,3402.1505638107274,6.976598237050071,0.2650722709448396,18.738251490255248,0.4086109437678612,0.0
996,10183.144230981325,888.1210334293668,2513579.4520909637,58255.540040123065,0.582186498808532,3998.2572867196623,1.2029254284641906,0.18802973715844865,12.9459387704015,0.15673194897900486,0.0
997,18614846.03506472,1562978.6246090787,4873516651.034561,113611479.95149887,0.6835326536474745,3492.19819705442,220.34046883719463,0.2435856923407373,16.599397987683584,0.3031265917159628,0.0
998,5261158.292607525,880005.9402714854,314047774.32673573,19260403.110894535,0.6029079797550523,3698.462168165557,4.434870589454338,0.14773000435317885,10.22545100283699,0.13460010370992814,0.0
999,14125.648817615069,10480.231904078053,1170769.8970708633,35757.20478505317,0.6653557723518123,3507.873900418442,1.059804394423903,0.03487632714414675,2.4348280698503486,0.38241106326415947,0.0
0,80037.68873719548,23462.086048112385,8697979.07541599,311934.03274692054,0.6273195800461273,3985.5899096834582,1.7015905922897572,0.659755007394873,9.716834361239366,0.23911755163753196,0.0
1,8812613.004714651,1125920.9043831455,775311781.2377334,37490593.17111345,0.7187976497027574,3771.885756619896,5.571392798065546,0.1169758271961225,8.415965851351423,0.1201346271644444,0.0
2,1768.402056353209,141.16280936470991,991444.0698435545,13476.653063316093,0.635280247893731,3969.489322802224,0.6408331660685097,0.08674534604815971,6.18416435625644,0.33707829418959845,0.0
3,1671.4185423506337,188.95803731058018,712620.3896514827,11020.433191789265,0.2075580365353397,3896.360708900337,0.9951440899728312,4.783245036887616,79.32918136434394,0.32882396370890343,0.0
4,13984067.174659941,1343526.334438767,2432066055.2076387,74820095.55966893,0.688046597547217,3570.013195426481,4.944715549683723,0.16866767904453212,11.901206995839935,0.27510308747751905,0.0
5,21767090.97849258,3262663.473280063,1715110149.0964255,87534078.6486582,0.727372071381513,3851.318230816276,10.92545932305458,0.0917776394198074,6.543432801417358,0.3440799002787558,0.0
6,120414604.9930911,9599957.822836818,19018939779.495472,650642476.0447179,0.058477484603145335,3985.584753258568,24.122836025920925,5.507018645467533,93.4637867915447,0.1527828880627396,0.0
7,3247.2153185371603,425.19223884918154,1233307.83988344,20399.650564174022,0.6514617690934161,3489.4852135428523,0.6768581598661083,0.09437524836563575,6.587667272344286,0.3384327286717848,0.0
8,1977842.5735788806,230365.88701785478,349833427.96116984,10589297.099041503,0.7123957091282058,3450.567166208323,17.29009860033819,0.19099860981697958,13.588060279744141,0.20353429695980205,0.0
9,15996109.587604541,1341736.4831639552,2915699488.656539,87861058.43076643,0.5388053327925381,3168.774646862878,59.909125544618355,1.4906516928138724,31.856628436272576,0.24890132247942212,0.0
10,102044.26799687836,14261.458470643178,12604674.535236342,450018.6562803802,0.635006419093115,3764.492641916353,2.7079928508181106,0.14970950895651453,10.178569952247631,0.34499101002209204,0.0
11,202996.2369271174,28730.924170716222,17948406.08231573,843366.5305809065,0.7406301007544374,3987.881770762845,2.751216038007269,0.12340197964995081,8.5772460320016,0.08942768944546312,0.0
12,24578.34498936381,4066.8746117548317,2557882.900279737,97665.58112889675,0.5802985002084977,3707.284966531177,1.0997634574199584,0.8327385670302633,21.7658766382183,0.2809940956231222,0.0
13,4776173.538372928,561029.0893286908,356844674.8417258,19963590.864042453,0.660228382428542,3884.0474908157853,5.723836730071866,0.14345774663337307,10.078764999074718,0.39217180246508926,0.0
14,938302.8923523867,169683.684341367,224435858.47166553,5318100.439383934,0.6568636382383543,3724.8196299479105,3.5561894234557516,0.24061749735693033,16.276424021562423,0.338107108979,0.0
15,1149052.4403947159,125441.3852322852,111182474.3103131,5197750.247656655,0.676442458544737,4459.353146824853,2.7414502883381293,0.09562190204274393,7.179066206252502,0.045514867578059046,0.0
16,13353.886279033031,3972.4594048973568,2892864.7812364623,63292.00045866312,0.6727818798753279,3613.3982754411613,2.6152097949288664,0.09504928692905565,6.62178559383413,0.4393473209372522,0.0
17,8414043.64399433,1428447.0853169025,607349554.0483755,31618944.1735261,0.7373697061952947,3944.469707657463,13.192412861678804,0.0771373765084177,5.674607134606984,0.18495443289639998,0.0
18,40227.2958017306,20293.948204148597,2198609.872066741,104864.10276702288,0.6657896148338625,4289.997794325806,1.0566804880397331,0.0901612980804087,6.387253901222958,0.23686725473423606,0.0
19,63021621.39408629,25999473.26063721,4442904681.439534,169781411.81396493,0.7357274212949034,3574.490125698102,29.989299857887495,0.10640477098708061,7.201116508939267,0.379291876381266,0.0
20,158312.63603924267,121751.72657121043,3497031.0115808025,275194.27150032617,0.6450249541592937,3547.606621118901,1.0569399736262706,0.056856441127571336,4.1817285966298625,0.29231791732909856,0.0
21,140870849.56376365,44776126.33265867,3210149625.5242386,365247451.7258231,0.3872405148318987,3756.1073253925897,5.559174106045266,1.5158408279980058,32.516258911730866,0.10036528282935189,0.0
22,1720.761595635881,125.43973348688989,911124.9055960182,12883.57739816674,0.548808367527484,4152.190421649922,0.9223343886140425,1.5673180141623277,36.55358834235678,0.2473817186475304,0.0
23,2246.9943060810992,237.71623766694,934360.681096389,14998.696068903122,0.6506125251678213,3933.375018902538,0.8580131716765316,0.7879050045674225,18.728933253096322,0.11990830882030748,0.0
24,8496079.564352646,1073182.8547099556,1077312649.1485877,40992505.49402502,0.7525662064786133,2768.7429803825567,50.67741475408234,0.08242245956419643,6.051946969290048,0.170908021494423,0.0
25,5348710.693404122,450639.35821659974,1510558095.6581373,33225470.668972384,0.8243180898866351,3550.602784864439,16.742677892865192,0.20768531406485352,14.942302383631283,0.35953291794119313,0.0
26,53402.73598571692,33625.14337201044,4155341.438906026,150900.34010133924,0.6604866755388109,3487.4872779369643,2.8113830064147476,0.12403267069208157,8.497746386780978,0.08743661181436464,0.0
27,12163.004917808217,5944.177517470487,2052462.7039708577,46992.551883106156,0.6801302734937213,3491.745148207023,2.824165944708371,0.19529559765676147,13.092922649202169,0.23997352524754445,0.0
28,14214.656354157563,1296.4066465034612,3522517.09687132,80853.81156421354,0.6176884319079137,3655.3292269238127,1.0592454965228206,0.11444525215899164,7.939372084054097,0.3905864969196049,0.0
29,29771623.15781085,3452579.795586617,3736411240.6162324,138605296.07086748,0.20604553207842274,2985.7724559318012,124.6279174987142,4.2099971828580935,76.3401623888727,0.31942845355588434,0.0
30,16568.175534765018,8182.636066389025,2378706.6986274878,62712.67689708364,0.6352410341283878,3489.729316609486,1.2595217362118158,0.13729087357190864,9.50454445848808,0.05981911389341261,0.0
31,4130856.918649523,868993.831041476,170083051.01969823,13339352.51550722,0.6939721951242852,3359.8314842732743,6.514977332696975,0.09155534216004187,6.523700629666261,0.17922931754496363,0.0
32,23207183.17751567,3415407.2309986404,2932021108.943171,102800255.68965718,0.6784845304275368,3189.2727565151745,83.09976047442635,0.117171654155558,8.204080161503667,0.26072667675780026,0.0
33,1276445.591560296,81565.62964696366,334395762.0907052,8060167.64630294,0.5180737596737324,3467.35569255808,11.048962366040177,1.5148279795188242,33.5039980626167,0.31849385459063495,0.0
34,5212.399589474471,1263.020540320811,991901.7079973712,23009.02156825942,0.38923174311686976,3548.0967250926733,1.3154410705023383,2.868281685305272,54.96656989200621,0.4333380757813114,0.0
35,3551508.0352839814,436015.85751118266,340999280.4971161,15754171.252442593,0.5136899539015822,3353.4650254475764,5.125010148098907,1.4607632081614923,29.53431924981221,0.1319357332045959,0.0
36,39977425.16761474,6320194.934321989,2236166738.4571524,144604512.218476,0.566540025349405,3989.5241751006006,6.543662215915511,0.12888207235408639,9.218516987320028,0.23310265714929396,0.0
37,2742355.608096306,563302.5987084666,160482556.46101537,9632695.734483704,0.6803159981958128,3544.195466551846,5.288885380705727,0.07694556215804864,5.468052314907543,0.359850751293871,0.0
38,1598672.242355028,133055.3113581053,276588856.581002,8733248.775451878,0.4726935810193546,3433.7035452924547,7.3749338497914065,1.53099188774284,34.67628970604643,0.3579812671255069,0.0
39,78639101.72062157,20478509.66061466,6013374814.25589,289379260.34383714,0.5949700885208701,3875.1899387372787,2.247169928257926,0.07935989686933524,5.703629159678689,0.2066421525693429,0.0
40,120606.89973058688,61088.30230204852,9350188.024941083,404952.0852776085,0.43063935501512995,4065.6110291735126,0.9463480775038777,1.5634972840953918,35.6819969328309,0.5276755245755436,0.0
41,506993.3001586276,43772.153603490624,135231274.52863917,3104529.7198391277,0.5584991126779415,3499.299253954284,8.053034857243656,1.4825259681849103,31.406525062199364,0.3573589462323778,0.0
42,244766499.07171416,80354606.56434944,4438068000.50365,580530858.0098395,0.7457275750818301,2443.6812022384447,12.53412447854863,0.14363321091834794,10.114818119791856,0.08708704781757186,0.0
43,22830399.628741786,2694260.928097844,1848648799.6641114,97028604.91323659,0.6672825133928488,4197.830711140293,4.123919887261404,0.1446214781758104,9.846206397506972,0.10348539105343678,0.0
44,16628618.203684574,1361803.8939456034,3478726938.003157,96320509.84415014,0.7621492948183675,3327.56486103925,122.92846835877567,0.21918052453251863,15.572392208864851,0.238401362103583,0.0
45,4423661.193570545,774731.6628050186,257347184.55979934,16447506.1820593,0.6259951051629205,3072.0778607854836,55.728915975168576,1.4887991696794043,31.701875838297376,0.009812817077822236,0.0
46,132684207.30181193,15197896.932647783,10668779869.037817,567535496.687508,0.5488319136943488,4072.8715421404017,8.460797936889556,0.8810020879975384,25.837366306593758,0.26992127931618193,0.0
47,159801079.2165841,47952327.4642552,4345341833.549294,426266131.1606999,0.6767846438743291,3959.024415518787,13.225083865666015,0.13652364322948243,9.705649328272695,0.08425375684830967,0.0
48,5515727.433316352,724258.7542185087,445063930.3234339,23002015.67480344,0.6282288424775828,3621.1053306932263,7.653269006239259,0.046513338496411816,3.3072870792270477,0.37476582475171477,0.0
49,6753492.585265959,542023.1165781596,1690337091.984034,41094604.94471897,0.8243507869118304,3262.8148266507196,10.855163020525113,0.11950860309729058,8.790196934253448,0.3031797481969908,0.0
50,30786730.184067152,8188134.733791743,510238483.72586125,75150355.50853494,0.7787430978778354,3513.009536087394,19.617084477948275,0.10998363187742974,7.967909547069162,0.2095982244986419,0.0
51,1086943.851480437,75006.55929322963,235885210.98904032,6479602.356947107,0.4843599790030703,3863.5320280294754,5.208920084321694,1.5019718600092518,32.68591608514831,0.21648354462037178,0.0
52,11684.75681021075,6983.370943344768,1568038.9678701558,37737.315699716986,0.7419069723630835,3308.5729822624016,1.2633317359515195,0.05410826701366371,4.026571020062714,0.3744831624302523,0.0
53,123282943.89997742,16150842.749485586,16893724461.208645,580491287.2287301,0.6133927310729718,3729.4939011857577,14.444797758613056,0.17512332924131746,11.709379930617244,0.2335428440602813,0.0
54,14154173.696352025,1710816.0688951574,1599676912.6718144,64416050.88199166,0.6168882169218602,3992.3553369947313,2.7779480934574794,0.06225095281642856,4.376113892092687,0.20360653668734227,0.0
55,100619834.29157439,10392596.84052745,14734122923.380829,513026234.96850014,0.6599187074067994,3728.1139992034105,7.539393493684823,0.23945485487365517,16.208329021479166,0.04611835625904818,0.0
56,47912.144095148855,26236.627180406795,3253350.5687449416,132904.2092548068,0.648819171749798,3537.858367082321,1.1091163375101738,0.07382351826180766,5.20670867555914,0.27868355093619773,0.0
57,100405363.61030187,97441508.6565137,793238323.3168395,128459233.37497818,0.7113803964712113,2801.03963601528,10.043765479924268,0.174115816130338,12.307937252468337,0.07939245448086987,0.0
58,1710.6548066815217,232.54242244668504,585709.4681857474,10366.868203783097,0.07488912234843788,3755.3979418753615,0.8101859732517541,4.815513204994364,81.5793117833667,0.13312233751825686,0.0
59,11375.691868255493,1579.2861886353796,3139314.4486146057,64483.04106079702,0.7155680780121607,3564.921872128649,0.8178718324406323,0.05449071597738051,3.824875149762126,0.30598745556703527,0.0
60,16852782.976285815,2073551.8938293445,2004537428.8192391,77466163.15382841,0.7038230124236047,3123.812232810128,67.22698802406094,0.11363617604107326,8.086000578711921,0.21723594024561058,0.0
61,2000880.7635011505,422031.8399898624,100681904.14163639,6652550.7993637035,0.29907344801062197,3963.475345977112,3.2267057945886375,4.112095190381654,68.82440283951061,0.4552642303459904,0.0
62,21915668.17132271,6811061.2338010995,885398396.2917677,66285510.842489935,0.6669242643546565,3994.027582828514,6.231543540909188,0.2578341429685766,17.748248789460398,0.15751247848433442,0.0
63,46389208.63538577,4632962.818472708,4740890749.978925,215944725.44599324,0.7262693920118567,3556.4597763162574,17.674910616662956,0.07576697077841921,5.220175165044101,0.12282802604440116,0.0
64,75053897.01533891,13171271.355593655,6407908856.301829,289684844.32984495,0.6747365703704747,3198.7880625480348,47.90963140086166,0.11743422798126621,8.701709839804776,0.3055515763370342,0.0
65,1504013.2768636877,703962.2008896375,57079928.49535324,4126858.9568009884,0.6118704219998737,3593.3773934642923,2.5864924923675288,0.1828020725647929,12.059657940888535,0.17159676655510198,0.0
66,20224.68092361118,2498.2785168577707,3458752.0479587414,98194.84131910186,0.750776501439001,4208.628983339552,1.212963040113014,0.11086145998871552,7.873114833201294,0.290198700779675,0.0
67,14318668.020016719,1653790.834544932,1784463543.61247,67045450.54177835,0.5869164176913324,4071.8549601769355,5.007715308465929,0.1408174059433236,9.073113104469273,0.22614751812497633,0.0
68,3229.4330674029834,499.3571901768729,1224320.4348449938,19911.621104591934,0.6655465806865289,3772.4149699083578,0.8996003235887814,0.8257369657470275,21.315598843446327,0.1699083524283612,0.0
69,25784814.360688128,3709437.924114647,2084180833.1804302,105747240.67255774,0.624445299395459,4080.6741920313393,3.7215765423396876,0.1444318491456947,10.768663148490013,0.3873815651612621,0.0
70,13242763.455576349,1631665.262409986,3303785894.6786413,75630151.78984462,0.7483971305015416,3332.4414037020824,23.30930921651917,0.09639321367802758,7.1118194653549525,0.34847100889453547,0.0
71,8697.094315586131,1051.0936556498102,2467831.77180187,50147.832245953505,0.6939314631210027,3734.8765287949773,1.831871987865249,0.1319325081805621,8.670022844653044,0.3398574550100562,0.0
72,25775104.240798816,5420808.8465873115,905312569.4509789,79997827.91070963,0.6315299651579466,3651.082463754137,9.68664092973071,0.17668598765968574,12.950879163540543,0.051409997173177624,0.0
73,21640.31160240999,4020.6184846339056,2074284.9962510827,88018.89944552569,0.1477407967167302,4141.0308871962625,0.6117008767580084,4.017415488271875,62.567661077911566,0.3908172175969806,0.0
74,41954679.36693169,9769782.759615779,2547589152.366107,146142923.12665275,0.6848900234126921,3404.876793694074,6.600148453047021,0.10851429740905241,7.2588907242355845,0.13933876677006182,0.0
75,149647.94343379416,37360.64781048159,11790322.150519196,520763.0218888529,0.6115111532153595,4306.598304478419,2.381890464994051,0.74613898127958,15.147916896915797,0.2650071086654416,0.0
76,127614150.04438686,23003522.87204085,8705202584.652496,488218922.05658805,0.7253817665717606,3612.334629909541,19.813161926840657,0.10371069006273484,7.6421167060900554,0.23333665790602287,0.0
77,1798404.1277936422,459847.7793656952,70807092.85682878,5485960.018622806,0.7581987197991111,2743.294810635792,15.25630150318731,0.832912749941394,22.22653498559656,0.15239666345525288,0.0
78,5024.603413788061,1020.4037298077246,1108871.2528118773,24690.891808273263,0.46376998485543436,3747.408009681763,1.5561265286857346,1.5342799009635602,34.80910549845966,0.2815675852003804,0.0
79,317661.44379666296,61582.1846587067,12536070.44499179,990344.7763424916,0.6798299727729626,3722.5919118863817,3.918856602083589,0.09446710333080813,6.8816316299827545,0.11771026028463565,0.0
80,207401507.42918354,26571755.298242953,34725677357.95024,1057927696.1390839,0.6530994844231206,3664.0009649758067,8.067927963975434,0.0948050685112797,6.880171030333325,0.039061651526895474,0.0
81,486245.12384705944,35633.15054689329,155537431.736876,3182209.003979001,0.47050657142103114,3674.0313887081984,1.8718535136848482,1.4311770364098346,27.558911283090367,0.37849977911838095,0.0
82,42903899.62177653,6575302.429116129,4158944018.6305213,178073599.98111984,0.5608565472542414,4042.8114601895195,3.151668486460048,0.10459160164321739,7.331129766777503,0.12441289196364809,0.0
83,394962.48700529116,41067.332727748246,72747567.75228655,2073707.4142673723,0.7418146957023983,3406.409302724328,2.7371639985938225,0.05130536505417789,3.620979098155213,0.26233025430097257,0.0
84,6338.0699451065175,1058.3454485853085,1720254.6899455567,34642.47032254871,0.5852598556074439,3536.1587480645085,0.8721963589073622,0.05519105084484268,3.560150720260559,0.2716858525239726,0.0
85,8542.889029911465,3231.4614740333805,1853820.833884981,39304.737778735216,0.6280635072413532,3516.521308876319,1.3279751162990612,0.10982124755060436,7.847429590640479,0.32655753171439006,0.0
86,14688200.654494265,1032536.8893741688,3649172069.5489173,90666475.54387496,0.5142260228922149,3528.1271540525486,25.901709649379278,2.1157354610141157,38.99816552565458,0.3427062010007409,0.0
87,12513.908834592341,4514.678640127122,1987747.4952935614,52491.22846030856,0.41668618529063134,3849.31162916472,0.8615033813179261,2.777203052344587,48.491980108845524,0.1487088076283466,0.0
88,10389983.618236883,655097.9025941235,3043039452.484778,68112884.41533445,0.5251089955010351,3151.057104496306,37.90837810919144,1.5791848905738999,38.01646267468039,0.3217916702081877,0.0
89,28038.03507456265,4224.46299404504,4277780.577040081,125991.1467700453,0.6951894713752224,4240.193265348369,1.692485217106528,0.11832345376266815,8.116897903178579,0.39125053030118034,0.0
90,7171570.868627602,1023670.9651148381,457405474.19425774,27356424.964523394,0.7548950805811583,3660.394641382042,7.327993245246766,0.12462663287959579,8.73988160860088,0.3042919316069797,0.0
91,14640360.57904445,2748636.89556682,442018700.3394705,44921881.5164856,0.8116391204934453,3315.5736777223055,60.96913207153636,0.14791216702536508,10.5842471485372,0.15456498866553456,0.0
92,11902.875317768048,5738.0684814869455,1401455.8773746437,36682.592504976106,0.721035550104647,3395.576019491319,1.8598879082720399,0.14632414671379762,10.384724030593073,0.26453259866438117,0.0
93,3629113.2801165828,341118.3563364007,459164289.240637,17818206.702658843,0.7510741084646593,3816.623758911952,14.489895254054652,0.057397639320897566,4.079033164273883,0.16782375461690147,0.0
94,11832.304623338418,1070.297432413693,3643017.824985826,73019.03084434604,0.5984127259740565,3546.362175204163,0.7917083776678423,0.0876954841132191,5.79541931124164,0.44718616803883987,0.0
95,19552.713842722827,8439.64332875329,1770418.3211183723,57816.98026759594,0.7214353074213744,3294.0832689254767,1.3487036378847845,0.08528466788493247,6.061734184193652,0.20451625364855808,0.0
96,44437822.848356,9366082.878157467,2894077531.5542226,163350149.62705725,0.6749328490116308,3787.714419532034,6.308968023572434,0.10952487795750968,7.696585979757633,0.13582236312609616,0.0
97,34732.110329425486,5354.579134351088,4115633.5599867664,146201.50176828777,0.6719314623601528,3576.988648786461,2.065543485341927,0.14221524119185283,10.423811167862727,0.4541634837489473,0.0
98,6664051.282112544,1445753.1550303714,396326007.37801296,22907405.271117263,0.7302815172307345,3747.2944259235974,15.172980256410828,0.13779496722033063,10.08042737306136,0.3089582983981845,0.0
99,12805212.424578415,1599131.1525734186,1291688997.6673424,57407625.57338534,0.6158874693808177,3774.224738161356,4.030868683269021,0.0977479533066484,6.984501949457109,0.1476662194444354,0.0
100,13087.6808085094,7696.111256579612,730287.535702246,28173.075703907292,0.5239083073040612,3165.6143290458563,1.4246986062090796,1.5060202363991493,33.04972573942728,0.10331048181728435,0.0
101,3693.2617959024237,758.2202988715939,1320514.473326879,22053.62662875842,0.6546069444798219,3467.017884291671,0.8165389672898422,0.06831800200115774,4.771517022815161,0.32306802849757776,0.0
102,33188146.176032633,5483262.697921143,1969455715.5698211,123132647.47293608,0.6876125680454795,4038.7095654849227,11.950288891239715,0.1263602643954143,8.977318221914002,0.19668106668087873,0.0
103,45318395.031890914,9372148.446892014,4339922712.329587,165705751.7655447,0.8018393360792754,3232.0876911220175,183.50494612943993,0.7811154514679866,18.364772957459476,0.3555455145683475,0.0
104,6520811.030473875,683156.9868099898,617263888.6063689,29457380.104139723,0.7308986949294922,3507.245419049377,9.507786305453436,0.09418482623121208,6.434353059505112,0.12749941745062396,0.0
105,7044.41394808481,1606.1967401795807,1716775.973763051,36042.33144718209,0.6332465064818205,3826.784988565604,1.5469936641681261,0.12197908979967469,8.597158128338037,0.3261981866164241,0.0
106,19810743.329962295,1241276.0422023234,5552052707.81748,128414568.5059056,0.49156570369323005,3119.409644915957,6.493533197607061,0.1599524616149254,11.673194593647963,0.3001310871651091,0.0
107,102714.63046165693,18543.15400199785,8043758.416603814,378899.30424780754,0.63253544731466,4004.2067497237185,1.7483917598977305,0.10433522574581229,7.244212527770086,0.37703452709447716,0.0
108,774758650.2720946,131547423.75141397,29488365860.185005,2579834259.6136403,0.7651819735044321,2006.6232911851857,613.389306259693,0.11054698008820489,8.019439503446796,0.10900384813840332,0.0
109,2561940.600444112,620147.547023122,140215857.4633785,8266441.053761089,0.6630576529360759,4050.2743374517268,2.6280088082219697,0.1328538690531044,8.624153887180594,0.4493100006586792,0.0
110,636248.7013358504,50486.24057614051,183519343.27190807,3999760.301565985,0.5614657384184447,4002.6573585997885,5.422668082679247,1.493286609576126,32.02347510477799,0.1392884147349457,0.0
111,15480808.63862862,3018552.9690876557,830004599.6189615,52997270.35524699,0.7564220982925085,3136.7436755482145,22.94829598541247,0.11637937444426054,8.217549939739449,0.24165303084954987,0.0
112,89016111.95827293,13170425.315592809,9647826054.161701,373476990.6113084,0.7666006827105247,2653.81676801821,525.7721535302811,0.08753447735454171,6.292963460505552,0.07989984507734817,0.0
113,58261.92641010622,10783.96482326325,6089740.593239796,228946.7956824607,0.6488452687379345,3722.137400084973,1.682001284155515,0.1221273918014532,8.257927295464347,0.3680198267962638,0.0
114,1279654.848414238,173128.5206177858,109752325.72883244,5298262.137472372,0.6943493887618841,3854.8336014314277,3.3859547018076186,0.09022924730596352,6.363376464782076,0.1656677785308863,0.0
115,60016880.68022846,20543234.472581487,1521991904.1721718,155212231.97416228,0.6888708362638434,3354.8332661447475,7.2942947342821824,0.106822175875259,7.667272861489619,0.25310456363202655,0.0
116,19116.78028120148,6404.488156177723,2999539.907166143,80134.05566466451,0.6766771540665133,3942.4410866189824,1.1602019633943395,0.19370469127537557,13.011410006318641,0.42342204560947966,0.0
117,12123282.768232504,804596.2521001686,2791531386.636927,74153371.91254327,0.3344584679310869,3444.0957861876414,10.93024138280915,3.576353957378948,68.3595861909828,0.15978094784416344,0.0
118,16429460.959730472,2572572.5025120373,1876343824.1106305,74136437.68293864,0.39419699035290146,3899.96791142516,3.846839985249454,1.5986948036970499,38.67999027763224,0.31471016264442064,0.0
119,15595015.722119976,2234361.537860496,2337088496.568721,75736522.97609821,0.7101997599672559,3398.9998459288317,114.7748998894776,0.722565859296542,14.547931453040396,0.23901386373996414,0.0
120,28669.172169812467,3150.5135390863857,5163734.282498847,144701.2373393671,0.6636935017998954,4115.287492726407,1.3280362458190427,0.15893551862302324,11.315454275736933,0.23444970535021517,0.0
121,36528529.518689215,5397957.766520928,2445628935.6252527,145103201.43774432,0.4147602237808562,3877.321319638869,7.063781311669438,2.847155916568804,53.52368072210818,0.25329900054193616,0.0
122,28400690.39183538,6703188.822292978,790371013.2524816,78727043.12371095,0.7306390720356503,3707.8160497428107,91.8604809838649,0.7709643359435361,17.747286159733395,0.08411313170467391,0.0
123,19046159.565254834,1651904.0571130938,4104011535.102062,109368358.37116489,0.7643257663278714,3174.714188903804,143.13372562733417,0.1399930497422223,10.310538453928727,0.2564340054335678,0.0
124,6050710.54119581,875918.532431601,855210715.6277825,29215732.272859246,0.09281281894151373,4270.305489995773,3.0957233556758355,5.408491504811309,87.0854201969882,0.22433447122960046,0.0
125,3821003.354037045,536076.0191554253,316593388.56678545,15568868.411085919,0.5966309786889614,4303.405316810925,3.362806974486563,0.15555057321684326,10.364173371691294,0.17246992825591861,0.0
126,14823.218315511074,6718.078771230934,1331377.8172655206,45943.07390542817,0.7443158571506812,3900.430045048192,2.244844164019132,0.11639251859595649,8.52254308690751,0.2680404836935631,0.0
127,4129525.217161739,631903.4760017743,344224265.78156596,16546292.526303094,0.617891149331213,4169.9013612104845,5.780725757627377,0.1099263489639366,8.19375349949134,0.33079102632808105,0.0
128,7290258.524902342,2663706.054353203,290066530.3105527,22577187.049643334,0.5880247678807686,3767.729922679953,1.9991328731222053,0.10261542412506452,7.232758460857864,0.08431422144274937,0.0
129,7914892.239627747,1146022.2979960307,679947963.3922881,32329048.578199297,0.6790212569751191,3976.073979207359,7.1880475832300865,0.14850067085577293,10.097877265872603,0.04566527493424641,0.0
130,271484169.34008163,106702464.27404538,6643436271.503113,648802210.654094,0.6899198717849615,2717.4853229448863,5.008676747068175,0.06853586269871573,4.864720704902107,0.12736314607949983,0.0
131,11011.078236902691,3441.609991972032,1705075.736352338,43834.06371992374,0.6242923593343349,3319.428990428098,1.1439667552485513,0.10107278600886023,7.145694879876809,0.19036978439221322,0.0
132,22936716.744334124,4168926.271887549,1311143548.4200215,83484076.88217391,0.09540831226249316,4037.3586555325082,5.7080414080865305,5.461289373842471,90.40336930313693,0.07010201745576004,0.0
133,2977268.848150013,381200.3259787947,295003612.17171866,13214228.225204635,0.5413882076450905,3103.9620556473524,19.56102857122037,1.5602656688473435,36.330624672376416,0.23176542122384053,0.0
134,10145164.643565334,816800.3175307587,2237375880.0634604,59352074.77705978,0.4745625890902643,3266.0842928638117,23.49453202225378,2.1491270132893106,41.06942445890676,0.2707317407518283,0.0
135,24762.799065707215,5656.99202927515,4253616.259643803,113699.58287860252,0.6412642578727258,3078.565300993636,4.715262041273702,0.7995555859784703,19.955863413571137,0.1566954747973264,0.0
136,28144838.898061894,4656570.331130038,1456171024.311026,99663925.28863658,0.6426999119944589,3733.867633843988,3.354584302428177,0.06263934119973298,4.148498431716473,0.12339079751732505,0.0
137,4624533.024259371,917501.3172725221,203760662.70374352,15705322.185064513,0.7281407772181488,3620.3499475070575,7.001040455270007,0.11260738024729866,8.045846437203142,0.08911406492009136,0.0
138,41484239.46979355,6433215.436762771,3609711251.460154,166042569.42454815,0.6925349462125311,3242.4854251495553,54.859852985391,0.07035016228198385,5.25952797908212,0.2071588201663948,0.0
139,8378026.625637658,759987.1970010361,1039825700.2853878,41688871.11952014,0.6479148754512509,4041.954660316054,6.803129707207698,0.06819773243042304,4.786660916982733,0.16140875575124822,0.0
140,406061.8881851215,47686.30010934988,58217694.6666521,1918500.307377078,0.099928026547692,3735.0523835296253,1.9217680775134676,5.477077449151689,91.39035131859654,0.5115665877465384,0.0
141,17006.0110420021,3413.133197401633,4339458.2484504,88793.57414572136,0.7606430486346765,3589.6779037791002,1.194400816038497,0.023647187997468323,1.5724503681996111,0.3090589392625888,0.0
142,27318.65552499434,6616.058853800541,4092611.4217263474,114841.0383875311,0.6787129435403518,3436.6502833020013,1.9051369907558768,0.08814781194080527,6.249974556835943,0.2475217201656179,0.0
143,9668485.496136552,1327593.8215765094,1019556078.4075696,42848746.87202053,0.6860660253977235,3654.8907895235307,4.515935020340008,0.058825858428818024,4.246058168468778,0.3362238082385624,0.0
144,22137.746561342086,1728.1423701497783,6344880.604637759,135697.71823054072,0.638940727237833,4404.5966224616,2.71695183775888,0.11839700860821019,7.889495703076723,0.558513432277804,0.0
145,368188.34355225024,104699.90177964012,11837821.15087812,978128.4881517782,0.7043004473208468,4021.3840266885095,2.761544482833552,0.09404398823618303,6.584329105439181,0.32183183183147174,0.0
146,72192669.51634529,5971304.392281944,11111189583.038502,385125063.7169716,0.6691125600337553,4346.911431943003,59.798993515467814,0.10355351078581387,7.359515730098316,0.13992928100942106,0.0
147,7280119.630757853,729643.955617932,750202577.484037,33949766.414803416,0.7213737730605192,3664.743048802407,19.926707350434985,0.25981698942137976,17.729891651964884,0.13893545137013552,0.0
148,14893397.170162996,4711881.1069812905,158151530.5110268,32127792.862715147,0.6338359645181914,3860.02711983932,3.9486886395264778,0.19904749182734321,14.089301230049225,0.25468432499267285,0.0
149,6332.590297652496,1125.560768416459,1840136.4761514529,35241.494741956194,0.7311625904125494,3493.2891094461693,1.0162485744974552,0.05736055263336022,4.090039113148355,0.18045516690665692,0.0
150,37387360.807188846,7987912.724598427,1285950511.923175,115151573.92573419,0.6717434583354278,3610.6297819689717,5.543682920257104,0.11300403052929342,8.186540100447276,0.14531780130389205,0.0
151,34016447.4548985,7917787.752973082,2747968329.538258,131157273.57621607,0.6874323271755236,3569.2754181078,7.313446093323984,0.0649553112377264,4.713329449292973,0.14927834030467646,0.0
152,19006.18069072252,9549.58115498633,1980997.0151009106,59725.234250529065,0.6205220558043514,3373.823152556146,1.216634518584257,0.06219520481513045,4.394039182238603,0.06537169345299226,0.0
153,18887274.816953015,1302508.4802822557,4847624757.815846,117607109.75911422,0.7031475370705832,3356.7862325973792,34.26374145536932,0.7913236879635388,19.13065635047338,0.2898473238925146,0.0
154,19067.698104403495,3145.85976006836,4203084.606504398,98808.49978891431,0.7004039093686847,3738.0146317139593,3.3017576686739685,0.14841590504099367,10.319539464758074,0.5016961101139586,0.0
155,2919246.117679746,457675.09030118503,307326989.5295826,12488297.994856013,0.634244396970354,4017.3529345454594,2.311590125061625,0.7106467855457332,13.288816032605308,0.3286128625520022,0.0
156,13173925.14276841,1716672.6807473022,1665593002.593131,61817376.327747166,0.6539436585521268,4050.0535034719255,3.5038390968962405,0.20982785818480787,14.637143209233017,0.12856958993968773,0.0
157,9775419.272160938,1530255.4035251918,922707732.1532364,39283301.028479904,0.4990217441891415,3360.5860076439058,33.07972358293002,1.580465516895813,38.266268029272055,0.3054403172514795,0.0
158,8731777.986815076,1644930.8171870285,325607290.45294255,28220197.669862013,0.6602954697364609,4219.1632834770635,6.714291933175282,0.1183135226521248,8.61864830036479,0.10967407973966102,0.0
159,3658.5501634985035,323.9426096710888,1233035.0280815386,22843.385841829793,0.6303011303333798,3850.3747735827324,0.5908454587880944,0.09911389757239171,6.139314431038611,0.3899011388905531,0.0
160,16661.041782083637,5420.410813021321,2346725.624804803,65732.35269960102,0.6550508200442902,3558.669926647412,1.2228810392818426,0.7141099099609709,13.573371425178276,0.07899389654335248,0.0
161,3568233.8051439384,1189244.3570821022,38340458.19227107,7483428.792393131,0.7270762315747317,3805.0286618264545,4.132372948725909,0.10186094624298887,7.280926554357341,0.06368480473310327,0.0
162,10133968.539839033,2223411.918352301,432772663.22716606,32960613.884649802,0.7619964356272466,3566.189101856461,7.805737565779922,0.03192093739397173,2.32101532110089,0.11330879157947218,0.0
163,2204803.903841703,370321.8415158121,142098779.33986852,8117448.626954479,0.7376560021333876,3887.824370974402,5.075322450176417,0.18840560989091787,12.547836225614017,0.3749952548194181,0.0
164,10533.975514894311,3197.910897089816,1933964.9840448522,46102.2246388239,0.7104410361288361,3403.6477656044626,1.9146295672424167,0.147355076179939,10.374485645362991,0.20670016935127836,0.0
165,5115652.496402152,526607.3907247048,555022824.9288313,23761832.19216123,0.6500620742057797,3805.3659782898567,9.480730009510472,0.07853610124800961,5.689777075674546,0.19696255453573577,0.0
166,11641.03810343144,1887.3259890710517,2361471.2475027232,56861.06486050552,0.706768946961806,3906.5235512741438,1.9824606210302356,0.08392009143655424,6.314381890088231,0.1885409210344385,0.0
167,4631437.478168154,726086.0191866062,255382369.0143981,16824604.553416602,0.7194562164826985,3724.6448227654764,6.051843086666848,0.18059076963401646,13.137427055956106,0.1609143051060042,0.0
168,15947.097541836682,1356.5524903028777,4598142.055586537,96717.06900882599,0.4807609727320804,3465.795694900722,1.5882064056452747,1.485488004262529,31.192339630312365,0.47973353328922685,0.0
169,3831.750088463249,556.3951778556018,1513615.8350194574,24495.53735413959,0.6295946142829745,3924.432062708133,0.8970410024337184,0.7625318229257776,16.16931797509064,0.3721739268224263,0.0
170,27001110.274987422,4115549.7990840487,2510012651.4171023,115059503.81975666,0.6926298291515784,3480.9602759429395,7.789673314282329,0.07601430346305146,5.345160633853498,0.2936559045407565,0.0
171,755.0021425355721,222.46883665589547,318654.8840894919,4144.671126164057,0.0,3286.2124652570874,0.5876842022172205,5.373423254877277,84.03076585289597,0.4133846853334056,0.0
172,11436354.717217153,879703.6330930276,2084004523.769797,64425120.89915665,0.7643857295699021,3872.8600123291994,17.308769059396667,0.06459322805316478,4.689300791899522,0.19696771893142323,0.0
173,43871090.262743056,7519721.418198648,3170111333.3655243,170466840.8412583,0.6879766233735214,3757.474892190793,68.83159124276133,0.1289909074587298,9.423402351551056,0.14819006852424219,0.0
174,22894.94137919427,9027.398815423545,2386598.32350796,75649.78649537344,0.6348830217975406,3584.628706546595,1.421448986217041,0.039815245245523025,2.904024629324735,0.33118045641627225,0.0
175,2455325.6945977868,605545.7967266417,58474304.871547304,6742533.464425527,0.09620742959926788,3834.914557087388,1.9036803147721335,4.179117796964318,73.35322698273244,0.2443067624381423,0.0
176,81575264.60428336,12838948.5368885,6357441355.352503,315583860.9443315,0.7225526989681466,2846.2171711822157,402.76000723693693,0.13059202176667073,9.735049391758682,0.1827714088842716,0.0
177,912811.9226119283,386320.0131128923,17800967.288616173,1903614.7335937792,0.7083232782556784,3979.3078471597173,3.6712103700290712,0.17067462375149497,11.653814200631583,0.34719855424330825,0.0
178,37928681.8752076,8459945.274769483,1467952376.2160478,116754636.3690339,0.6868161350790173,3976.875678129268,7.189159336459996,0.13703867560042626,10.008715104042873,0.14177288938191082,0.0
179,25096983.023854207,6970571.860147675,1003555431.3455265,73670096.16302279,0.6845228746710185,4177.191997737516,3.270174628994634,0.10812684915368313,7.773769905714178,0.16365811787584578,0.0
180,19086.068649458066,7259.2893067783925,2566179.540581775,70340.18769644477,0.629247034111846,3614.170063648176,1.3346238576765848,0.05789722744149115,4.102126760517757,0.23192355027873035,0.0
181,89273981.52643377,15573044.084982518,3494748078.331238,296224297.45746785,0.7301117692169914,3591.4662029807314,10.274839467091788,0.15695057917690497,10.901988370580629,0.07927224647982692,0.0
182,23158543.50323362,12338265.317741472,1952836404.4720464,80080352.40137142,0.6553688711511616,3548.6991296967303,3.9340851691005603,0.08926734888082244,6.3965752238181395,0.2940976640257876,0.0
183,26146.07503409799,4500.290414170686,3181751.214593918,104471.96722259773,0.7581028436550585,3705.8245147862863,4.218115820728666,0.10317434631562214,7.560393734870187,0.38584343190053855,0.0
184,34465.65668616536,22434.631543800446,3138663.8418150404,98517.69134536489,0.6867969479981022,3435.2278768135843,2.417399785745382,0.13956678042366297,9.793464450608857,0.2502660062967874,0.0
185,669598.3582956304,53735.83956872998,149067239.87538075,3950176.6263749986,0.4003470103305279,3235.5906741288427,4.103269451355136,2.1845732904578035,43.68861124328209,0.24378381850764566,0.0
186,19527.110954169413,2668.02880651967,2917639.1854797737,87990.64012830425,0.7286379040299951,4195.56791370164,2.079182355669887,0.1826525538514548,12.52161760930049,0.4383694801835108,0.0
187,218949.77983293316,121642.74980799435,5963113.677699061,456390.88542214537,0.6640804232643333,3649.143661172201,2.316087251692111,0.14025906674306876,9.92599699338717,0.22282314520748298,0.0
188,17574.662244177784,1819.827397226165,4667009.365352859,101872.42982701908,0.583763986232114,3646.345918800942,2.113801374760803,0.04923810332788801,3.5979498277373425,0.23807094602368947,0.0
189,7462.179907541247,4965.8445588639925,1164139.8533503774,24442.372440991243,0.7346413446613023,3946.2337451843327,1.0379101400306037,0.14351566598351972,10.234712896769667,0.6301363360023905,0.0
190,8014445.30286034,811803.7741394183,915248343.8354639,38254354.07372401,0.7122977541681805,3253.0856644838445,18.94221983569444,0.8155192972642611,20.91235937699493,0.16718952369835807,0.0
191,38877559.1381633,3632083.7358800173,5965947177.73804,203302827.3416689,0.6720578966678934,3864.6607569710172,4.895930076050526,0.22658112383426693,15.257299056705216,0.16834798989943245,0.0
192,1109225.6423764818,262840.65915840527,26984120.995321084,2985605.374210268,0.688966240768662,3265.8950201407333,10.088912184595323,0.07096312490630474,5.122285466088864,0.11007918227573862,0.0
193,10990553.131292362,859238.5053790271,2177188832.4974923,63038779.45920559,0.5238774119312255,2925.81268497001,38.24137570641996,1.5094638586632043,33.12944841270847,0.21611256264047063,0.0
194,1700.4141625614043,248.557910039127,533241.4405826586,9814.68441511972,0.08171763452064237,3965.6099602300806,0.6627218644491513,5.479944804311135,91.53642565675742,0.09156657501932323,0.0
195,19669425.384138457,7863122.241991067,620233868.8060906,50253600.0720924,0.7376294120257587,3180.6265427184753,29.354974222160617,0.1510419621797631,10.784076221203364,0.31992524223400565,0.0
196,16107434.371978486,1838341.3871802106,1411747483.9233344,70614560.3883444,0.7016699031949967,3506.366119185098,5.0645918783017425,0.13766171642999242,9.721303498813004,0.09079972759869503,0.0
197,18878893.342886932,4192209.0016842433,1961161838.658004,78972052.91515496,0.12003826560166538,3840.2866343776304,12.057299112184612,5.495397942139927,92.72850047938604,0.26084229467105713,0.0
198,23124453.75027113,4621847.1650589015,2016848568.6494465,92283500.44871321,0.702113731032718,3762.503547825897,4.774617012235625,0.1222635180293227,8.680767430874223,0.30607777183389206,0.0
199,5862417.716473336,695579.575670961,774604723.2885344,28095409.435652036,0.6364492279626713,3713.5357937539593,4.699783514441721,0.14606792232675653,9.984933557024046,0.24431133526412552,0.0
200,59933269.081562355,17467851.66369098,2325754317.787982,185021233.13748485,0.6446097481507392,3596.3229597852032,4.623106026904504,0.08529964181442713,5.352719907052936,0.10399847240040434,0.0
201,5215352.719827184,1279627.6111420395,130053528.44865556,14311923.640853012,0.687920698326555,3545.946531812484,5.490299463396227,0.14356190443288258,10.109456247329785,0.054076370119807905,0.0
202,3359.2687774956858,846.4038627771322,948818.7757772611,16517.10323333376,0.6645037844881706,3654.0157325017303,0.8983662118310984,0.1847123958314169,12.559484789641079,0.27285597873742484,0.0
203,14155674.804431478,775997.7405887872,5278484808.098829,100918916.30962576,0.5216308783748478,3226.8950133462727,43.875393426793195,1.5208453658327274,33.60092608467798,0.4111257651509777,0.0
204,16554466.349523827,1119155.3722149737,4502780850.072164,104943321.27205837,0.5435427729260978,3939.9503304977407,14.92734513050039,1.4900040274881505,31.63951016178707,0.39181575037791727,0.0
205,17299537.37820819,2708611.087788745,2507007557.8834767,79007102.50890867,0.738277723297336,3130.018216026634,38.55529024561768,0.10228271136594805,7.182859306005886,0.05226991260958663,0.0
206,1477.0864117228186,110.27612641324535,610367.6025647076,10172.136284915814,0.4339481429768607,3785.145329692218,0.6385248446665147,1.6720739656667505,43.15802049111596,0.22781925922104213,0.0
207,14764766.05209591,1566711.3758221618,1897745718.7275028,72607749.49465631,0.708413021075664,3300.333614954776,75.24026045140559,0.11578563505610884,8.446479908658935,0.16779951887801747,0.0
208,4820.482948171146,1433.9096306964525,1216552.115772841,23951.255637554877,0.6544162938715371,3572.4045051753683,1.3520520006881527,0.05535907720938384,4.142892128657655,0.10663353542106341,0.0
209,18441657.992158726,6148055.745765278,171430317.17621467,38384957.00325422,0.6818586654215028,3757.8890952359793,6.562400214910362,0.7946509931522657,19.178779050223582,0.1173368750890246,0.0
210,216433266.57627702,30274522.283964135,26018900129.907448,993632411.7499253,0.7476080391666228,3774.758644922639,10.234852215302606,0.13699402839783073,10.04416706118897,0.22987555105880528,0.0
211,189109.5554333369,20184.182524407348,33655906.89576282,983223.2691481297,0.6968798474616084,3967.7213157656497,2.0224647997621457,0.08327184241593369,5.268726447585529,0.2070589270769745,0.0
212,21082.880956347974,6570.375441645281,2701074.715835805,81691.7217270937,0.7109545995593098,3764.0046408845283,1.3358355530313442,0.15376079018320787,11.22365492219684,0.24414982917913947,0.0
213,52202.67716589085,18175.771121870737,5123432.380957389,175880.70569462175,0.7284334354169694,3673.864445077234,5.061322602359623,0.07913515686349956,5.492338814175275,0.11127303748710476,0.0
214,10576.730867022485,962.6955005291805,2542567.9326585466,60904.89022907291,0.33610944111171437,3779.535188803696,0.810198544180483,2.207257610922271,44.803939038029384,0.36047660358151956,0.0
215,41870296.729415625,5848613.369224682,4142733003.130786,181989257.06035584,0.697844923733291,3799.560449747726,11.501518787939125,0.21289231261823421,15.280647285644443,0.1461672920279416,0.0
216,51117238.42717089,9606894.148735156,6672753593.964224,230965692.5683546,0.5803700429934903,3697.7619036967894,7.920165014143823,0.1431146881222433,9.995491889224827,0.20996101476913595,0.0
217,515217585.53845966,172695865.2498358,8920891685.722012,1182214240.759732,0.7217242972277501,2552.6667532630345,138.79040965523888,0.036570014522304725,2.839758249659579,0.18653993363650379,0.0
218,41977654.06060432,10416115.485295694,853274871.3568461,108163824.00542526,0.6796188718736593,3555.857936615555,13.761245893175762,0.08040648840706961,5.7899989192896655,0.19495063458694054,0.0
219,71941208.59880869,36196880.22714015,1874321730.3611896,157238388.1903502,0.7091473783122667,3602.903777076519,17.731662619475628,0.13750522123870548,9.742590706975959,0.23176288394839148,0.0
220,235985148.29582658,21356331.305065963,29780195047.918274,1176302621.38151,0.5553465751678568,3520.1912049772272,1060.7744724472404,1.547311225240875,35.97845338641029,0.1369253036754281,0.0
221,127511633.21078292,13479772.908888977,14934012906.734085,610758139.513742,0.7204450832299253,4040.412034715417,147.5801446420031,0.10585124767019875,7.888613759237226,0.09829485825323357,0.0
222,45916.2074961055,8520.150571739377,5655116.693847324,187097.71662753331,0.6952371121895263,3639.104746577156,2.129833567005431,0.12327101360431776,8.164979961726143,0.4894438451068338,0.0
223,24788491.506231792,8503437.187059907,627686176.7545909,61331270.17121048,0.5180307763901506,3346.7895881829577,21.381550924844586,1.4891554716802085,31.514104004074547,0.10425208100312848,0.0
224,30465237.14711211,10625091.147913083,856724036.5589515,77904567.01372424,0.7207517849242133,3305.3261574558396,19.213090287547317,0.20893615354298944,14.742866845974806,0.12434601295866776,0.0
225,912578.5188982307,81694.80673100447,127881743.4431752,4678979.111166105,0.3564653136955397,3449.375267907675,3.8399532602697115,2.267910259043737,49.54324119103402,0.13855087800252122,0.0
226,75821992.54430237,13581281.641349858,8752186664.567205,332549822.83617747,0.7157810705190368,4133.882979653206,4.568453804974749,0.14482901601261355,10.188069204929468,0.31828492889034843,0.0
227,8509.172603133218,1300.3012179345642,2273895.4563420517,45820.064272338896,0.6361556311813191,3725.504286027876,1.2816861999186802,0.08254208900187114,5.8654420782833325,0.4051760029824747,0.0
228,75460.77542777802,41454.347659237406,6851353.231706059,238338.30515758507,0.7836053168742682,3510.771826825974,2.5249329591954726,0.14877926817397666,10.695940686141315,0.19995021874745575,0.0
229,911618.7818134062,154286.39387066424,44348067.72641235,3183174.942035344,0.652848948720419,3748.1079318184375,3.123136592448699,0.11922946328987978,8.776908078323078,0.0592718759468127,0.0
230,26229220.110364128,4639812.055858066,1532824733.0271375,94265601.9885859,0.7042467196615044,3255.233288440455,35.242398949088916,0.04419696304162626,3.24924279820396,0.19727348472505832,0.0
231,5718.915863502371,1052.4181626212703,1515274.0438393739,30019.13548147426,0.6383421350216079,3521.5473658734386,0.8321100427452413,0.008472400819299519,0.6611053172405207,0.3696210367712807,0.0
232,1708.0855507853285,231.9395742557072,852504.9147524443,12181.760465276511,0.6550120267949113,3735.550892829318,0.38102222226748245,0.06697701332385968,4.772851455660479,0.2843053781678367,0.0
233,27476.99169884854,5491.044914582315,2516529.332220143,99954.41320259648,0.625006048185804,3962.638071176012,1.9491634771721782,0.8679245414470411,24.069826257533045,0.5663615122651884,0.0
234,700012.2897546311,78126.61683358716,76490829.44198512,3191710.7583274385,0.7313618050057903,2947.5894161868173,13.607199293663395,0.17571637499358897,12.54798909750584,0.19226359444274277,0.0
235,10973046.561773786,1318599.9648015427,1240349430.3304672,50726883.617287256,0.701058889329559,3440.395430030833,51.58075210248106,0.8620092077435256,23.624632463255814,0.16737752512126583,0.0
236,1249108.496317097,78784.39459209239,465363291.4956648,8733492.055388149,0.4151201865550046,3944.358782131229,1.8815889475844731,2.6475334109269477,40.23198308692462,0.4039142587393099,0.0
237,5709756.056534793,964338.1485972839,383359501.7665194,21204396.608500462,0.6937313302424906,3816.6295633353466,5.344457308117966,0.17614521055362936,12.43797315474512,0.23618958813860433,0.0
238,2317233.1707627093,335061.01039194776,155784162.90716833,9109433.122062732,0.7255556154948136,3341.9248119740228,9.44639698115637,0.07858650791032744,5.808542497490019,0.04203791131696674,0.0
239,1258219.6691727412,90735.6389843238,343915635.387732,7882855.312582022,0.7385630356469868,3885.9590266774376,5.184689283022632,0.1363348594037274,9.825657519547265,0.33344834473304374,0.0
240,14136.341922157735,1957.5694678382479,4006538.8071113117,80510.41815539524,0.680067456906553,3498.211312837324,1.542923462692761,0.15516308127299477,10.822738088055948,0.36371394469872514,0.0
241,129664535.85106823,61390045.82211119,2125967201.1469574,258887263.0633127,0.6112435944202028,3683.075391016214,3.475485591945675,0.09595563928971833,6.7900210867470205,0.1611619095857492,0.0
242,1571918.6921286026,637477.290207599,12908821.984628364,2911239.242445593,0.8094444041369571,3232.278571403822,10.980466499455797,0.0740054984581798,5.443717401454682,0.2747655147597168,0.0
243,81592382.63702613,10617469.890115255,8652167101.79931,360487964.90995705,0.6480115328713907,2975.462867100335,149.98133694797164,0.1504693405751322,10.327425313989629,0.19499130877046755,0.0
244,721263606.4560207,221753937.5896154,12309276157.063465,1695491040.6964014,0.7275768964151634,1927.3080988399233,8.16615744498304,0.08004287156106038,5.715630808249879,0.033223746103393445,0.0
245,460403.9498607372,48938.55908929926,70940819.60781877,2357396.670113764,0.6719130350019096,3687.97568089812,5.091553894104718,0.155353782021923,11.08753038126798,0.23994867580938628,0.0
246,106419046.36288539,101993785.94668823,523138157.5221127,130700475.40536642,0.63566711129684,2772.9442690318015,4.830324823990854,0.11388944639488505,7.641548742515947,0.41869583420840334,0.0
247,32462898.422899593,2407500.3130789017,6343976159.613073,187527570.14469987,0.6334981144242244,3689.1773115289097,14.587407843939445,0.03209308161511339,2.3733507936132368,0.22676335968393263,0.0
248,324461.6526484472,89060.9422024922,23410241.149826083,1106470.0969691514,0.6906671441220371,3317.3118780795785,5.4795885719257695,0.06797125180054167,4.923094621182348,0.146349822195382,0.0
249,15381.436165673897,11297.920338863636,1190087.330362546,38753.1597356025,0.2344976741834411,3499.7151122662403,2.393915800785568,4.2374069625072455,78.03989347390258,0.20974514421888454,0.0
250,379025131.7032411,98943826.6585953,23165948566.02152,1266317047.094527,0.679704941882308,3322.2904351072093,36.05211395588475,0.1225405401053731,8.724786139739267,0.12758376751155717,0.0
251,1013333.5902976651,232036.75626837378,39338387.683014184,3188318.0066840807,0.44608137578919405,3804.76493428259,2.4338733378461557,1.4427917643572008,28.37497554437693,0.12939290805143777,0.0
252,6660.112258380043,849.143720229802,1608998.7141957912,34548.77631695708,0.7021297392587323,3944.17746029883,1.163531504808259,0.06626061581257403,4.378987693441951,0.4336190163009924,0.0
253,9709458.491942428,1408166.3756763048,899375127.1051133,40194521.80744058,0.5849939398174483,3646.9254629080824,2.2030309233610446,0.16431576280181268,10.676352707637815,0.4226996899614827,0.0
254,17553207.682864387,2484589.604716894,1356184786.8397226,71799642.16369873,0.7806048084719382,3040.8116503958563,129.22311975911614,0.11870735204486689,8.527978011351466,0.06994887426441355,0.0
255,60060.68529734485,46529.52597112696,2208587.680563764,123463.49875793888,0.6694811454370491,3531.818214472679,2.3054490485964494,0.20744303922688784,14.155020358617545,0.416481433980452,0.0
256,2430939.717570997,259764.35604734198,432805996.21125317,12812334.972148882,0.649873808625687,4043.1000699253627,7.606047239748527,0.19710473955838478,13.954246399106847,0.14913762046441276,0.0
257,25062.162061447703,4671.632345110784,3570494.2029121295,105383.75594804222,0.7256522786073489,3762.7656270811285,1.992094653373699,0.07802704710989179,5.631151987855594,0.31163952879123236,0.0
258,27298564.298036773,3791398.8426084137,5038217889.068605,138202020.81248632,0.735935913897078,3477.2234090653183,111.52554600043861,0.17210492076174075,12.531412864739316,0.34049731702945774,0.0
259,136935434.42311165,10787049.696008103,23324017765.578754,753898100.5439299,0.719489932090678,3287.5782211045644,1339.5622249546716,0.12535985464470337,9.189144438587565,0.12127996238910127,0.0
260,77375382.55175896,15689787.92198218,2789827403.6948724,236217686.94986424,0.6825799938174679,4005.3093990978414,43.84597523128183,0.0917025974400155,6.817303701585888,0.20835104143323666,0.0
261,10357189.693672335,1446150.2514141938,917682489.9335066,43238618.32170161,0.7367984320106957,3235.6325388262126,64.86988781318942,0.1848926090358069,12.630916977354833,0.3027666082521513,0.0
262,8433.029484724879,2070.8338893757887,1742233.7119671782,38892.06875670598,0.6629024587898764,3493.751528886904,1.7151062692674113,0.10301250312893809,7.225087180826796,0.38513120215554714,0.0
263,1788964.1360774115,307537.569145969,104215491.28051761,6294209.053521125,0.6995924667451687,3687.2480142605177,17.081121636358105,0.8074740578256849,20.128122451564526,0.3270529826338021,0.0
264,122977.0818186838,50420.962190297396,8117798.827704474,374741.3388979313,0.615446660979568,3590.7594312565816,1.3265817798351556,0.11984927445999745,7.704693775403479,0.2535758653482607,0.0
265,109467.76628008446,10245.59321554546,23001643.926131666,611247.4447548056,0.6512395626793694,4091.1872842707667,1.993098275040196,0.07038050422180504,4.779333677779951,0.10534416365144662,0.0
266,7071.176096357255,2084.081196928888,1637165.3574535537,33122.09588221001,0.6628414863904919,3374.830388405695,1.9171295740278864,0.024378988650812162,1.869442219061412,0.3101019697933011,0.0
267,172721429.16006663,29721779.41498224,15276466871.86703,681402719.1756372,0.685117272817964,4044.723997840133,4.924356315796916,0.15050024904160447,10.240045169772962,0.10684843497326284,0.0
268,6210343.514224271,1807265.8465112261,207169769.52037656,17428960.74313689,0.7217728592982049,4077.302934113834,2.9614412482595016,0.13984867256223038,9.360597401046594,0.20787202287137752,0.0
269,6525966.146447284,1910608.1176175592,106160254.74188669,15800213.844266409,0.732055237507746,3560.2691035047433,6.6723414460901935,0.14632375740958228,10.511013651333688,0.07014248489078713,0.0
270,48573583.53834865,22754438.308536515,1224606606.1251402,115667628.28314547,0.6486353112942769,3619.147790438222,6.224292557076733,0.08481636320819082,6.121310167677379,0.375763064951754,0.0
271,7597.69833679384,999.8029261679163,2163735.0338913677,42547.96477029801,0.6866806202338542,3889.7180561194255,1.0241803267400604,0.15903633713653065,11.112267618322296,0.1898581484442963,0.0
272,4027624.4958259286,509492.6147799424,493165812.3137474,18507395.85726565,0.6211116269988485,3304.8824950281396,42.83887176117301,1.5051943274761548,32.99982552626534,0.18954760767034648,0.0
273,7831335.280815564,2309771.0126746427,133609681.94965947,18958459.292124137,0.734192312781037,3534.4568002057977,9.807039089449763,0.11851377956412686,8.217539461386902,0.2780544286216141,0.0
274,9409869.961216878,747205.9510386423,1643997337.0130718,52017424.47418205,0.49704716583047476,3616.4952595607406,86.27612045501395,1.475540638307606,30.622210029749972,0.18830723213535264,0.0
275,3460616.781252367,627102.3893968009,303726360.005684,13638993.229300434,0.661272735273813,3530.9639552113867,6.272098641049776,0.1773523664747696,12.492304615013333,0.11285619941307248,0.0
276,113561.45754454544,75060.89053471688,5607288.075519424,264900.0304905228,0.6036337746521256,3409.096913889266,1.805961570098415,0.7613874986408073,16.941513332665117,0.3473979852649762,0.0
277,5173077.862310644,494525.8071681295,583950336.2982674,24804505.60668652,0.5121793510447412,4076.361070029382,37.895129929590304,2.1035187318271724,38.64765257324866,0.11584206056357635,0.0
278,8933434.90934113,2232866.6900059627,252820537.15033406,25106060.641888253,0.7087997897481703,3205.529822168047,6.82131168888524,0.07103369141538005,5.281343996229961,0.19036070825056614,0.0
279,2932.6249607299333,331.9448357360522,1254523.8854363025,19421.721968448455,0.7272530129586302,3813.614079050292,0.783663320763039,0.09785740749945067,6.711757181454628,0.41617601315735114,0.0
280,57127879.97863432,6470527.754694359,9355997793.18406,291594765.5042543,0.6298699240244952,3699.877223135243,5.052487451377461,0.14064542511603895,10.004277693567744,0.13830742261757448,0.0
281,14490163.848687375,1359151.7866019977,2058037497.3131816,74181752.319701,0.7361790495624231,3899.508055401533,93.2387394664362,0.16132403561356554,12.154489958982706,0.22901096957478304,0.0
282,113719656.19377276,24313318.74370603,6203892753.718286,393046575.56795007,0.6918989645920413,4074.78791792125,5.612721131434297,0.07343308709788614,5.397452915403416,0.1201441438489545,0.0
283,9138988.374330066,2083718.4822428836,233747186.0499695,25223182.28561184,0.5517104132663107,4332.33039659281,1.8738121451275787,1.5674094128526246,35.35766609392105,0.1268625466065206,0.0
284,9814841.237483542,2273176.1382731427,208234542.42439276,26577979.887483943,0.5974683544864982,2548.0577393739077,56.84612502262824,1.5171140092143174,33.83860370730601,0.18092585564782726,0.0
285,61720.894011386496,16365.953591749112,3227900.8500797125,180986.7361592879,0.6836647340585272,3674.7005956321045,1.711486343407128,0.057341101120537544,4.2043716662134685,0.20467731766008204,0.0
286,2698417.524577264,370557.4593218319,240621433.5455936,11440702.935863113,0.7036634742930952,4309.649984758558,2.2540367910779744,0.17321754958572422,12.30395782536432,0.11634738253743865,0.0
287,14563766.908621948,1516996.8242835326,2385632267.6879144,76416392.82761449,0.6659399865546208,3562.784131037468,38.775573967622364,0.8795838997419295,25.149762620686637,0.20591681290013383,0.0
288,4699673.306311359,594375.0052829164,382047385.2629288,19857244.54014035,0.7202461454822798,3392.1249814364123,14.033136791068637,0.802447540498014,19.979727328614775,0.25170097326660174,0.0
289,501100.8190645307,36976.52569101745,153616040.46459052,3237634.0365935005,0.5326658175184498,3609.096104737344,2.4274708467110693,1.5075936589703636,33.04592292634307,0.36657642873987034,0.0
290,8291350.376145475,535142.2587126498,2508256196.7479887,54870277.21653795,0.5263982327452211,3455.8220735213554,9.053331009014553,1.514702234325232,33.40829129305679,0.31491940578149585,0.0
291,29220081577.41452,8147359554.30936,1163670021361.6309,87162380101.942,0.7390067732272104,1341.5056743168552,330.89487269731484,0.19981038041461474,13.668138005176525,0.14424343030543438,0.0
292,18281868.468665034,6192200.697627528,983432251.2301085,60937905.685669854,0.7019711202100366,3270.444145428404,12.176821891684941,0.12299332378519648,8.438956322319958,0.1280134161726054,0.0
293,31310.924143482087,7919.322588798668,3567858.736879418,117205.30050501463,0.6367960212662351,3735.542599511386,1.0455691856003315,0.07502525303396483,5.012340202059152,0.18127977079046442,0.0
294,30807.884980378225,25346.86472175411,2062410.2964531318,69492.77411040911,0.6755149750982021,3710.4825125605903,1.7203831925715891,0.7402258568631233,15.363169713880378,0.2935984794712508,0.0
295,7619.6533707182225,890.6537415946707,2097771.6131179305,42619.56663298656,0.6586208578857164,3792.540016618229,1.1678051506067173,0.7174392606997129,14.070737794329428,0.3504149881136892,0.0
296,284930.5178367507,60206.08976064671,17058028.507188402,979401.9973980824,0.08576479530076524,4200.092743372882,2.7973343806867637,5.495936072816436,92.742273428134,0.22585611567054031,0.0
297,12666640.841802008,935127.1855150271,2499895921.471022,72950709.91629384,0.7242073221195952,3806.8125644537204,8.569018153013802,0.04345663242728648,2.9216753069826735,0.21748320520555703,0.0
298,4280.69934652848,1048.805298572695,1271781.6788122866,23134.192021654064,0.689695814907604,3949.8852835588445,0.8581589784845519,0.09800168804936762,7.164071564488486,0.43548797921085997,0.0
299,931727.588438411,69244.479752974,168830342.39271787,5271504.051556405,0.1789987404121088,3254.715401361861,2.569046426319611,2.1852962671427343,43.23488915309122,0.18086336949040502,0.0
300,525096.7162443082,166961.82490525214,41454170.522323206,1872551.9998118985,0.6494999806953953,4146.283597507179,3.033535890744157,0.13290009879708,8.996175927699856,0.24840134555653365,0.0
301,227023.76164337894,19898.605715473364,56630288.59261812,1323063.2051851877,0.6213537738714663,3470.64280446813,1.201885235302019,0.04583055129593507,3.0388857998169754,0.4083351124272906,0.0
302,1170546.0145517008,238916.2988985627,33423450.486196585,3411216.2648382136,0.6480907235741544,3358.2837348876465,2.441421999314365,0.10469637313451807,6.9547607860254015,0.10408574839173579,0.0
303,641179.3208504503,57595.41116150217,84595821.42871629,3209211.0198117113,0.47796548393463256,3875.9088164221976,5.890231688939258,1.5381796389023188,34.59610812794946,0.2697771742786245,0.0
304,15033706.27928335,1616629.6040691878,2702962320.6340857,80226399.38119291,0.7735155258171738,3530.6869435794756,106.07380888363586,0.09454927630613197,6.909135272708957,0.08142709142706357,0.0
305,8252.369035285566,1309.0565894514561,2448988.448089509,48703.7325088542,0.6142579940662304,3471.383905859804,1.1613614630061468,0.056422895982506736,4.100980291738762,0.24336919926837883,0.0
306,2933.807279328721,1038.5481630999323,652212.8646186006,13059.754306162158,0.5003654374367645,3591.2167987878247,1.0782715651093817,1.7144726625961142,45.43602353512712,0.367161658669169,0.0
307,14987.592683492578,4356.507758681813,1663498.539348301,54039.6764354997,0.6204652533702003,3750.15851298143,1.5881251768851585,0.9009158494942267,26.131732986853287,0.5381188700993086,0.0
308,2038.5262686638584,255.35454151777913,876050.7148504981,13395.858436468878,0.7102210019401669,3970.9026838722416,0.6928651144681384,0.1239078693295741,8.21583832810592,0.3023388840739738,0.0
309,62334.16428975428,34158.346271381255,4552112.568601837,190137.88922302006,0.7061196993107133,3950.4216326144106,1.534001571321923,0.1518831276221606,10.237883125178335,0.4830282788068705,0.0
310,15653218.273301804,4340884.401205356,525599766.1359803,45998198.697667286,0.6755592117367692,3881.6375176044417,3.657809795575721,0.11493217880988063,7.99994437738958,0.14647795019880286,0.0
311,16136.833145060747,8946.904088340514,602777.7204520728,29753.32949105748,0.18963958012768548,3754.7715704774973,1.734461253526066,4.136961912349112,70.88028878898315,0.4142832472413477,0.0
312,584984216.3840395,66589606.757050335,84146623910.17229,2853489767.3521633,0.5449703631362952,3608.575881050742,4.1867640206560255,0.0683726977534203,4.93685992325256,0.25081623410608705,0.0
313,3607239.763153835,547298.9460335099,167534560.51560444,12775239.223949548,0.7508800406840178,3421.4117253457334,8.554172967421243,0.05266521354824612,3.848806732177151,0.17066107571163827,0.0
314,31458.301812246173,4672.724493942645,4891834.896700742,148213.66580461094,0.6432413255158966,4299.248746250672,1.7712548536746293,0.19888244947488093,14.610314829271243,0.3068722111937252,0.0
315,7540532.385087465,744164.6639864591,901659962.8413178,36582009.80418158,0.8184287286475529,2894.230297945977,45.653219950469165,0.06432041536839037,4.69598514991335,0.06431596475684144,0.0
316,3401.9741811381923,616.0811160129085,1275445.6025079254,21023.300674695056,0.7297319646994967,4029.130318748391,0.7537640616166402,0.20479907066865213,14.772126288648366,0.3182708810898167,0.0
317,586597.0034210591,35789.72924517753,213924415.5627182,4083881.365706253,0.46636057490145,3690.0758075446256,1.4951787523362314,1.5300642649042993,34.29710009965241,0.4179991412278836,0.0
318,15168485.584165338,983521.5950260574,5386899028.696976,105301666.83088782,0.5129534681559973,4009.2390234277564,94.994511448507,1.5654206305646565,36.371322505405736,0.43299921822827325,0.0
319,38838730.56160507,6438111.430861803,4449423021.019481,166437961.83646744,0.7693092400975808,3428.1572486929254,30.176596868243863,0.10474803504311528,7.818411899357523,0.059752391778942815,0.0
320,4481.267450374954,705.1073993061242,1775659.2852911432,29472.038084717136,0.7061038485618589,4007.5410334580242,0.6946089292426729,0.12026460368441123,8.287458024131242,0.2812918201853197,0.0
321,1054500459.230455,324563831.0270711,33948706611.767143,2824830650.666808,0.6913975212229725,1683.4352914249844,72.68943663912748,0.7077128423316423,13.700333952520548,0.09403187869647735,0.0
322,6111.728412868954,1015.1506628866879,1565105.3320767754,32547.08733470164,0.63428474721903,3570.5433244503065,0.7236590074861192,0.03028181905894307,2.0640692815041746,0.4299341319303418,0.0
323,19601099.274488233,1442309.162156967,3827716317.8914957,113147349.7694366,0.3854499500757408,3627.994408939425,6.415025913702372,2.787919172084686,49.42441483041207,0.13789894098925015,0.0
324,852334.2826273149,71041.57208749368,205582750.90106177,5087796.537241004,0.5214286914313846,3597.893593166179,11.090528729814427,1.4763272166191317,30.299514393129993,0.21342148002245753,0.0
325,25625397.15199009,7284945.4359584395,1516563417.6118665,82610659.89198633,0.6775773547181562,3561.397189400694,4.25747963060058,0.12003995561159835,8.620178156664819,0.2849040991162153,0.0
326,9829748.681132058,868930.0823082833,1649930435.05366,52969325.93072422,0.7210856550265817,3090.157293102498,61.64032850026338,0.11921401805945368,8.71467841396189,0.18258718513012584,0.0
327,8904.52555346673,6825.731738734971,714534.6915017075,20634.028294490487,0.07862936568773843,3807.361758766323,1.2217862789310199,5.477732891924035,91.42126212836051,0.5424720918729161,0.0
328,184771.96158969207,21930.626841283487,19084132.803176038,822072.2920346408,0.7939982600066331,3626.1129586499046,2.1520552353449465,0.07427835502762506,5.064048837617136,0.2915048923436248,0.0
329,6183.218003791697,999.5958578013236,1593031.4532019496,32576.99046671345,0.6882459869719956,3901.1936442763767,1.0703853699575088,0.12534693322422052,8.417532923400884,0.3054802142444336,0.0
330,5867230.375763534,1194345.9791523668,319183673.5976172,20324201.232803773,0.5669044445319003,3859.512789490206,2.5267406886868846,0.10653194594154156,7.4843220333640925,0.08115512968568998,0.0
331,1030.8033153227436,67.57865104205946,603866.3085960525,8108.089053214835,0.39382951626521423,3866.195023595125,0.5225692120616809,1.6011153528874633,39.1096235400301,0.3159013358748919,0.0
332,119879627.84389436,19592851.96423957,13000496599.394857,509351016.80923164,0.6849002147109398,4050.6509134146445,27.061255953108372,0.13816446213003292,9.155948277810129,0.26902521922384864,0.0
333,28161721.172903664,9870788.4791134,1379854682.029133,83050472.43921907,0.6402281824725284,4154.096021118675,4.250703867800322,0.17645371790896477,11.759847591564883,0.15347171706725704,0.0
334,4639455.43535176,396356.5729685722,727891513.0385605,24699735.49001179,0.31569014679966234,3596.438404379301,2.9032583071506357,3.4791817941939,61.31628424257557,0.17496470940162054,0.0
335,1209888048.0172908,286109061.91117895,55372558514.53027,3732362053.8188653,0.6714147342260359,2080.197086106631,12.55428429723806,0.03210093748706662,2.1731711111437364,0.1816619188801767,0.0
336,15833.50640861493,2317.769252462161,4307824.692245232,89078.66872056291,0.6719613714822035,3640.7129625950683,1.4466509544896726,0.10808180620525976,7.350155297037266,0.235372611823491,0.0
337,15463662.530662078,1120867.830273456,3498594233.8302474,92614989.6970791,0.5017273471304614,3709.739298284351,58.23645727329795,1.5811640128134818,37.33394198254217,0.26337266081097377,0.0
338,40381.35153015863,5491.821270240517,7182950.430648891,205415.6153125943,0.7186772526616073,3937.5167233314855,2.61908845220306,0.11050897332066292,8.142917642314673,0.30554352372737326,0.0
339,53139.32577407785,14591.957003960162,6842495.713991726,220430.8468403543,0.6024106741403681,3692.592025181929,1.5126355591909468,0.07253605686034179,4.941526954878062,0.5132546302991833,0.0
340,30145258.296335083,6856644.269916159,1127558128.2513723,94057165.71279748,0.6383523203126336,3701.36517923472,4.2267143508970095,0.1516002488311253,10.70795811452921,0.07969803075222173,0.0
341,12816752.435614945,1301186.8250054694,2309637087.6866727,67877117.62573995,0.676747424086759,4077.3796234591887,72.97622888117519,0.18639049240204414,12.645402125875895,0.15679868203072353,0.0
342,15271392.944191566,2351114.2516863234,1245154068.2802854,62231385.75731585,0.6074052032199532,3706.5436554222442,3.9233395816262,0.18226284451090002,12.090018212899638,0.35112592900109274,0.0
343,27486976.569284596,3454296.386714203,1801049639.6437447,110045593.00913131,0.7224667386511113,3711.2937965454103,7.208527553637751,0.14261827327829568,10.102616459292836,0.2267946147729422,0.0
344,8310477.727648765,2657585.6392962285,237287324.8219401,22077444.9612001,0.7631584469585401,3344.709609271772,45.76655154128248,0.12671672713608303,9.46683878953811,0.033046603159515,0.0
345,8200.042445539157,2035.6903206239222,1358613.397841453,34288.347398131285,0.6420077234089689,3392.4965670070296,0.9238648023309343,0.06722822290280259,4.763092015706152,0.3563140776943014,0.0
346,8935.679248047512,927.9121473638832,2516528.899217627,52324.264339076675,0.6216674237188304,3601.1019579764034,0.6512248609706917,0.06762321918005254,4.828244709025111,0.3512381864801571,0.0
347,22053835.9501378,3314748.1848136373,1070862918.2838752,79178998.6742314,0.6885957553232036,3438.544865872116,55.55653632901437,0.15797679177144647,11.363896347590755,0.06717904509793207,0.0
348,8487283.676532054,2468700.407167614,138829550.15779775,20614406.02119205,0.6523250173416933,4060.593749637322,4.10722069911583,0.23858167679135206,15.348173625674821,0.06275395731191624,0.0
349,1668513.311939265,108247.99620257333,446182117.2796124,10615214.691546608,0.45496516904324064,3607.0886464062787,2.0658522094692136,1.5248663038577104,33.56543368995718,0.2727729478266371,0.0
350,631122949.4016304,192332628.99206287,17032009858.885906,1582158009.9540558,0.7232106459069662,2159.5994402201395,11.226829502125373,0.09748639883491812,7.383275113799387,0.2135974700222494,0.0
351,381496140.40254056,155750113.43541902,2289493594.0829554,693223938.2802229,0.395459768545056,2005.051381642817,7.541795666488444,1.507683604574968,32.824585989106865,0.15212223482004447,0.0
352,18128.818446595265,5147.66748839673,2088033.6149939871,63895.69410143308,0.7305391461117905,3505.918249141787,2.3804139301728404,0.19138313468358642,14.090021348051426,0.1134627722356943,0.0
353,8108238.245933625,843086.0634137644,771889347.7118486,36806187.802373484,0.49950209079357705,3739.8661429503272,11.078645851931158,1.5521641315050108,35.92492543281695,0.15356891343443715,0.0
354,3328779.4340324714,455370.27417848696,319665196.576144,14266402.560313648,0.618064815676399,4290.591244418138,3.154304572111522,0.0825215641052897,5.9028074085968685,0.19132678060614952,0.0
355,18301275.43065111,1732495.5094195679,3177158278.753268,97317745.22964498,0.787356019882335,3583.274985745122,85.50415453317956,0.13949671119734058,10.539486541933412,0.2625113924179822,0.0
356,90896584.73205578,17829210.9054604,3830520768.048828,300620112.79916507,0.6488147629247669,3935.1756158717067,8.274349950821637,0.7727547150280775,18.007121827190787,0.23117177236657047,0.0
357,67262692.42997333,7038616.04192173,7997512328.337041,320223307.10660636,0.6805312932191695,3994.003733283961,6.598063582012862,0.14726428602632416,10.568125601687472,0.04636280861134627,0.0
358,9230060.10013375,907110.8317968631,1163902731.773309,45301068.06606938,0.6916707669170122,3766.2135143213563,8.891624467070203,0.1593350032066569,11.339220170850433,0.16774933511701817,0.0
359,71869196.32222629,10374433.69436928,8468151181.688347,330741998.4769769,0.6688720629002624,3754.742910007073,8.231049678951821,0.10685984809771246,7.691434576949679,0.17551211334907352,0.0
360,169118.78201517626,58992.79344654718,20044993.932711355,674326.2311906526,0.6676213098920283,4112.276124896485,4.693037438884026,0.09720334873974013,6.512475780183559,0.1547002486395112,0.0
361,12961909.99309329,3154480.9298686245,645664791.394593,42377295.55119781,0.7105941150730157,3439.999408330605,4.331322856803012,0.10688895270824066,7.734902481267126,0.06427464839915197,0.0
362,14815.322294385685,5760.116860810222,3025588.2940058303,66371.9788411464,0.7680351971073598,3726.852074547128,1.7609652133381133,0.028176631120641903,1.812085546171113,0.1829312410535533,0.0
363,1597678.8612579317,133113.58877023557,277368551.2930834,8731789.128507787,0.5308721398960445,3437.29110209384,8.611359227841598,1.5347677742956305,34.903911444158794,0.29744576156985797,0.0
364,21579962.56288233,3021012.6511262814,3913031899.158122,108520062.06415308,0.7666619017494597,3051.289295581285,205.66626605440118,0.1185922812686587,8.749472473738695,0.3167263817014964,0.0
365,25832874.16740545,4360779.770646946,1438508793.8675826,94120994.52817893,0.6495737872926636,3765.7926290588666,5.104743205497451,0.09693772367000415,6.739569191547522,0.14358430730810093,0.0
366,1042812.8633273505,109306.92633957097,134591051.86647093,5024925.646335496,0.7245223380718919,3980.643196965866,13.082162588312611,0.10609257096517855,7.272928360949585,0.19690053705274163,0.0
367,11043980.496449653,1012649.8606485941,1924217173.5508513,60425337.06653198,0.7401322890107367,3099.343581555114,66.42162089695306,0.12094127841686922,8.75908801590593,0.20012159376427385,0.0
368,1701269.4717345624,109737.38527858653,530412846.8351185,11283810.924162587,0.4682791719949371,3923.132934442373,3.4894755776424318,1.509174965944474,33.15902419402598,0.3482601980108877,0.0
369,1188.8194618821271,231.91007077945673,579090.3684936627,7961.744337954486,0.21017899331795484,3882.83180349588,0.6703220783768291,3.5122940908905944,63.65092981643632,0.3281239364460796,0.0
370,30781292.026110806,7931482.375266455,1053511438.8828102,92518429.22052759,0.6218214256430006,3726.4185867496594,1.8690485037517557,0.040646656141069215,2.9169690847156273,0.01245812997115094,0.0
371,20186799.684632428,3851373.4888644614,1303762040.1292038,75454040.34317389,0.647001107246098,3849.732586950934,5.915800832223045,0.13460288125758257,9.487050817189617,0.03337428631947508,0.0
372,19189.37912664517,7127.893645220598,2492933.127535177,71611.14644679232,0.6251163630242156,3563.869033188719,1.982628006973815,0.08312948342474913,5.819757898719905,0.32281636447582857,0.0
373,2385.3816611186107,874.4941508351455,924209.1444066719,13603.8541752891,0.6477613491813946,3838.010615892947,0.8256223283351379,0.07469208750442817,5.373381604195106,0.304852435975529,0.0
374,15051.322275648516,9092.971750518722,1954513.637417753,48093.7568341584,0.6573293497524139,3477.9719801006295,1.1284487988165544,0.07556807831281649,5.404608784612726,0.27598173551413296,0.0
375,36026.80821467575,9153.37664624957,1458695.6923569154,98662.56955340125,0.659371755183626,3641.7838202294033,0.960175304234164,0.17215109034153322,12.028777051776933,0.25976017029782916,0.0
376,16351701.896811012,1221607.842203788,4140150048.108471,101071742.29533912,0.5101007405569277,3059.9498001715524,93.96398922036713,1.5009874439476807,32.487342230398205,0.31221409094056685,0.0
377,7956946.781956474,1182034.3485446386,536586007.5180376,30508182.38980204,0.5988069673778209,4076.621305161382,2.438606063860586,0.11960732888212418,8.262859730945628,0.28194561730459194,0.0
378,71341738.17449585,9147667.072207283,8037502594.467316,320182055.1023747,0.6957196128344199,3382.2194773362917,31.71413493007914,0.13337315060672364,9.376668113461122,0.20708202991874758,0.0
379,18032476.430625476,2057541.2149523161,2489958117.2584414,86782221.90682423,0.6708460049518385,4065.8805717622918,21.95217988253624,0.09371577968661979,6.9673772371423865,0.2799305776478848,0.0
380,2620.308320809401,926.9707354815779,715539.5272228766,12799.20333327884,0.3829986184654758,3516.3473597262628,1.2721099902525268,2.1800190011198337,43.69350431431674,0.4458233988300349,0.0
381,15281617.275100391,4607795.9691089,176294885.5115346,34031479.04755787,0.5602372393997654,4052.332229973603,4.0234017979394565,0.11102373566944843,8.044574373058332,0.2626608821714239,0.0
382,2593363.6996961557,459773.6754885501,191219803.70228702,9961319.72778247,0.6381978081901958,3654.0396586399,2.6758034565043394,0.1279460154365279,8.37816220120484,0.19308805754612185,0.0
383,45238492.88410123,7214445.3414201215,3778295674.717225,181547798.16113803,0.6041835284063387,3869.899800117667,3.2974022722679384,0.08530547643975979,6.093013620989014,0.11767129160243998,0.0
384,33252882.66714806,4483617.606527771,6260214685.76418,164454410.10879683,0.7413864032259264,3317.306281930909,43.404740210360096,0.05885921613464333,4.052286301643958,0.30050314370206366,0.0
385,1290729.9658555053,310256.61968278635,29584594.50507158,3468063.48509581,0.6335810141864251,4065.308037396866,2.538311118320404,0.22340651091222014,14.382328776559893,0.13576961163634932,0.0
386,2833.4375166505356,345.7990012111835,1233310.4821599964,19181.477367803665,0.670835786926197,3772.2973756085285,0.7622398578327683,0.10643516608479456,6.836855412149211,0.18899013173860932,0.0
387,892525.984522051,201819.9802663853,47033760.79659752,2907389.637255188,0.7898544560956038,3454.210062429468,10.617746628797358,0.049476179776903884,3.681010043277803,0.19883893475360873,0.0
388,14733697.106444139,1070723.8351420062,2867561782.397271,85134702.57577421,0.6000729586106452,3891.4575741349745,14.149702477023858,0.10652060552051719,7.949012514737758,0.1276731062459502,0.0
389,55285.74927402084,12771.62803855164,8345120.61159531,252733.25558948057,0.6390885177892901,3990.03632769715,1.6723011177546123,0.19574745783625058,14.059611753306097,0.5472038607742473,0.0
390,17678773.6580761,2569703.225163655,1423290292.8773186,71422817.9709048,0.6873663577770144,3769.3210725162617,7.05448697911225,0.0985785990973361,7.105933773364695,0.1276443876215831,0.0
391,29466170.226665467,3918592.9482876225,1703037148.6326976,113318450.27718957,0.7044547939331465,3801.5231455858884,31.888970019948502,0.17941309960891488,11.922061408725105,0.09003297041580195,0.0
392,2752502.445137874,507815.8902794172,171227335.98091733,9696638.047731252,0.5970033287720323,3738.6436068660923,2.042673478123707,0.07114909349920726,4.917419960980668,0.19070828767691586,0.0
393,9969.766810228135,2760.1061913397016,1944810.7027008075,44719.87314634617,0.6862537675204029,3558.85900588427,1.7995098430750192,0.0852271107710811,6.182543236718833,0.0896359529105871,0.0
394,22017589.952395983,2074004.2548940093,2656557545.10539,107911185.51666081,0.6816994871460377,3771.6430055734363,16.95918351467051,0.8035728878537555,20.05359279233457,0.09472250721543211,0.0
395,1296518864.263658,632250743.9178711,11869427019.990208,2278774234.000403,0.2152560743115321,1306.882656830068,112.88135701261794,3.5628784841937025,67.11995102573471,0.21261709612162,0.0
396,11679852.40998188,1058213.123260126,2538110931.9214077,68442003.52777664,0.47898056241177267,3515.2022635843778,103.46097782353146,1.5047440221900221,32.99431340467878,0.2338755353044099,0.0
397,9172617.002720984,645701.0873828129,2677370905.836912,59748093.73221531,0.7004122125811946,3930.114111772168,10.43221259689183,0.15579221894480577,11.704813285437544,0.26624903135232214,0.0
398,12058269.577314874,5092308.07544926,755707415.5354192,40794198.078233644,0.6933459058312597,4137.728166196321,2.0134702897491326,0.0721679198541378,4.856054427930897,0.10278455504293266,0.0
399,26554691.271202676,5715615.841903588,1551178605.461447,90288352.62259667,0.6695216684099836,3711.8021527622327,4.40401244824304,0.08130071620986605,5.742565859358787,0.17536797509723281,0.0
400,25745870.584118847,2765289.7108964818,2912581498.2935233,121629002.85624917,0.6412796166612822,3595.847719364666,6.898593259550341,0.16993669357665792,12.395227013275465,0.21555176709402973,0.0
401,10742070.27674896,2791831.0451508327,496363668.28800356,33628703.71875374,0.7180385244418787,3666.175338293462,5.075926012638878,0.1026229516645449,6.823269022439149,0.2522086735750149,0.0
402,345484.9549903306,45075.84427280213,33221145.798781145,1501626.7165010273,0.6275756605163921,3746.7171426376963,1.4170620647694394,0.14828856888291203,9.742165513179451,0.18422134368226412,0.0
403,27851.025674969504,17603.62301581438,1889038.2208499287,71498.52815749317,0.6530394845438052,3637.795626846329,1.5725019706542718,0.8653446128824008,23.99105733637645,0.18874658693542987,0.0
404,376346676.5437697,123410351.41283989,6866367276.076307,857468484.7455525,0.7124011191122194,2553.070052200339,10.52144154956084,0.03748687111707847,2.6196403579208494,0.02563480829201581,0.0
405,6641.961442073856,2536.051383078858,1388568.6905740476,30083.10090906072,0.6383394376740104,3591.8889793958706,0.8877695824124476,0.1098553270473011,7.583150903011051,0.1625456555103066,0.0
406,6036017.535694608,1698540.7955853133,98786619.66150077,14795067.741159584,0.6565059684214783,3745.9596738441155,5.624787284100298,0.7601192228540247,16.856333769954404,0.0896844126406777,0.0
407,20273435.752294194,2355838.5883762706,3162910656.20031,100937234.78925213,0.7726041917333824,3271.6701920478235,229.94717243431208,0.09733615397537605,7.294460014112798,0.1999602742894001,0.0
408,2574668.155317287,300346.1988036699,223041771.3778607,11096792.070621004,0.5994078243293226,4197.862108239457,2.7643727512784233,0.14710641856126064,9.96894852338338,0.09914216800611413,0.0
409,568715.2758158613,100506.7053011292,27836085.34183799,1919681.5870954902,0.7308436833061649,3555.3555765349747,7.275321880614232,0.11222482715360194,7.91782227260273,0.2990761175483224,0.0
410,1602831648.8905668,465251558.49102926,58184196508.33244,4542038090.177165,0.7607093677923186,1252.3154695905266,21.44210416613207,0.1693083181140702,11.885201652997925,0.13387898179775848,0.0
411,57619874.08746505,5469951.451124557,6940281856.396919,282202216.3438682,0.6866589645458185,3867.2857712869945,16.83792810839199,0.1342025134957628,9.511554323730468,0.03877010915476689,0.0
412,1443260.6337484512,317483.5339796325,61911148.281552576,4515419.272938383,0.6516263970989506,3738.218346774295,3.9921613338721387,0.09846297417848512,6.758293273643517,0.1283317023688903,0.0
413,3220295.780764425,701525.0179799239,194175655.0961837,11322510.770088004,0.7184495175303909,4142.976264227908,3.684902204988733,0.0986941334634075,7.332606823799466,0.2748361343534813,0.0
414,9100718.185026422,854498.342818151,1058484234.7773235,44210284.50055925,0.7351373749789658,3836.4617976323716,9.278206421152237,0.08073087212664713,5.72627166878585,0.1838083831303717,0.0
415,75935764.01897445,10059098.733929096,6613638304.112589,319624293.13583386,0.6146805609901829,4008.275889408824,11.679983679075395,0.14924531546227246,10.601929320766853,0.20581263015244775,0.0
416,51646501.161164865,7587354.320726233,2943119458.8123527,195431965.82864183,0.6462207723820848,3672.998269880596,2.7177236789276757,0.06725231259816233,4.798693508220561,0.12527024620712737,0.0
417,5976518.656783533,449957.6677563512,1164473684.1984515,34287202.43976055,0.5096200952312566,3262.1330294263553,32.262587143650514,1.535360548339106,34.96776702451558,0.20918379886443714,0.0
418,242368.12250617504,79910.87495634645,9237146.64352416,642851.0274602158,0.6462838910298905,3613.7746957501986,2.1694768230645067,0.11360263096729542,7.330474087297209,0.46011151056298333,0.0
419,19038.160242870694,3948.258537221943,1832686.0561876637,73188.39866421148,0.28506786133038037,3963.1531443659305,1.9590531416806511,4.093889804792648,67.54331902457444,0.32934098474738166,0.0
420,14715442.21902653,7351429.049309212,67821289.30524433,23485604.08873483,0.6777257302397448,3342.443240399452,8.119480430865405,0.24853717221774607,17.940138661494643,0.39481375737645336,0.0
421,99944279.97303738,32883361.039661027,4314053656.204924,285956565.2831852,0.749236289634574,3358.3980570731073,160.9882319571058,0.7934884357792195,18.934210967988726,0.14401447052630656,0.0
422,1836121.2567494833,416400.49512470036,170291590.16060978,7091401.114848586,0.7231171679414303,3799.8947158756514,5.56349556472694,0.13913800755437675,10.100300665264662,0.02804245678918219,0.0
423,29527891.232436977,2030824.2016007744,7068026017.06365,181309243.92151615,0.5374027719433172,3528.3792217815003,176.70394932337186,1.5071037820802122,32.92173731750739,0.31816705588020733,0.0
424,176846187.8903509,28735406.592051823,11394162597.933231,656457466.1580524,0.6814014920038832,3678.467455543628,6.865693471104831,0.09733590633385969,6.929241523556618,0.14039263257303125,0.0
425,6088436.026569865,2057379.8570361708,124027073.27625611,14817119.724783689,0.7206562560214829,3327.9279705499584,6.870158765776389,0.07180332852336688,4.88935489026842,0.2383682659130211,0.0
426,12257552.883489769,2167673.1461993395,856374960.7348664,45884541.48495145,0.6071956848880187,4072.4077979431595,3.5456576419323587,0.7630911149903594,16.941078618181965,0.1693528229954138,0.0
427,37955.91523020503,10999.966436060848,6516273.304506193,171461.73525739418,0.7436869036011596,3650.8344912453804,4.265153985819234,0.11408082113469283,8.209315962708846,0.5330367693984508,0.0
428,214503360.68516773,121024832.14907642,1993311443.6831837,355894408.41027975,0.7136110040318359,2774.6154102931087,9.6758484168698,0.08199047979169113,5.5405060298294115,0.11812587878798429,0.0
429,42451088.02613334,7329370.590129642,3586854599.6913147,159573069.0595118,0.698111413005394,3298.4290219363015,47.5698403248381,0.11629847874400907,8.491841387369355,0.14773544937441802,0.0
430,20665373.672393583,1543112.71728616,5433499300.731254,129200690.32880768,0.48447546763454463,3427.1878467814727,22.078824854912938,1.4725313672451286,30.679925580505362,0.272474124297496,0.0
431,983689.288575894,71158.56677526247,192255921.74363056,5672934.976211658,0.38716116986408555,4042.886781641974,3.7096415102186193,0.22417068313387337,15.567145457169834,0.4033627619678876,0.0
432,2357700.9826825694,386927.6832029866,186598661.36659878,8770035.839658935,0.5304582914713323,2822.661206478095,10.017262670835754,0.13143721384894524,9.348735662307863,0.4490038384646304,0.0
433,102234776.60202792,8619804.376501542,20524263163.972527,583005671.1497705,0.6684852108662271,3959.482130296451,9.015642726133917,0.12381100521887482,8.288613253312533,0.22430163883545523,0.0
434,2812.1970263872304,631.8152530721402,1142224.2806278684,17180.821410034514,0.7265239244038489,4020.4768130169487,0.6513030980577211,0.04863521909885664,3.5099991637297263,0.44973626491202257,0.0
435,42820966.566571906,5623651.193753585,2566519534.920943,165987401.8154232,0.7555743411991849,3841.946950400437,10.609979096695117,0.030874327296741378,2.0296573104195517,0.04402821940604238,0.0
436,6824041.2547004055,1004885.2875104888,580890703.6776756,27887457.079192393,0.6570765294511524,3658.1570609507594,3.878683796526962,0.14519792860886857,9.924934249147077,0.17545929273951463,0.0
437,9951554.224594448,908322.5153952446,1427909033.8020372,51256026.01406284,0.5442996587427888,2780.8754851933713,30.62299476830734,1.539526659464277,34.49802633225881,0.22378132922353453,0.0
438,7952062.693106396,1137733.1453913369,637266181.2319605,32984540.830540586,0.44419038987821297,3386.648719493289,4.727381448958528,1.5000969262250716,32.62528074186014,0.14247601383589523,0.0
439,51814.74725277776,14751.956476014637,4679446.026565721,182037.5968594454,0.6052043906966253,3869.1631426953204,1.4044570156086378,0.16107776884822939,10.902418257798143,0.10337817931393198,0.0
440,18523650.434639238,1255269.6323539412,4130992924.178724,111973418.36650448,0.5150265347614396,3298.7205210368475,18.820079763114805,1.52295619455798,33.94797094536189,0.22713838651858584,0.0
441,31125433.185953587,3738066.6945623113,2527435821.669944,131672952.47560997,0.7008636763374211,4003.4974567044983,18.843248356143974,0.08613472072027246,6.065413863882308,0.13342672300546227,0.0
442,40800345.82565095,4642929.078370545,4804819489.789306,192572919.36838183,0.664764527416134,3640.7077877307747,6.646680481111824,0.7338460305852703,15.015734966890571,0.24860056308043943,0.0
443,22354095.515391603,4954489.886859316,861432431.4280409,71307287.4519405,0.30251823209852474,3909.4727127188053,5.282719953280981,4.114795243805903,69.01583111462926,0.11331314548006931,0.0
444,78807892.513457,5429372.423913485,19058012134.710384,485550096.8056365,0.615920288168299,3692.2432734441536,12.467364907099459,0.11030093552260496,8.079913688684469,0.17507092786138093,0.0
445,14120.826459589973,2229.5698243160105,2978314.423926622,70224.21436778872,0.6562532381400007,3705.610787366745,2.801994001504529,0.13817988977407492,9.772814241944568,0.37171301994247197,0.0
446,8863518.011331156,1370815.7194465126,450905637.2650566,32040643.78083955,0.6935719396189162,3726.818337447651,4.714688380690071,0.10803915105031763,8.004991078409837,0.2609498069912061,0.0
447,5788.679088399331,699.4115216325837,1851618.0716971606,34486.67420950437,0.6575263365335976,3678.124119881632,0.9963626380528083,0.09980569359688722,7.184217856316467,0.24417855406452046,0.0
448,2583.7012468995244,371.68483905467895,1002012.7333238702,16064.507937357825,0.6422064441289362,3623.1627225567204,0.7977890142612312,0.7360396575404963,15.110783693339863,0.24385949583233302,0.0
449,14659261.3409186,2629073.8367695953,535562104.8267182,47824268.00502546,0.6995866347549338,3318.856924470585,48.153949712446924,0.09797354311320623,6.910069521546047,0.2044556514284363,0.0
450,45457641.057535425,6129507.390179179,3573381777.10179,185860467.64556664,0.6251314316924789,3942.446017977156,3.564382880721084,0.12019081382840655,8.043756674535219,0.07998349525237326,0.0
451,14114333.973135015,1819767.8399297434,1167759259.2863176,59164684.537096664,0.5881584190892315,3782.1673904003956,1.6513099394258701,0.11202047521198333,7.433964263427432,0.15031565184666715,0.0
452,11912181.432925213,1034175.9399603659,1997162053.1583533,64285501.45444504,0.7083907141869796,3316.69155598074,20.751846876194357,0.7973589087549958,19.475152008252422,0.2374778149581903,0.0
453,115584471.64618067,13731220.539892897,15953139387.523905,574570088.7603333,0.7489098674219383,3620.0250994205644,127.38025273620866,0.831734997555308,22.19742332802704,0.09785742033194858,0.0
454,85593.2549919452,18980.843039733114,10716023.645932687,346315.30229949864,0.6136742452769919,3935.640129113227,2.75119503581375,0.7508628311421749,16.35608709027136,0.3289163674028248,0.0
455,60679586.07910874,4320091.045139258,13998423434.984879,366903740.02115,0.6373492228200375,4139.9809545000435,41.99429251172525,0.10275068303037127,7.17993525922707,0.18724973342728815,0.0
456,97010.5890353629,19053.006818087444,7546273.592352973,337937.36555769463,0.7143886148556053,4087.93506222773,2.3202148949703294,0.09360947435234639,6.656639440583703,0.29623295875480327,0.0
457,3323414.71130848,517701.3484323725,331827084.08084095,14055497.584762221,0.6732865367091088,3815.1857806864746,2.982430770486782,0.13065628308899885,9.080261672662797,0.18016555999931097,0.0
458,4182934.7086669453,765510.728139203,144167441.41310135,13242724.577920796,0.7362732221783439,3395.43232166025,12.45554560702169,0.2668330665898296,19.253397342280085,0.311747048759065,0.0
459,1992818.2775774759,379781.20778912224,67059000.08693925,6157447.97167072,0.7174205122165753,4167.833552285521,3.227776485879228,0.14480495231715143,10.316051275372827,0.13508678650412628,0.0
460,10131581.873672877,1453816.96824412,511759438.62027615,37092507.63176694,0.7550899230142765,3857.542641889677,10.412893395599053,0.05192395039045392,3.6774674626559714,0.019227091115813454,0.0
461,59111777.6753871,11986865.054852307,3978866225.7618537,211992476.92709675,0.6888233190160948,4066.8186096688037,4.144777616510042,0.12993482466921877,8.639279099776427,0.14920868450883193,0.0
462,4937144.241209427,416722.1920117009,943323658.1378157,27238030.309254944,0.6827715169419767,4232.642268894721,8.978402411835518,0.1856055484562062,13.236354237956363,0.3197839469714872,0.0
463,6632276.640820462,1234611.4593784795,220837972.2374927,20846668.297875203,0.6673041442073808,3691.9271178710114,3.6576168726421567,0.1485909596967696,10.611082096797412,0.02321341695375109,0.0
464,322726772.1324262,98353186.83917941,13303131772.147678,901682004.3701437,0.6269447075769925,3146.224805642092,5.105943272801305,0.11185096048203862,7.945857855114797,0.16213768857255026,0.0
465,6192.065511638507,948.3049758588244,1867512.4269796163,34771.856884224624,0.6832750681747012,3551.482828283892,1.426674953631004,0.10870588119398628,7.2931607496345565,0.03189121957673848,0.0
466,12259.799441992527,3332.384963059166,1906352.5328785065,49238.61049962956,0.678762108273659,3386.4842772598713,1.6375406035776188,0.12493472705550328,9.048739600610217,0.2684893089410376,0.0
467,114261221.44100566,33170057.31572149,3861015106.4532356,333640749.3272635,0.6063505786438197,4126.874109277659,5.5959878110694605,0.1942864816284228,13.064906151302058,0.21545207533969224,0.0
468,4639680.324388499,396301.79339314566,730608593.9835632,24704250.379054032,0.2572731956791859,4006.137881931301,1.9950147090743326,3.4277930006951345,57.27818398484686,0.18008742354386423,0.0
469,17688301.646143485,1802678.8836714935,1798720713.5448754,81931094.67776415,0.7549362310594474,3590.47226042996,23.644250519919485,0.058378314048194734,3.920333856989596,0.25249070320644107,0.0
470,64086573.49396125,7005733.863643475,6070401643.105044,288676127.16062015,0.6605761430829001,3601.3259716175817,13.438567113240666,0.1505847216735378,10.7882867285776,0.20832565110330264,0.0
471,3998943.341694484,707479.2246509335,209187066.43607435,13995410.818602538,0.7213968628949093,3633.868225423005,8.093660332314691,0.16192350903499894,11.931217969030191,0.05186499955797915,0.0
472,5663659.070838985,451447.94501361885,985987520.4199169,31403897.312316008,0.6902867934087824,3898.713941708983,3.5797696288298178,0.0856834653438991,6.328632556213753,0.2826620252295697,0.0
473,9686.43469344825,903.7522794694369,2985105.092440795,58677.79730798486,0.6655372753988178,3796.3281791044205,0.8480486208176576,0.08579775833589229,6.107019699595249,0.23266660653390708,0.0
474,4921827.901713959,628576.5629611601,342933968.19174206,19905934.36642526,0.5376441011526164,3652.6057913248947,17.179724440114995,1.5768791204271142,37.09504336407209,0.09597682113580246,0.0
475,3597518548.0313087,953072899.6998789,102045590705.12997,9638583546.733126,0.6596517767058996,985.655578185042,13.706217521520394,0.10643564191249721,7.173497186829826,0.169561034872909,0.0
476,53866587.616344795,12059731.209949601,3644082648.053466,177233601.63172102,0.784381369084635,3204.8675545393867,208.2196048607857,0.1102447095814175,8.012859148510463,0.23708643788533829,0.0
477,10883602.820776412,2464883.895590833,478906885.1782917,35277940.825958505,0.6918917787828763,3500.24528239259,5.71775886787192,0.10907622891675031,7.726213836052874,0.1535237771521785,0.0
478,1957299441.4713287,1373124968.9043775,6470027054.849722,2631090086.031868,0.49747877016189024,963.981817709731,21.941785705707225,1.5122986219384944,32.808212129243515,0.10110698912601615,0.0
479,25806000.05962451,3013293.447370668,3051389666.394632,120221228.20716444,0.6994047039226959,4069.813909603559,9.194571554488226,0.16855268069064938,12.104695182838501,0.0855689379907133,0.0
480,48774708.38861679,9769334.854612438,6623085013.766282,216609611.5218974,0.6845459206695161,3304.8496083085124,33.16195271727955,0.08854699103440593,6.346968265798894,0.26617533235995544,0.0
481,27683352.55949377,3748776.0843910673,2570084584.713969,115274345.13765888,0.7672112784438496,3255.425333876896,191.60176301858726,0.10816740942681076,7.917501009502892,0.2816748268634151,0.0
482,4360941509.246962,1216925557.4278328,101284903595.13167,11190673638.89407,0.7267088595239786,884.2598624785297,40.12976847304906,0.08812919223912159,6.508124987683587,0.10614473048498788,0.0
483,7944.709565810737,931.029689747595,1922997.691412396,42927.514201419704,0.6767810443420307,3935.971302490889,1.0896617706414664,0.09742798464045377,7.030882530661893,0.34546697244714336,0.0
484,49441032.0759172,11690055.873840122,3779729155.3596244,180428291.13848358,0.6974985174001203,4031.4274702471803,6.039422416123849,0.10071745986745376,7.245998370658496,0.2467945941838476,0.0
485,6211.83721417794,1647.9813513386675,1498744.774706078,29855.34036200737,0.6536909188855972,3612.4193520340227,1.1617331429846836,0.11146683307653413,7.224013560975782,0.382263191990523,0.0
486,3365.056779071022,246.66973219927468,1421416.279244952,23072.243995872494,0.6149347013034135,3985.4719468818953,0.7204796142704931,0.11521582091003406,7.958033171699393,0.2053892383746221,0.0
487,2533.253418201681,583.9174490662168,944365.9287220743,15170.34887091837,0.7240543678177694,3610.9998780416227,0.6586559246692412,0.1169030287897062,8.628552275944733,0.24746640758631286,0.0
488,2595995.2468807856,456027.9236881569,149737919.0727663,9275822.752928894,0.6942414864415841,3727.9728589875835,5.956938525580278,0.09283070335808566,6.523621798127415,0.14298394811468848,0.0
489,10975868.643440988,4790751.986016506,581380428.0295056,33483838.091948844,0.7143417226364114,3528.498221638794,4.834469493433223,0.062480549139658684,4.2425921047875,0.14176088842783194,0.0
490,25842542.508994304,6687397.862263853,1422195019.1696062,84077521.97469006,0.6063215537087991,3691.290874415982,3.6647554152097626,0.12031060471099764,8.446689040706083,0.2955782786108704,0.0
491,26696.72023376273,8648.653520981306,2681849.777074049,97460.13617506667,0.5936651661722782,3659.7890175076163,1.0593620015849194,0.8251792620440701,20.844404649508867,0.1356376301442168,0.0
492,3990.4276308484914,1041.4584291008293,1152261.874174906,21159.698821846574,0.6395365543129891,3502.594617007051,0.5558781882297155,0.10173573523297544,6.49454178099621,0.2831635164304286,0.0
493,79539533.6988499,8510549.85877941,9277833615.730486,376346488.6066311,0.5000841708209632,3998.50971751714,3.779656996341724,0.09304584023817179,7.106591656476861,0.14713545819459123,0.0
494,7882.0233884303625,2181.158500309911,607864.5314177439,25235.039775265825,0.523351258034207,3841.9765885291044,0.4481413481556212,0.09835035239651084,7.207693860068806,0.26600141695948293,0.0
495,1796682.2923637747,307860.22824095486,111757450.51286228,6377249.06301447,0.7214364387415395,3310.0173542054235,17.440948091127122,0.144801432983036,10.215374495629995,0.17672312312425006,0.0
496,8765372.572160427,819937.9487848943,1218373768.5731997,44575064.26599472,0.7663640562518438,3139.9814041051427,52.72175829751097,0.12846412261154788,9.341972658336331,0.1270318116555347,0.0
497,10761182.815551039,2791606.5366021544,517514229.26304656,33912563.47204603,0.7480352386241048,3955.712549757671,3.0458801947293326,0.06606686968065408,4.473666707188089,0.18276513972134395,0.0
498,10781394.706794476,1974190.41867396,699554031.4599395,39710986.73755897,0.6281281563510379,3690.6362472278406,3.092680376291889,0.12560444584958858,8.845103459341217,0.12224899433075924,0.0
499,438773751.4326536,144550569.40345433,6129688933.875308,969885648.0478224,0.7296290419904433,2213.243658202681,13.822417595903941,0.08902206426895987,6.356375846206961,0.09340882139677037,0.0
500,2430.469743224221,466.49759738727323,892075.8508273145,14834.64004479763,0.5983712783834452,3903.2370896407483,0.8929063574863584,0.8243048292562157,20.843686537834337,0.32268492040603364,0.0
501,10093163.272557247,1520967.1137993857,461738420.8911813,35733056.07446375,0.7296853419406599,3953.2125357898694,19.119664397704057,0.0916197071302773,6.362080732781104,0.05923103876572049,0.0
502,168080.45488665317,12503.179170461923,36888876.15276962,986057.9165971435,0.6021842035867129,4208.219461025188,3.790992637734532,0.20763755475310292,14.263967003849668,0.21257925194575222,0.0
503,46238225.958545715,13032222.115037048,2036583025.9208171,139616184.74005118,0.6741917581640378,3677.0739977067733,6.066753272469574,0.13825946857521637,10.105789522476305,0.24215385886877872,0.0
504,10681.623991327338,1059.8621228465236,3123503.999594994,62582.22228405852,0.6690116398155668,3966.1889137703997,1.1322833560733108,0.10660902453293701,7.303226745916481,0.33792396017812615,0.0
505,4539503.466190386,893160.6194567662,169846017.26229534,14640021.93954121,0.7503155892897297,3467.9271993725624,20.782696054597977,0.12266572729718028,8.984990417743713,0.06921217641046193,0.0
506,26278.187033363356,4018.14017737198,4183349.7894355915,118516.07433511755,0.7075116715043456,3739.2438460439635,3.024548496047443,0.06951571748458622,5.315063269823033,0.20888272486986365,0.0
507,7674809.976545933,582502.8709720174,1859195215.5521035,46828223.67420873,0.7915779569861663,2684.191384369261,188.34240847665464,0.20509958999027952,15.100318397466475,0.29406330947901543,0.0
508,2051.089741179211,177.84399679081653,992567.7630817415,14684.61928791923,0.6575050938562692,3780.1612150450533,0.6080414741716376,0.07946211278661197,5.70776330966157,0.30891057405433514,0.0
509,15747045.242185201,1526985.4190366429,3608273225.9908,90515608.46809468,0.682802939211717,3808.007352776094,12.338045930278057,0.19548127261488063,13.45321518559447,0.35923985583327495,0.0
510,24463649.133439265,5956049.997515166,3876165301.127223,112444669.59011407,0.7416553669834988,3236.8928953948043,181.69789157563508,0.14450623909178323,10.24105544448925,0.0771771493638896,0.0
511,6357.387486245699,1165.4483829654184,1685339.006320012,33430.73614398012,0.6592045847646091,3691.407601715544,1.029753001530997,0.06749485144672995,4.954296013952479,0.2414170433855916,0.0
512,5110.201062344017,1730.3910855727986,1425962.6988416433,25916.919082010034,0.6494861305122634,3449.3396849480255,0.8341974614440174,0.7930547325593079,18.949422360445006,0.41920157005869163,0.0
513,168499743.89956933,24274814.085878816,18899261667.73623,747179025.2429541,0.6323589477118243,3763.9762121833155,4.751576845535667,0.06696508962198866,4.8991978713063755,0.11907324146394385,0.0
514,11035.389786948343,3616.400000296014,2266034.42490108,49640.028504763126,0.656346267125058,3492.6169042022516,1.6483177145429844,0.04903099869306571,3.5495107864178563,0.21156014083520777,0.0
515,31175224.644694507,7121903.530565006,1342661201.5772495,100491312.31370065,0.6859574755223864,4016.2424530356225,4.757396629187887,0.06538244731717287,4.6768759913746605,0.03950817040666329,0.0
516,10648.87272040452,2755.4042357050384,2405836.7218354805,51274.334853135995,0.6495443218578802,3296.286522889177,1.2316052607353665,0.03556293093214933,2.3323797270801605,0.43631218160997015,0.0
517,10499.312842961499,1355.993728078634,2843499.0013562045,60649.52738547777,0.6207011029519995,4100.603475970658,1.3454816354768282,0.12862913236916826,8.553661121595415,0.22699611273214218,0.0
518,199542.2985492135,133462.04733109806,4433929.982846873,328444.9793517232,0.619071664713402,3707.614666679628,2.7157742245869647,0.08027568913310175,5.396067748958565,0.1525728525388657,0.0
519,10798.23971313843,1977.4488113984603,2133391.824139355,51547.36016204022,0.7421940629846051,3738.128519750064,1.4374895496436753,0.12298962894164686,8.506135328551457,0.4747209133281829,0.0
520,57687.73136074209,17588.981016560996,5034794.702961238,191212.7216486656,0.6639434841639391,3507.000164124153,2.804596284547743,0.8329576381588375,21.873597198392666,0.43430880630261437,0.0
521,854404.7457074992,159432.37896989708,30174521.8828761,2663115.1797302794,0.6895790366731085,3615.431497707971,4.761219922622388,0.13687390678531478,9.626737917061913,0.27042759525734494,0.0
522,1737450.8729540836,670807.2976142886,170533321.62383524,5383930.239343178,0.7223577630819227,3534.329595370453,8.081462451974767,0.12405604874681124,9.162344178296964,0.3138654501558054,0.0
523,210340680.95323366,65676856.15154506,5868481966.901789,562423899.6627212,0.7237962606636477,3475.3438389114212,10.433714190648367,0.13116335860250902,9.244595452024871,0.08675977762423799,0.0
524,10267141.328402163,874227.9289164817,1456702844.9851165,53411812.6606696,0.6145980636509145,3891.4343694037902,6.572377726961866,0.090406393232547,6.530120409490142,0.08575989659561137,0.0
525,4853.0762927927935,1973.1595904382193,1179393.0062267177,22194.71369356439,0.6377729886229314,3615.4462825217247,1.9282941753466116,0.17375011674495883,12.694000723499306,0.3440941367260002,0.0
526,48214983.41293058,8658348.097176075,3630391594.3959646,187908917.18846962,0.6217511756827553,4125.133327827587,7.2241274809891145,0.20700019750146711,14.088250040623752,0.14837462922077113,0.0
527,2583.4912605091868,548.3433421377592,1034214.1680064127,16130.070903824968,0.6630817136913282,3824.519385259004,0.8243101805506791,0.16572995095702145,10.950815855165732,0.4680583188926311,0.0
528,53889.152107652815,7440.946409490689,10460566.40128864,269360.60912601964,0.7436959586381244,3786.709921845566,2.62804017473947,0.0337793772153975,2.1572726367093322,0.1797596185456723,0.0
529,2964291.602709654,377008.48552360956,296396220.4685145,13196343.064186256,0.57468164475513,3009.033044439657,14.687035314914423,1.4993511106444202,32.113543230510366,0.19816853986493008,0.0
530,6595.46926442678,1221.169769631078,1950155.0005672188,36512.59164157692,0.6176698578212262,3870.906372345424,1.3066051502907123,0.7333029405209188,14.769221976881752,0.39107849418212626,0.0
531,23813.696364683496,4993.248367798897,2773024.4210512233,95985.77121504657,0.7069511925226584,4031.1207383096807,0.8496152601402407,0.19386475255355684,13.297410816461134,0.3145937385884849,0.0
532,10339732.405304145,767269.0269192477,2691364831.4478216,64759884.12905906,0.6866667251662506,3637.1657898972326,12.896170144572809,0.7705464488876319,17.57361054793558,0.28787861570072504,0.0
533,10580204.783704277,605150.186776642,4063534387.250453,75481923.22809114,0.6994716365628368,3871.5785788851513,9.701611730120542,0.16279265471331286,11.496893043687852,0.38787597733974283,0.0
534,11167722.321784897,986942.0298170937,3196134699.335353,70564049.57636996,0.7040786675474068,3130.153060061093,23.427396308050533,0.09928305716188328,7.356516619639417,0.29942736054025515,0.0
535,27202.22004913736,14462.326758778101,2147274.4592702105,73200.10249855225,0.6197066623718954,3640.0040605710474,2.2400050035981076,0.7274566377705863,14.52582077159326,0.4918553955208287,0.0
536,7914.505120035642,4398.612523345442,1380929.8160148817,29446.011449502763,0.7096467102501454,3801.6674316076706,1.040933172598062,0.08571338986115676,6.179350865569437,0.11268830210790576,0.0
537,148047.73602842726,16553.008646893995,21758981.165792,728132.3552634183,0.7366737661074149,3771.1708864426328,2.4433397347710986,0.06170413639989469,4.638054121925281,0.3404548923678137,0.0
538,4559054.8573159175,709937.0117443621,199403643.0499602,15896681.321702579,0.16030631471784873,3438.9342851662486,24.45391199754529,4.844174941918768,83.7796272428191,0.06335189501989516,0.0
539,42702.239558564645,10917.756989106621,6025078.640858528,185279.76371174506,0.5740181207377144,3758.794472139107,3.1930876679525375,0.8901493417470062,25.8276465067963,0.13789978351753382,0.0
540,74972.39649848221,13103.684290992285,3108576.1446881653,245148.3261958048,0.48668895588482125,3569.2157777717416,1.3850588799024683,1.4551594144756428,29.205744602785455,0.17143763637787238,0.0
541,36314149.481536515,9173798.905762494,2861300854.261355,133502113.82285662,0.6781433055402903,3818.3911941744473,11.633125101014883,0.1373188337609353,9.647283031745916,0.06670807209976115,0.0
542,644689.3649143444,57765.10718293603,85228394.79801705,3233491.1608993015,0.5341357020855895,3760.5214995953147,4.442892862774535,1.5494549598059222,35.98775831485623,0.08354730350525284,0.0
543,18223.569351142913,10344.18806446665,1477744.339444271,49506.997651291524,0.0931862158817405,3485.2299167059455,2.579239106359195,5.458486806220777,90.31404924430123,0.4136729375719284,0.0
544,32256.659994299815,25134.343715260646,2058020.3995960779,70173.49198866088,0.666502472207487,3353.7881427805287,1.9526265132845053,0.03217019489356741,2.3705496233899708,0.3406621236742043,0.0
545,8217.970804945722,2475.843341089544,1274395.8465381402,32481.685044364654,0.316876307038131,3892.5870322951255,2.2800042162579035,3.4774097365432715,61.33213711262742,0.3090778780224926,0.0
546,3115494.4953445634,1126452.7051524385,78051404.12257692,7754429.683318766,0.5925558659289776,3562.802456289449,4.721811457093445,0.12205548392715997,8.743136573565595,0.38316795524428393,0.0
547,5881952.470162552,610287.4348250299,738744393.7049416,28482478.381214518,0.6187468191295513,3753.579954671067,2.198888042505734,0.10344852746352187,6.755534489958061,0.26797337938515337,0.0
548,4783241.030179261,720191.8589906044,385657406.76313496,19834201.3156579,0.6960467024614262,3353.774319551223,10.345086544054977,0.8653956187077064,23.74720403687479,0.05827729997469031,0.0
549,11575.717164175861,1990.1419562302672,2203893.934228689,55632.42310757715,0.629591615506926,3614.250159745048,1.2064112986381217,0.02149345474128168,1.5264906552008668,0.48186357561346077,0.0
550,36618396.51969937,10861406.919102017,1169170115.991244,102930017.40871528,0.6826710846004158,3945.7822314175814,3.5005572351709624,0.09979918616213049,7.293675460153638,0.38828612114611327,0.0
551,16684.57553455747,1895.7596401352457,3466019.5380423665,87038.5007289362,0.6343041359112005,3852.844134038564,1.3156973143729003,0.02837818494363704,1.9695052648231368,0.4737935455502251,0.0
552,2486908.240338546,458962.65743281913,78663213.92671384,7773701.599586223,0.6560392935125294,3779.8936964876266,3.6390780031865906,0.7839299919701109,18.684753217212766,0.2670809156335501,0.0
553,4438.729752329122,887.8488449046752,1357473.935695126,25459.432071948264,0.5880781869821349,3746.854160180612,1.7958267307756977,1.5313223496988304,34.77191129239022,0.44044762659049475,0.0
554,11488274.3983878,1151382.7583017643,1926406390.1152756,61024963.37993262,0.6975142618850748,3348.767700111407,51.019774760449174,0.807412840576325,20.469363180804457,0.3034839019570079,0.0
555,7594519.086837727,7284637.075883804,52305658.38075922,9229199.752406936,0.757560410511626,3411.5006113310146,10.384998921659873,0.05333831353122402,3.753040174424464,0.3685970713315168,0.0
556,3649.992620124483,630.5230849621419,1087961.5875216932,20318.25463046096,0.6321373417468532,3648.905866859983,0.8944820978493653,0.17147136599711138,11.681368813166385,0.2505124177776569,0.0
557,76897978.7968379,11007267.40642607,5595701357.791297,306334478.2158843,0.7140935259862827,3746.9280208168093,8.796484106744064,0.09541179305244282,6.978318830249711,0.23067224986498785,0.0
558,93738.43070950144,32279.252581600576,8992638.515943311,318649.62049971556,0.6352082249999722,3727.559000947677,1.3929096599503916,0.7075283490449943,13.07109835170984,0.41504180623251763,0.0
559,10268411.423108952,763423.7586941073,2616704923.8938475,63290845.33950704,0.49103953009262363,3324.059842729406,12.648742566495219,1.502583445511923,32.41157206806224,0.2987131569668496,0.0
560,5120.889222963287,1989.2387042149016,1136775.0682962693,22662.528147259844,0.6443384679861185,3442.270706123755,0.8110974565135406,0.05007217813607756,3.56180221631834,0.08913150396759692,0.0
561,115028.31031394706,12887.531425446978,17312841.080499254,563270.0155007094,0.7140610505668596,3816.3450779407904,2.2891186885169534,0.10958386483609477,7.702427858647198,0.15093155940215003,0.0
562,328354555.23271644,34360883.682255276,39729655022.26256,1571786528.2265553,0.7185915926073683,4083.206570944418,24.155858634639817,0.28847245821582107,19.4537537711395,0.12355911824870108,0.0
563,31630316.34679832,5867861.056399239,3021745571.007598,127931854.97319496,0.5860136246361013,3891.4115696176586,1.3939423664165238,0.041287594898194516,3.0161675834366037,0.09226188080896773,0.0
564,6451.473602518237,2095.3668253741403,1590004.6134189826,31107.303452846187,0.6825144131945227,3636.6894686108935,1.3778200404793606,0.14003385923306064,9.737194190996679,0.3068881621966886,0.0
565,44535479.34601943,10645437.180729073,835303257.2065272,116720810.73760596,0.6827723725715666,3651.272975794132,4.900916565261709,0.11330342907048233,8.167029774965986,0.05580546949807847,0.0
566,3520554.7204594724,425261.3206075216,376111259.14530265,16167532.308132995,0.5540324539810281,2832.8096938263106,21.9611473261105,1.533384252622731,34.447206530856114,0.05418653444135839,0.0
567,23649207.27539117,2639806.3155963896,3715883632.7397614,120116634.78820543,0.7785726762233758,3156.7696180848734,908.9585361298147,0.1322223192112392,9.971703277896466,0.216853184857744,0.0
568,19266645.971201986,1698993.4366199449,5172044962.169881,118621141.11485574,0.09078883443104904,3505.803794619918,58.53352997446399,5.518888000632481,94.8169885254847,0.3261827121598137,0.0
569,15740.724489828539,2298.563675253085,3644280.957374447,87077.81077964575,0.41310318194772594,3464.932362644964,2.5415320691735435,2.2547004564206294,48.579585943351766,0.15369956806396146,0.0
570,8057357.995054854,1204015.0222061356,471623261.6426934,29792514.86725142,0.5952318363437009,4038.8755553187875,3.2870286581668617,0.7373629622508465,15.116998161321533,0.1329621686727917,0.0
571,8967947.417807791,626424.5224307542,2256226958.1679187,55595380.81534822,0.44917193776648656,3490.742054022163,6.255408947230673,2.194513563689488,44.522161638749665,0.28339714956384165,0.0
572,143937483.68180326,11727450.201668965,24743483178.263992,793124203.2893703,0.6511509995276203,4027.5045350458076,90.71806305348045,0.1740526323444957,12.488798921976079,0.11493737914505997,0.0
573,209844731.21222663,28259835.879690193,22090052411.514206,911215652.1309824,0.601378064233328,3735.0475548938175,6.036145228843686,0.12489505704446797,8.959580741016667,0.14608320347287132,0.0
574,109515.00281045158,25798.627821351234,4640682.767327037,323548.61571213405,0.6744045562050716,3388.134540285555,2.7038442993153593,0.7531381993224093,16.273726913769146,0.37838350739134174,0.0
575,2319983.7862616125,361466.12242954125,431843149.1882747,12015440.981001368,0.6935304533739397,3481.6034747925582,29.95464107712489,0.11735546222852955,8.701905565293753,0.28779503207638774,0.0
576,1506648.104630606,703999.7637355065,61491080.42251079,4173612.3538566576,0.607985323561478,3595.3891319128224,2.307213130953321,0.10449872119135187,6.694360639980599,0.20909827977910253,0.0
577,66354921.92433579,11534322.400929052,4877566088.005434,252144605.6054271,0.6501401190993654,3757.4509816313275,4.149460236731175,0.08658613058240609,6.109939989490265,0.1689741823148702,0.0
578,12401525.344232101,865608.9565706197,3781913456.169652,80866200.28718397,0.7845724087726065,3280.5844584786223,53.81459485211918,0.1667004452995715,11.814996719029864,0.3926317542400046,0.0
579,43263685.2725312,6824058.632722601,2226853243.0004325,157448596.67137522,0.7012231630161709,3610.773254679145,45.157215702227575,0.12865689694960683,9.174978776364537,0.10440804090971366,0.0
580,3652956.5530002303,634822.7648179847,160917686.78467593,12380378.746091682,0.6575127883094936,3585.4551701164696,5.2835411262666705,0.0919472924046933,6.343144523220014,0.40439647712397375,0.0
581,2552364.1498468095,472709.7411135173,105245129.87801118,8352589.151870094,0.6893269396857208,3508.4813785405586,3.210799505542684,0.08686143135666731,6.171393357479941,0.13721679060108158,0.0
582,46631494.37300011,6426672.542573569,4373572564.619334,191850705.68663588,0.6717925256466327,3568.308227928618,49.3748169778424,0.29381244869236633,19.882513411265876,0.32966199009560593,0.0
583,7224.47146005881,2503.384268062191,1615913.4908823553,33887.864296852975,0.6262284345704168,3555.4945357050237,0.8306640591355058,0.025525289645658856,1.8481482658570187,0.15815006351614902,0.0
584,12077.471914458714,3658.3095641016102,722466.6936566222,34243.8722205257,0.4354936580004202,3906.311984542215,0.5903743461864127,1.508999024745196,32.35900726606006,0.2152038314097776,0.0
585,5646.475699779599,934.0611113495537,1763684.320141344,33224.93326041107,0.5987717116648511,3566.810177066938,0.9659512709897168,0.09125858388813013,6.161757357304394,0.31185143507785984,0.0
586,15640703.419602443,826910.2753978146,6594660741.831903,115914637.57843478,0.8170037835421196,3490.89409591446,21.8833891748487,0.08853155950149771,6.2177733365550925,0.42066968133352906,0.0
587,8973085.15810014,1049601.131550856,1086309021.7308898,42991284.625223204,0.6854804501813383,3490.872396454317,3.5686070558737044,0.1453122721884828,9.709579994964159,0.21768590537184393,0.0
588,69439155.80101335,9904710.485021558,6949644634.133314,300236004.25701034,0.68797633653733,4074.5161641111226,59.06507499636801,0.15809839907121734,11.300247518511101,0.14381486726965886,0.0
589,796720567.3239443,147577569.51777583,29254319876.205208,2569287330.752838,0.5971543675120777,1347.0547917089566,5.664788037945733,0.24327284002138105,15.942281429025607,0.07066010602037101,0.0
590,1222321.4947532138,169732.16005945456,85568197.72795503,4817752.98238718,0.690030776699664,3773.647316679857,3.9872287827528488,0.09925160622875025,6.871784740189307,0.036231324939873764,0.0
591,3213700.1304686787,307723.8827321961,509111194.1263075,16863490.167355794,0.7548282392880115,3630.4973968067743,10.367208068546184,0.0563825755380174,3.9115962209425446,0.1665211489650637,0.0
592,28248275.389631666,5838373.005997802,1242340916.3869357,92284818.66592006,0.660765224769522,3560.1022061638496,4.669882485831783,0.10828296893795004,7.420344543849827,0.0822174165806328,0.0
593,64286265.67183614,7130883.168752693,9455923087.972599,319305643.87298965,0.6026424668619755,3785.3949996777983,3.2074789934041354,0.08227891253519921,5.891398986292482,0.17681781805033428,0.0
594,15373.208705838237,3212.7138598993706,3162824.8333742684,75187.23332935889,0.6387351494898923,3736.3416952140587,1.4622839850180709,0.6993842851308205,12.65411888875935,0.13549695683848859,0.0
595,12163814.51816961,3394961.288484783,343257854.5638832,32203509.02913909,0.7396040921158271,3590.293611936122,31.951303696859537,0.1701542022550564,12.050732041995529,0.1622745021751235,0.0
596,35067323.076709814,7437901.932342349,905091698.3565712,99881617.5047587,0.7013095386947439,3520.693064763228,19.042297002233653,0.15083653209246686,10.97714658959265,0.31370660211646484,0.0
597,11753.688191750063,1796.6588793043466,2745387.460706923,61327.483879106774,0.6583820936090671,3527.550365782639,2.6228245006155704,0.11050429956995629,7.993520141403846,0.18491579660298307,0.0
598,568.238860359957,33.939204879042634,300180.9264263593,4244.324764022453,0.08076090493752633,3782.2052730792448,0.5720459889284903,4.052858581558252,64.27592479494862,0.4770192763507288,0.0
599,28140673.057113655,4656617.818718212,1414728117.0778935,99467108.3545762,0.7095443816914321,3853.897344042679,5.399104786706444,0.1435980836485622,10.42649278248585,0.1012761496455725,0.0
600,6560821.694953993,564984.0587882864,1244637184.7917936,36697215.27907583,0.7084685040483653,3448.681493027388,5.933263805396507,0.11584594179488664,8.17245959201489,0.24390350804903435,0.0
601,11586385.318708664,826360.451177055,2538542001.6779957,69285109.50163491,0.5384937772370222,3882.3726202145544,12.809585726262103,0.06300115316639765,4.659907947266885,0.049099643010049814,0.0
602,1772531.7678039442,367765.4635627724,92407386.10972276,5925100.091949884,0.7141953171779217,3693.2179373056406,7.759305413997806,0.10067632823949975,7.20302128123195,0.1045784357841099,0.0
603,14991443.449252058,1031495.5204812182,4869922843.699507,99048236.4622882,0.7860921442624992,3187.8470716112824,51.637654175686485,0.17185572106665026,12.713666238673195,0.3510691883486729,0.0
604,21200671.654782217,1781295.6372347116,5349190931.850843,127799279.06627575,0.7176213902965507,3520.1332166977263,214.07958197277168,0.11892114070745805,8.783035110805487,0.38225534957539625,0.0
605,14640460.066583723,788862.0037440683,5629789650.580135,105482048.02050284,0.508694545843578,3798.958971584404,32.14796100695357,1.5395064621189236,34.69219684301349,0.3358044635687158,0.0
606,5251411.283752142,844458.7236406641,592240857.575336,22866059.018909916,0.6329377620409892,3828.808602318064,4.847612307054338,0.05817609470957015,4.264966106823174,0.2500118077600092,0.0
607,10632237.142021086,1250112.7046638678,2337815065.2941723,58333656.78056316,0.6655630234003318,3627.637890897079,28.081474356302053,0.15349744450937414,10.556962707571575,0.5037277515522144,0.0
608,519836.1601269225,39350.94343343358,138085788.3228359,3211150.6380596175,0.48879901138840315,3586.634811756976,2.401706679377903,1.5389012872947085,34.6245132989802,0.21609217336295103,0.0
609,7520853.032927784,968262.3666301761,872676469.8518852,34142492.56733399,0.718783898163039,3825.5674855933294,5.902161899714618,0.16602152963146882,11.402943920533612,0.3150548957346851,0.0
610,31245901.81499037,5499119.9238868365,2516548498.8358307,124144138.73080258,0.7184362270938384,3471.6506924570353,14.411495970555888,0.0868031811289307,5.908867900155005,0.1582915431871938,0.0
611,107786822.92200044,8567157.79698343,17166044618.398413,583641427.6611185,0.6698727506731461,3939.5478730871114,12.566580502503149,0.09897177395538659,6.954526549655741,0.1658484527051883,0.0
612,710014.082066688,51670.576901786386,179057125.48625964,4368841.852667782,0.7196235301599037,3514.812914645142,6.2095700290785905,0.26345604813801315,18.442261402539703,0.2777549601463827,0.0
613,11110670.005281601,1879159.0099146967,529910931.01320636,38496050.222393245,0.7586203834177445,3905.9285433478417,6.817999318959808,0.1440810757810514,10.322973171105257,0.18832955422388822,0.0
614,1726.9055880066826,147.98304401595118,824307.5683675578,12204.153946270764,0.23992715233769618,4174.072255500363,1.0446620117844356,4.177649270176221,73.55665871088082,0.25904594526598623,0.0
615,22505958.457241617,1980165.2345815029,5422885329.749258,133245142.87109134,0.778131058769656,2615.8675364989413,228.7205048537365,0.10308715027980667,7.322146393930987,0.2165046190829118,0.0
616,10365915.981382664,1172317.4913467928,846377648.3889452,44616687.04244736,0.7207400956539411,3685.200112436857,34.90710784953583,0.09018632776105395,6.4801753715652115,0.11019990852112764,0.0
617,54743571.70251206,16324832.753835957,2499361965.2697043,165472164.76283753,0.6627606447685311,3178.805322431603,6.281441113572821,0.09883048358622518,6.577360922659288,0.3643158646301718,0.0
618,10612.928878911425,2021.1837091890877,2397316.2128255614,54837.4982111831,0.690416824255556,3644.2358039355413,1.3800408926748713,0.17012139666762388,11.621317368675555,0.1489770641183184,0.0
619,8620693.341022843,2814618.8971092785,359413153.30873054,26505032.865274843,0.3915963689898668,3898.3675655535717,3.2899999357973644,1.6021297905370098,38.9465787526244,0.14553757613476628,0.0
620,3785.988746491981,1543.6003047215288,785969.1091563517,16857.185472513265,0.33803286690745915,3706.7751902598793,0.9881990696698565,2.1979751814598094,44.10581221599731,0.4217850373039193,0.0
621,138032956.59936085,10622110.543900717,24554296619.981495,774037952.8893392,0.6649236552648892,4076.7326146374644,64.64006778988258,0.11910210979190188,8.455801921537274,0.27846181167513123,0.0
622,2658.7093543098927,200.2186177555233,999354.4354222005,17549.24996984527,0.40517109939858287,3797.7801874880815,0.754741708447801,1.5453227595816663,35.25635590385231,0.32784911009164613,0.0
623,460766.15541737794,48619.15217135602,71883699.31894013,2368554.463309517,0.733661890457291,3679.863937943421,3.972028130565778,0.1839729746205115,13.024980126068737,0.35756159287450506,0.0
624,96803168.9837159,17970887.439048015,6123326441.299752,363975486.0731989,0.7181337792199426,3049.5563314548267,77.00775642881652,0.0468038596229027,3.66023690421587,0.06395116371135587,0.0
625,5540.289822470459,1158.907756050608,1411814.909134367,27899.00311045663,0.6746969238663634,3584.473875522074,1.0647136963333172,0.14078736292005,9.902866060490693,0.4700855091526119,0.0
626,3304.4182457236057,751.3153654135724,1037352.7270231744,18477.778361929235,0.5260601184274908,3525.923990500333,1.5373796753346156,1.4906901649651807,31.904968938751512,0.034733072579648784,0.0
627,190386.87740149142,40088.21662210985,9788004.205668245,624134.5097633533,0.6881704428720598,4206.387162001475,1.5378518060178064,0.19384538853868358,12.869346526586167,0.32105762532088516,0.0
628,54919625.23591217,9892213.05130748,2564924417.0916276,184393512.85932094,0.6334419191425418,3586.9446575291004,7.837346888303009,0.1271365660794463,8.798979506382816,0.19625164676431076,0.0
629,99394839.77646701,16995621.239087276,9769526951.97325,425462512.67663467,0.7288018955601036,3741.0023376139125,11.492403039354212,0.1174297329574018,8.510570811345257,0.17968470332437406,0.0
630,97819873.57725486,9601251.254411966,14526647176.25438,502525216.36064225,0.677922332978987,4025.8134902710003,25.20918394674454,0.21000386869118975,15.268498586425277,0.2534909718647641,0.0
631,278990.15795344097,42209.473623908794,25068745.07990884,1145281.3996317158,0.6531896862452914,4254.403301461818,0.9914720175014109,0.11368740720644492,7.907441429543036,0.2570978774431993,0.0
632,9269222.374451295,746503.4690331421,1731437237.5851548,52068471.35132677,0.5346974434246354,3678.756906325802,21.146742689395534,1.4975621020290208,32.42000640054083,0.3155262122343166,0.0
633,69898596.39208797,12017360.282159168,6089946662.954584,289585863.73881626,0.4184017558950203,3839.026588202907,3.7408546155211577,1.5019848240042342,32.740233376175425,0.1873332934537686,0.0
634,135859216.33680654,20851969.93808219,13842531094.199951,581912790.9053043,0.7502867168959618,3200.7586201136746,45.10063181745008,0.1671143168788359,11.939007359338508,0.2518927024184342,0.0
635,2294.3309660591276,206.45969310373525,1086586.4290206518,16079.171841521113,0.6842720165927377,4244.746108774565,0.6551654860625745,0.047675075205256066,3.333474957668396,0.09441727699764477,0.0
636,368731.2406184905,102529.4142616803,19023372.99757211,1119131.5917894165,0.7054782091095329,3602.916150125221,10.84903689556207,0.0659966381868629,4.89048398658305,0.4139320498304078,0.0
637,20986870.440106113,4068902.5395422415,2888195299.1947308,90441486.87379746,0.10323537209041853,3365.9909444701407,36.4512671935808,5.522405445152588,94.93103755788887,0.31301813108835447,0.0
638,4565043.446666344,1026290.1248254934,128801656.7983121,13258024.932211863,0.7106793408965817,3982.950192022114,3.706358456497709,0.06801641291522982,4.957613087957137,0.06329170807833621,0.0
639,89559.62410192064,21883.017543263784,11653588.915334808,386717.2339159119,0.6548590519628418,3953.262439244862,1.723951607666395,0.14649061625418014,9.870848653427538,0.41616040866172216,0.0
640,44630378.09004052,4459428.338509689,5102563841.200309,214128419.64788145,0.7198298456695802,3648.6557957264527,3.8508727708617823,0.07215534000770676,5.259096026692826,0.14215037423240415,0.0
641,8608502.49815253,2456834.8330417606,145175094.513207,21612307.773706347,0.09859656910580508,3909.762026626083,5.156560485151228,5.473471400739635,91.20927357678804,0.13738850258755925,0.0
642,289049586.11826324,108860162.66105977,6169102252.75299,686718979.6254153,0.6927817771836106,2557.0725252570264,11.874424807435576,0.10760541514861925,7.508270208070066,0.1110165002244808,0.0
643,12899581.532792764,1110248.190432733,2275756668.331596,70551537.44658372,0.5308402861242609,3263.0290931685613,24.679878868263778,0.7924273182924362,19.14708452469157,0.18577004609391604,0.0
644,5096691.015672942,654213.7931485628,379357668.9760253,20956994.543957703,0.7202185620292674,3500.7650610488436,4.347254725540686,0.11547551253783936,8.265806760865193,0.23335322218878773,0.0
645,3204238.046429421,1234752.1080211285,249098769.3560671,10073464.310715362,0.577632514342586,3804.4742108949467,9.952429363711918,1.4794927201747705,30.983058652814975,0.3263744976345653,0.0
646,184251497.07036692,36269149.3922448,6955591796.062175,568990434.874095,0.5361336866821116,3596.3824729667417,12.119649254549916,0.1239270036526234,8.582357686633767,0.1415264954686465,0.0
647,8529234.468089366,751356.3469874507,1322669774.690354,45065253.456895426,0.7768049495366305,2850.395314261199,63.83351136097149,0.13032683967895106,9.439869336493864,0.11870192722361889,0.0
648,30505424.22421419,5436978.675760678,1543101627.0558124,103033659.11400008,0.6755856466949282,3153.7681521576587,59.87264420268796,0.8258233886082413,21.67706418070812,0.19159766233344755,0.0
649,2502280.971716243,384017.1538733292,143261078.6709476,9297028.374677075,0.618386585796361,4253.167291386537,2.303378638515054,0.15154384676709798,9.807589663763528,0.30859885383409313,0.0
650,13793.138481043794,5109.367085578194,2764121.9831106784,62891.30942097933,0.7450555066197848,4011.6476755591957,1.6396874527328174,0.15335438196874449,11.095271426273818,0.24110525477156028,0.0
651,9897245.724772563,771431.6535605071,1724678640.5128543,54989119.5268438,0.7538154260012291,3849.46716600351,10.585541258307149,0.3050267998387926,20.46757571134018,0.24366361202744743,0.0
652,77698652.96142262,9015248.215435993,6842163854.579192,337653794.8912742,0.7857961138911145,3196.6955958989756,115.7666543043846,0.11909367946418356,8.778770945140357,0.12474137498503474,0.0
653,31118277.070057504,7090279.393949236,712234204.6381584,84444527.95950393,0.648934166746321,3724.031108738156,14.232098301655604,0.17389291374021382,11.281864893793928,0.33798700194049025,0.0
654,19051.8739545247,2438.592412672885,6413139.861606239,119487.54360268076,0.6857753294168623,3407.742207617691,1.4833011891052985,0.0644549568590846,4.729467683771299,0.5491976078752541,0.0
655,18554956.494202223,1399999.6224322326,5357931895.329693,119408658.293329,0.6831741109984047,3023.6130444587516,63.8083940307867,0.13131744491864267,9.469144183276324,0.3354277045389697,0.0
656,87235996.93969753,74842384.29469676,794839064.4211456,133775022.74240832,0.7179459238258548,3514.5924236469127,8.744778096079607,0.12551238209294438,8.959244535655582,0.11696618841908181,0.0
657,55500.53943766114,14611.101166848102,4380530.409722292,181866.36118438293,0.6602849802198287,3651.8775106896264,3.243107663828104,0.0727864909137316,5.2590790814157655,0.23143948956361413,0.0
658,31605061.72807139,5033240.574730938,2495271913.968231,123879631.35938585,0.7519744239263917,3208.929037971466,119.2576502917512,0.13166891470009726,9.622969895873165,0.22753540111416398,0.0
659,53505.51543165598,5651.406549784524,11290027.817299098,282381.33064314816,0.6607496198345914,3739.3608504692565,1.7355138022417533,0.7522316779952908,16.33281323470515,0.168327049307558,0.0
660,12815067.482196417,3632443.323824171,398009642.38554066,36797832.07400866,0.6414300819667011,3907.8548853652173,3.5667353133974182,0.06882965734762045,4.896325553862342,0.1650391300251694,0.0
661,218895227.44697833,20004009.166635077,40948369770.436386,1200830249.604093,0.7044284910289866,3737.139782412378,521.3793171659524,0.1477092320622413,10.944153444182476,0.09543423623619536,0.0
662,26543.24536285596,4493.224081217227,6208917.003028212,136592.2854200392,0.6582307925978539,3504.6151044779785,0.8609831128732801,0.04775505951782719,3.2620474335624565,0.10577867514516921,0.0
663,24566830.440470714,5259253.948232991,718881741.7517538,70522621.13862312,0.6844104635912975,3292.412866063785,15.45360009201526,0.17144667917613718,11.721893451479328,0.17031367124967212,0.0
664,4038.2386326528913,602.4739968431027,1518558.73210332,25392.193169149083,0.6403171885178424,3382.87148019006,1.0267504870081876,0.090178498462602,6.2608782528704126,0.25829588435283224,0.0
665,10899295.769830912,1642008.5817083619,814065329.7412171,42771320.16897231,0.7182225528090369,3510.442545759247,41.07291840659922,0.784959691459087,18.75053681267587,0.19165222207707155,0.0
666,13864322.328384835,1305911.865776129,2383389194.3384714,74807115.94431502,0.7363253252129336,3527.7602316096927,128.47558849367954,0.3016898873612875,20.25000112504953,0.13109406397941922,0.0
667,19040271.953671366,2037421.6799925223,5202320493.804202,114473958.14467895,0.751590450114307,3897.7838285928415,24.708270670262447,0.1268852416077265,8.456426525494887,0.3537837970415053,0.0
668,3513737.750065324,657092.1223087937,258401340.4826234,13025634.37332492,0.646358123303188,3614.339279379606,2.9221801162583914,0.1346921207469248,9.169897765892058,0.15994223782946287,0.0
669,437965.16782867955,63017.79050943432,42518862.18337796,1834029.8044148074,0.6997057055445939,4041.955592859321,4.8062221913346805,0.10810407762296395,7.570161741264502,0.27285104236514524,0.0
670,27487228.850242037,6184785.818421671,887652255.5605234,78550810.9897565,0.723860751259634,4064.291470301542,14.012212476110268,0.1281323129524985,9.508977144456821,0.11997494015402836,0.0
671,6486144.847569376,525175.0041806374,1027644929.8678701,35008296.26640107,0.6132682987150281,3792.1367826195738,4.775388927307515,0.7538375050432867,16.493873173501186,0.1796252682112411,0.0
672,17501605.099642135,1832199.5746675017,3731657199.1377535,97989906.73110348,0.7812738442517022,3748.5133079553834,20.18792665779928,0.17905226526983942,12.327860742614854,0.3205418602145445,0.0
673,4363.473410720176,614.4396704032276,1578803.4985974948,26618.443626764067,0.6536456994270821,3648.8238246806363,1.4856022881855704,0.16050697166995506,11.097423541475614,0.2780227125990034,0.0
674,5780158.229973981,1378926.0554628093,284162624.0963782,17307757.469460577,0.7331150083911638,3229.5344156090814,27.446478179098587,0.15569265813471816,11.396300692098643,0.33769939715700836,0.0
675,8340549.407965064,568924.8275013107,1810110302.3065186,49978309.27929324,0.3238054475504811,3517.9953547077257,4.715812016435742,3.513772866285467,63.68857344821343,0.21868125006530362,0.0
676,69857954.09702393,17961465.02160024,7383770100.040222,272633200.2587529,0.6666329562825635,3728.64754566894,2.6068002190408435,0.10462653841256317,6.832086763300839,0.087773750515276,0.0
677,4766243.194679179,490415.2494403597,648901932.8597543,23842333.553619638,0.46267633341412856,3953.1653982910007,24.408402914882426,2.2403122366956154,47.468744471072526,0.19953429826251598,0.0
678,17057893.836452376,1491746.8205550585,3924399107.3774757,100586461.74237925,0.8062538414382983,2910.8035920789516,117.48344622645617,0.030489873236277276,2.0191016085573863,0.17967863774888698,0.0
679,9603708.398028944,1064640.8490267817,2080891169.4526927,53868525.42966268,0.7545859742262717,3251.0404622543256,33.46380037779158,0.07918169202554663,5.782302116558604,0.2891957878791892,0.0
680,8353631.456479649,741152.7066782699,1483324561.6616945,45616157.74554109,0.5090771181926115,3374.6121137197956,24.12161165161041,1.5166124345629215,33.61528909972198,0.2113367394291166,0.0
681,10903355.265436504,875751.1293032237,3421835790.542255,71369935.18769106,0.7095195202392587,3501.6621686655244,18.964961733162337,0.1101922810586216,8.038592298797095,0.35457267306639256,0.0
682,7203795.77819131,1684454.4199335508,152226663.21946913,19613852.772864487,0.3066387294101624,3880.6924189937426,4.7951271339906585,4.105253589052126,68.25741175193504,0.09543328077208613,0.0
683,155680393.64106223,25027006.276750177,8528234334.43324,559732591.4386466,0.6256521256991189,3729.2800831325203,9.604433988639864,0.2176044846487339,14.888781110439407,0.1121439351924013,0.0
684,3317733.703062285,391130.04630468524,363408272.983412,15116405.729646996,0.7424144174624008,3366.5598706489136,4.26389914857062,0.057594613993961465,4.033563170189964,0.23807178701372625,0.0
685,394456.40424140706,61172.81543493803,43819580.00098863,1693103.8787582174,0.6843831090449873,4252.062002778561,2.169880828294075,0.09169646422895487,6.206372620794016,0.21752042426927784,0.0
686,1316353.7493870948,360834.73076807964,79744746.5040271,4648490.420499725,0.6367309041483593,3927.8197591421513,2.8529419314327087,0.160303803756148,10.93566128233194,0.19666981652237756,0.0
687,12238130.194210602,1954559.052736733,813256655.3138888,47119322.462217785,0.6614565582060526,3884.5912711909555,3.292446065412824,0.14043272120040556,10.132862541212557,0.17180218640448158,0.0
688,32520.86721638692,5404.730074719013,6645075.220559379,167850.57849844615,0.5510839936782663,3736.396437491613,3.421108786157199,0.7345740764777202,14.932429580191187,0.48119906444466487,0.0
689,4409.931662961626,817.6131229635392,1418511.979662529,25528.99954451999,0.6387025429410031,3738.378290300995,1.0493055314895565,0.17949930502783076,12.619207087656783,0.06875850031474456,0.0
690,3272.391839088291,506.62117543976854,1285927.4015269782,20903.312521057745,0.5695008610458515,3819.433568274761,0.9479765478294025,0.8146062567640782,20.177352486860705,0.41802560379727816,0.0
691,6850747322.185538,2578632680.635692,63554754516.10697,13483666109.665798,0.7156121643301827,340.9464280576837,22.485006034899506,0.25160902522075823,16.658404376363364,0.011666985328094362,0.0
692,325966.48642617505,80767.24527886907,14452562.681488669,994287.9201137938,0.7162965039508797,3744.7282271243175,5.503479318470061,0.07128244247924291,4.848777307596917,0.23070702013167171,0.0
693,61846250.58151132,10153280.536291562,9152735398.432638,291883911.70652795,0.6151703513669631,3723.1455457480615,6.008245626910024,0.11150777168874138,7.8902204391430075,0.2313429868262045,0.0
694,5697.021153929435,3192.846405831817,1146780.4881068997,22972.024849529156,0.6476199721903929,3616.5061477624886,0.8259385017696588,0.0930063483201451,6.593396180263506,0.44235630381658886,0.0
695,5072825.964610103,1890183.1596561023,92193640.98751529,11231054.492032621,0.6422450144850047,3777.8600509776948,42.19488372104588,0.7463484317251071,16.85747539372536,0.20070980082500872,0.0
696,8004460463.6634245,3020406736.810445,66853917918.37305,15552218918.999317,0.7277699838349885,375.2572043136206,23.46845073393655,0.08022345754727622,5.849780006636446,0.06906360015936676,0.0
697,44474.117260204206,14154.200615367567,7128097.999515085,189974.6474419864,0.754359212555083,3791.9718353778853,0.8531581782982851,0.6770365279486306,10.915452503856983,0.22980759617433053,0.0
698,15756214.242865693,3567568.4341336517,3058952805.6234674,79930307.24083237,0.7632572283083181,3175.886919892141,33.97010210965252,0.349618587673136,23.207529144036943,0.31170494004124877,0.0
699,10551619.229434755,1500836.677944359,567374762.4855188,39096413.78281,0.7305664519326002,3510.7175179847136,15.201429198094962,0.06743633789341211,4.919186580027339,0.05339698010813679,0.0
700,12177.413672477855,3309.6920288409856,3124912.227434515,62798.969978912595,0.6580055985278153,3665.3817095575637,1.1806771380349323,0.02288742765130385,1.5873266948348643,0.24922999230193338,0.0
701,22319591.288275983,1520006.5297087473,5276532621.328837,136838911.07281387,0.6020994138786755,3320.8012139266375,20.671542375044435,0.21628453987706794,15.31486793295554,0.4299141101098043,0.0
702,10094887.47506324,2702801.6659693485,156767793.7164654,24434241.61744357,0.6639005512128795,3734.233308020552,3.578584091481734,0.08966846536381326,6.489223583616294,0.06818000119391128,0.0
703,3212.8035017080347,530.439311791774,1098543.30133784,18699.221017544874,0.6811399503669749,3469.971879913369,1.5272505608107108,0.1656371347926827,11.642574267172247,0.09869895502065353,0.0
704,891810.9889054621,232885.8742118519,98450635.38150442,3365028.5198684884,0.5326159274058385,3840.882589925327,7.97406844739053,1.456999788498139,29.548053338727634,0.23490613144624486,0.0
705,14539568.568148788,2162300.824681858,3345608811.7293005,78921129.94446325,0.7839453924925152,3543.0674980449985,33.11030369171101,0.1004378419176267,7.342162758616622,0.16583626200965462,0.0
706,387927.8778342409,46397.18332106796,52834310.746997654,1842517.0417872206,0.7435862690436792,4009.403113319759,4.227956003180495,0.09684134687795601,7.302054869593019,0.25709222055129755,0.0
707,14319763.661449319,2784353.9701489545,954187245.6446759,53627960.55337772,0.6545637545359085,3720.649625551714,5.2273697781105195,0.08358651716726362,6.0220711590355736,0.1338691789072921,0.0
708,6139332.482591482,1605579.9111043059,285653305.9178966,18355728.79231868,0.6813815030970662,3916.7534152850185,8.775833854970942,0.15418261357702595,11.366544667081758,0.12990133816302787,0.0
709,15453.517283072451,4278.22116733932,1406945.255841277,50909.53123326951,0.6175533458245062,4014.5238234482113,0.9695601078678059,0.8077312981669301,20.122704131587952,0.253214183268064,0.0
710,1468.3952409603742,144.56531697330144,612219.2717178579,9732.047766601276,0.5878574186532729,4212.018985255183,0.7186435308513124,0.24804391485094657,16.736267974672693,0.3554612671071017,0.0
711,190340271.0316494,185779242.43556195,606031120.3991711,207354550.87251407,0.7156255354101477,1808.66079890065,44.57093226293347,0.12477206005992816,9.274082620265059,0.3058156474804742,0.0
712,6345306.417900041,1197658.2590435888,337916420.3498727,22505072.98697581,0.680900870635872,3189.551855131887,12.686939320079274,0.12408429824062939,9.160344435173759,0.12875308342790365,0.0
713,2797788.686961681,425888.82268446067,311033204.21418345,12020897.055233477,0.6918604096649021,3541.416440595297,11.476689294208992,0.132887848719598,8.946059256900963,0.2825058484665644,0.0
714,16367316.428174963,3147682.1707553896,574185901.603866,51745861.6713975,0.7104431555858112,4006.1188600412643,5.011879635105877,0.09415353921188023,6.690532660833083,0.09560642199068202,0.0
715,22487389.067268547,1737464.215226657,5051543537.628731,133254524.48664741,0.7080935473193057,3439.420095028835,76.33312633792652,0.18915784112613326,13.702234770745184,0.3103675108059039,0.0
716,5170299.601578821,634884.6547088737,518957238.97559357,23018813.110710777,0.6458104180053414,3682.158894252392,3.363518530683974,0.18393514614024636,13.025051094767884,0.2329321962627757,0.0
717,3688443843.5966325,985670637.6376998,54451383473.6969,8910002778.64652,0.7223310140355924,412.64198550041425,22.61559648013132,0.14237112302764157,9.946267550933033,0.10030804664803253,0.0
718,5477.407792913381,1474.6169672905205,1275460.3714704341,26471.18831788979,0.6462972721487754,3357.391699835185,0.5764123215296998,0.03740511716888495,2.7393489472844266,0.32763428202906125,0.0
719,68457079.14178436,12890808.927921806,3432160837.7522955,230824511.94471678,0.7146144910703248,3269.136661194438,53.6655905310491,0.8413788878795951,22.304852130937835,0.14270646452181285,0.0
720,18474341.381344154,1579852.0557204045,2980941713.0239353,99017836.38753442,0.7499231262279409,3182.003881525604,262.82058255513357,0.12404240321594288,9.178207276205566,0.11811580466268887,0.0
721,40396062.08928271,5540448.526389906,2199232117.159631,152551558.91505247,0.7316710488908595,3666.6403106293983,17.589636970786636,0.03758779487926587,2.6957909324579035,0.07628954355994769,0.0
722,99955508.20017126,32241842.030269038,5980774067.799538,321658909.711053,0.7438505111679089,3129.9135654861143,106.25755632177996,0.20368386508414743,14.761940183233662,0.11868743768395637,0.0
723,93316881.38620684,16672371.420282945,11696046298.973557,410908888.5231285,0.6777610583913065,3422.681663307725,5.052878577989678,0.08021630623264997,5.88425312743472,0.16299361316318317,0.0
724,1945624.798377718,372073.2627626948,156242729.40438262,7320508.114098443,0.6854441583239638,3635.4512085233637,8.576516793277237,0.13811047787957403,9.983648260620308,0.07267638749673086,0.0
725,1797244.2802999024,458790.9307302069,70934037.28136645,5484250.448813209,0.7605139276708386,3210.1137580620525,15.717182790132327,0.786885186192271,18.899380277393014,0.3063554986417144,0.0
726,16115886.093912315,1752331.583266139,4953271867.92864,99108315.09125347,0.6897402379588818,3312.97554467811,17.02198265207083,0.1377855645641116,10.417856887666073,0.406812820761504,0.0
727,48905697.0606447,5914217.783567062,4110816458.9876213,209271622.71532845,0.6826143055393068,3901.1969553496465,6.311589613978607,0.06831918796603179,4.985271514116522,0.11140151561305706,0.0
728,107740715.0614219,15840693.658168972,14097717396.386494,502525406.53268385,0.6828697842647427,4094.3607143728877,6.461160022952519,0.16690897256091342,11.77598249222159,0.2995868895837889,0.0
729,34121113.09858027,7430263.170887473,3114825331.819839,120480522.48434302,0.5103882178584198,3167.902264740415,78.39778541195984,1.4504423997442641,28.58814523886299,0.252218375980798,0.0
730,8186779.859702456,2513080.527844827,621259930.1168264,31247039.620906632,0.7261346981707983,3408.685500237236,3.756473418229752,0.06137089808457041,3.6026450481579175,0.2385304749081253,0.0
731,342414271.0954095,58517252.57788185,25496171910.648705,1304187859.7151287,0.6257016475732327,3767.5282556468783,8.04981529375343,0.1678960785285982,11.798674022356405,0.16613206321236068,0.0
732,11057.76775443085,4645.304700838973,1197477.066629915,34337.235910350486,0.6386961016720739,3297.628451778767,0.7613104089622788,0.01893386359041953,1.379432593701317,0.24978509419767672,0.0
733,20204.084637901953,5496.136697910542,1906199.2897795723,71933.14335259315,0.5818655422286565,3934.5738448511465,1.4345374133700006,0.12549662398271808,8.94249956832444,0.35682161011413144,0.0
734,2450676.900846595,357772.33840881556,154039220.57376915,9424594.385700224,0.629124603059819,3639.7270249294297,2.840305576155016,0.15988008979320228,11.75201960944408,0.41505378049769065,0.0
735,83299575.32379022,6017479.043056345,16110956109.103027,481010950.1708001,0.7305722756657802,3768.022691840015,9.19245860998326,0.047874855039793565,3.2651791970142297,0.1944932365358209,0.0
736,145033821.54948264,33216950.34524504,7368345695.664755,453643601.82412654,0.8103270818093027,2408.8058599028673,295.15146261157713,0.09688594988863004,6.945319024598025,0.27831846645456043,0.0
737,74477.7817053254,22270.60534923712,3972194.941341472,231813.39249236192,0.6998241816742131,4233.336186163058,1.3444736761067937,0.15543614388711466,10.844259025388515,0.26735182605132923,0.0
738,16168752.984208828,3983269.1569201527,820467921.5934799,52893711.62034799,0.4438775962120557,2883.7794046286217,89.73324717886621,2.193767099945739,44.51907672645944,0.12455339452259391,0.0
739,9612640.52881943,961231.0682359028,1039605910.1978858,45339635.32930368,0.7351999279656177,3966.5403260101466,27.968947957898905,0.17404597222459373,12.6884949500925,0.15073243175745762,0.0
740,24632978.18107714,5960510.602973895,3973405944.165612,113955506.17588362,0.7550757269881871,3233.1348731752896,189.1120578795142,0.11488574731753527,8.257610703117892,0.26693396576285855,0.0
741,21243282.271664727,4982514.171052782,552950299.0830889,58671280.451246396,0.7773641879920963,2728.70272960514,57.65617329765657,0.05494233646929425,3.971604822787948,0.06046654539294679,0.0
742,13616.424717846316,5062.498321637698,2471124.271786871,58138.71215713222,0.6539531796416476,3462.7764038097544,1.712135307882295,0.0341743647367605,2.356016052572083,0.3506301735027704,0.0
743,16283279.698273161,2858958.4855949674,841930896.0376295,57261851.4533476,0.6683631896505269,3742.5109214363574,6.436309619676847,0.7772806706826124,18.288076364480176,0.26870716583871357,0.0
744,4673853.851322306,779304.5480819445,420127978.93454945,18227848.77982115,0.7830950121322603,3871.4360151253686,28.2732802954512,0.1823567637162536,12.730223013851472,0.27177727334616597,0.0
745,1059.97547215259,144.41224720953915,526515.6508327089,7440.964139479978,0.28014895556206665,4035.0558869523434,0.6230486786393454,3.501716663250412,62.41599541934951,0.20651531502862797,0.0
746,70595444.81402439,18735771.2694805,2500912555.0231,201770442.5076726,0.6631009176662718,3958.0019883217838,7.27823527682082,0.8093283997491547,20.527378483775,0.06798395114950385,0.0
747,59513.12551604941,19411.508528041446,2274347.410934354,156219.9316899227,0.7001388445724311,3241.3765671147085,1.7898101420731352,0.08980965826240936,6.5773684040210965,0.4958455736041793,0.0
748,15206492.713120386,2002675.5729029886,1377669912.7498825,64643982.143230096,0.534165934549282,3609.925185833181,73.17822837441963,1.5295838839414293,34.68949500541366,0.17826894791563755,0.0
749,9406039.49123605,1174612.4213509036,737054779.6555547,39249968.82443627,0.7221643922722706,3514.4768739050605,8.899206140164523,0.15717485275682722,11.344888499002284,0.13125719397751973,0.0
750,79800628.79972644,15339663.613280308,3227534467.5341983,261322105.36845833,0.7159134904462849,3776.0045180045304,103.0114926234341,0.09182594129849937,6.517535803907104,0.07044393915278443,0.0
751,6014331.735627964,1588971.720307598,501468318.48543584,21714249.05121513,0.501786377750801,3607.176493816917,39.160281545666884,1.4583106860890602,29.305207032282645,0.2498302312242151,0.0
752,127246941.87024018,21746782.11381323,8934424790.371246,494870086.9814352,0.7008772626346413,3338.498949334643,11.037140078337066,0.16295422203005402,11.063062521007549,0.1450995418179587,0.0
753,510691.8322451514,38793.06569135877,137776948.52501938,3167335.3507836894,0.520074874507463,3685.6302895445397,2.494354670880883,1.527306279233228,34.27201599745565,0.5254466071737571,0.0
754,41995.051977415314,31278.491643508045,1727071.6372486413,80296.21071500957,0.672802050965086,3457.3369224721837,3.4398998256219064,0.10030426396512748,7.221028183557587,0.42726186569038355,0.0
755,789382.3916907166,94538.43347998383,73279463.16634047,3397825.489020905,0.6943852246408491,4300.1316076860185,5.056657398601199,0.13032355491396458,8.45692859507644,0.30314961032165805,0.0
756,12330.961693370251,1034.360529478953,3582646.4047815814,74740.35573468,0.6510533956779787,3989.6462405608127,1.0628302592960455,0.15104019531588744,10.67834035187079,0.33149199093756304,0.0
757,7225655.275632538,1181863.9914318419,419151436.1466684,26617881.350723468,0.6650098620313576,3469.8317924085904,6.805292978354344,0.1399464761278245,9.939657606009385,0.1698387122746183,0.0
758,67366918.73580158,5123805.898950244,11963893018.901596,377990843.60944813,0.7345287067112365,3984.694473621949,18.02114165500704,0.04370836010627288,3.355847331508383,0.16357399719208024,0.0
759,12961648.011029046,1796806.8878936465,2271313405.1689534,67147499.78670348,0.7583728029554473,3078.381686740863,108.03234592643324,0.14740070524411183,10.738884893635309,0.22861062084656295,0.0
760,8293.903778169673,3708.3641442167855,1300409.4547629107,31213.851577557758,0.6629678147392852,3314.0840314515654,0.7820577833227507,0.012698210933936149,0.7839198201911742,0.46860505956318477,0.0
761,7213576.947464759,1685680.658465432,164174879.58752534,19718459.119118847,0.7181056214919994,3405.5190332199327,7.60171924144907,0.13001361684327195,9.14701672068435,0.23520671984568445,0.0
762,19534.738444551396,3717.725071146598,3341778.9048089767,83628.91830002589,0.6595666450901738,3613.397736235852,1.9098756726709616,0.07003584250122233,4.8361777539413335,0.13777870341463716,0.0
763,1253907.8108038339,87121.9024571778,291948131.68328786,7638242.634863908,0.5089579506409032,3165.152632973677,12.736447618874355,1.4978337972050653,32.23256105050965,0.24579708132825492,0.0
764,6891.916430218938,1649.7946273865314,1855899.8868209936,36100.686428122615,0.6696155574245127,3374.432383017348,0.948819305568764,0.018425665418852065,1.2924641902517322,0.2896047564641869,0.0
765,133185308.28272803,19905466.990003,12057972325.216333,544879537.140758,0.5824189839436823,3833.0104233670922,6.415947693586705,0.13272426900590578,9.68906285969649,0.18157412279687596,0.0
766,10565132.653379615,1423236.5779440938,1043927921.2810608,45522716.599642664,0.6960030332656503,3783.897717046182,11.907037197635526,0.13292963884688885,9.287344950797554,0.16958319001197375,0.0
767,8520536.630614448,618207.9708752867,2757096456.3728,56888545.39189397,0.7381186317028102,3158.9118140865157,15.883312421309371,0.09745622591644265,7.112139613654703,0.3613952044761023,0.0
768,1160.491486254651,71.82361133737032,696560.3483115111,9275.81323198815,0.5915210564328148,3800.221291503981,0.2530654777294904,0.10277455104491402,7.222728010277874,0.29102672067569946,0.0
769,17023.11067723682,3867.1401058740908,2171812.5478084767,65396.39033143809,0.705007168133625,4121.074602475325,1.3415551029862882,0.04066756800653861,2.761099282008806,0.2495123035515851,0.0
770,6318874.10100347,892451.6145502949,394476107.98066986,24375159.8099581,0.731706350838108,3051.9523749102527,22.975286216189616,0.11924311683553661,7.455947590917816,0.39619987642719956,0.0
771,7060.8117471974865,2736.211717313789,1449768.548719948,29670.754744716418,0.7149673997177907,3721.6541424925254,1.2024055303544852,0.08201040058466572,6.109157089959263,0.2716504261373455,0.0
772,1575.2640756171907,188.09040843833853,720878.9955769286,10729.581236900452,0.5678691819312144,3494.751081902415,0.19142002017898282,0.052485794965974275,3.757599020047374,0.4028086299068212,0.0
773,5583.842338252135,1721.746104341047,1218954.3470948283,25460.204223827157,0.6750644929822274,3462.2148652819715,0.9308518495939472,0.10357479601542777,7.233703617809496,0.4085371059296814,0.0
774,30587111.324525405,3514632.290736825,2664037487.2868085,133230269.24850318,0.6549375024438675,3751.6263410313404,4.348255617767723,0.06275694639313434,4.502161216957615,0.06261429987957123,0.0
775,33236250.872460853,2110294.225769911,14346889112.646322,238088061.85017452,0.6922145953320492,3634.424734751801,53.11156595316341,0.7296702035903517,14.747968976335926,0.3907048768381493,0.0
776,71667808.77900513,11455775.918238455,9067324599.377674,316164157.4575245,0.6555567128556735,3750.520338131955,16.836949361820267,0.153394194747293,10.311616809637416,0.3232435518056106,0.0
777,4788706.084587398,495096.25624876673,565654450.1296201,23021883.052803632,0.5200200022863863,2943.8412678601485,9.71758452429693,0.10847067909815307,7.9190121242760325,0.1522784789599795,0.0
778,59937883.88092373,17467808.159625344,2360179065.622255,185210963.83664092,0.6407393339435907,3551.329856941011,3.7119616269777027,0.11206113408283018,7.424062884879399,0.0866554748051942,0.0
779,230943.6374937539,27384.800915717955,27479042.310162354,1070114.8050695995,0.6048363842859449,4344.410640175243,1.5177001103614836,0.19066380363313531,13.043053286923406,0.2588494261409279,0.0
780,15153992.222837191,1099901.8725854366,3453197451.0714555,90909109.58678617,0.5664599150421507,3106.8656267780198,38.36409732179316,1.5098926880857313,33.1879363287711,0.2578833006737181,0.0
781,4719392.791035954,810899.154730819,376436872.094242,18020861.680385966,0.6845690325844821,3809.390645784279,4.096511987015708,0.1329130582875841,9.441760321700528,0.25311726479642044,0.0
782,1909827.6645756122,129767.20216612087,450357199.491693,11727989.10103755,0.4555636088701811,3483.290061895468,6.19946330330666,2.17664266465587,43.14799165966987,0.3106333221838314,0.0
783,475121.7471393648,34891.55831364831,148592718.96455076,3092604.517140763,0.5291368047402119,3618.3872773075946,2.282262681838687,1.487332585662069,31.629296490987645,0.354842029388117,0.0
784,9732530.500990875,879075.3026459537,1865191178.6465697,54825980.81901753,0.56252396639075,3439.3375919121695,60.222202003086764,1.5134498873189048,33.42078284250781,0.26822971574678406,0.0
785,2082746.4579576259,228988.6132350322,234354683.87021273,9705976.532517102,0.7696502409800362,3738.3659438325367,8.323347023923267,0.11032529706738278,8.123947572525893,0.21505087507564172,0.0
786,6818.871958830094,1666.1535579934039,1218063.425444844,29381.85366468611,0.4936060689325232,3620.4918341248135,2.073653909413188,1.55834320233563,36.12409726308154,0.3581260520099877,0.0
787,13001202.407310827,1850470.4878495138,917083298.4657915,51137554.31549009,0.7136431726945147,3325.9769200508495,21.62944967875415,0.131899748495246,9.285238065335456,0.26095095333374785,0.0
788,45483458.38950317,4964944.716145829,7705688020.083181,241624609.25325376,0.679952379515633,4043.688048793115,4.6836890927666115,0.15459271451178375,10.866539406145687,0.16296542008467857,0.0
789,3994158.55359509,587061.9656281973,492912926.5594206,16892936.402554862,0.7199158438630513,3450.9834881052507,11.966578611127995,0.1351954285640769,9.95573502571636,0.395346204815464,0.0
790,1415384.736381477,316809.7863773316,29200300.25013442,3850660.847981571,0.2946701017528894,3819.526573920696,3.813812664049786,4.117130478090037,69.20774948006456,0.18260049869729197,0.0
791,17699693.992949467,1435660.5220109161,3867892957.3047285,103928974.91832551,0.7726057680361518,3132.839091897763,339.76571631598847,0.15383325618244167,11.222260190275552,0.11148345566680465,0.0
792,42600339.803559765,12576311.898989335,8092168159.815155,211791197.48409295,0.6019550930991151,3650.100684535083,2.7888231833625037,0.10276344781376556,7.356189110053019,0.14191625257213994,0.0
793,3596419.8260874525,701897.483273288,209007756.35254186,12470111.216199625,0.6089316521239191,3733.638219029708,3.2511920204214726,0.0713527302197761,5.159936277823223,0.09299829526585832,0.0
794,5338.35820709228,840.3453613008517,1680085.8724271418,31568.360586513423,0.6751960680471332,3619.4698026647616,1.4156386701457937,0.12671449725560507,8.961310853501057,0.3314391051119888,0.0
795,81094.46787560037,60089.85685992786,2896983.16896616,158033.9914698114,0.7152409570241188,3430.513317726285,3.496698239442088,0.7410045234543507,15.313641067916743,0.3138633644443246,0.0
796,3468.666059861259,751.6142110511418,818250.3384048279,17713.234871532022,0.09691429733805278,3737.487638339693,0.766012749483674,5.4792679423721875,91.67782485950787,0.5944090310556083,0.0
797,23563.113926253984,18874.241815420202,1666573.3894974124,53903.606204177544,0.6635122855749338,3654.8897586747075,1.0941163740403856,0.11135837838757282,7.803683949302174,0.22689974837757743,0.0
798,23474.794969438975,2907.1367867202202,2726311.20916153,103716.74425968753,0.0778270989154061,4211.017134024307,2.3517253380732894,5.448757917359788,89.65727702795225,0.6229235043662743,0.0
799,53667530.13479106,6021931.441406898,7940464088.050557,270138907.2567253,0.6178789097398341,4022.578110191391,5.77215097099159,0.751005863614754,15.938104667620843,0.21676600786645173,0.0
800,3068514.5917053423,640770.96405907,101462151.30588655,9387634.130194224,0.6794811154016649,3693.8423634579985,4.2628831875540785,0.07245908078359901,5.337106063900495,0.04667046553561223,0.0
801,36404.7292586001,7552.071262903977,3495357.8603261197,138614.21232870218,0.7414430238424852,3912.6758577197625,1.4740678030315468,0.13429252937078778,8.925517539994832,0.24336550852127525,0.0
802,4774.105311688529,635.934319689782,1369188.038075497,26107.322441251832,0.6134738974005784,4188.471393195113,1.0330097855151015,0.12317211110582046,8.73367234470123,0.19584579477021993,0.0
803,43793.98718203779,10616.238133697634,4250039.496491039,153226.05758268404,0.6943031580547733,3496.412187443535,4.136185578744518,0.12547698954758016,8.867919148290316,0.28224081297556464,0.0
804,4159469.3700418836,869062.0104502715,152606473.98112413,12943120.214728018,0.6618662041844521,3691.966026332612,4.488298500350532,0.11857721778910583,8.482708684716403,0.09604222145682063,0.0
805,683975552.3890975,424966289.87812054,15270814699.406641,1355537746.495768,0.6801886409620588,1017.8982155806123,13.116858478832471,0.09394852780552707,6.661023634013349,0.19527158960538923,0.0
806,14885330.912411233,2914741.5545266634,1197127566.1478915,55798833.666439,0.6500882855396698,3787.6961345006684,8.043417564542716,0.1699310525646318,12.006726636919012,0.3144831597273917,0.0
807,8210.52993438009,1180.442091739034,2588154.8888486396,48536.72576590791,0.7284971497035124,3396.9981053548536,1.259161995354639,0.15529001253114236,10.558104330866694,0.30903607050965887,0.0
808,9501.583354686523,2553.2752763182975,2052862.9034659497,44812.62243350893,0.7475776268417529,3712.224706643089,1.6734059669110297,0.11786180973603066,8.543604785285517,0.4057128602350641,0.0
809,3263.604040372898,1079.801141803415,852019.3694208678,15731.811345702303,0.4100432309106085,3759.3461055631697,1.062331173124088,1.6218105768747608,40.161932113394336,0.14922381170550453,0.0
810,3897.552722073256,673.8290114253514,1232377.3042984963,21380.448248086406,0.646348968783999,3792.8785027626623,0.7488058949008752,0.05497196700985949,3.774233177060225,0.1243372547768782,0.0
811,12417741.835230768,1294506.488764653,2410459484.490984,69583246.20755775,0.749375411817553,2904.0934399420435,73.06063052374266,0.052024660042370205,3.851634450636682,0.1883318919249982,0.0
812,122148447.30267751,12391328.061055696,13216965418.25682,572924281.9210483,0.6072704181965354,3864.0405983932687,6.562211364110107,0.19987817076096803,13.597726069695387,0.23672758283676176,0.0
813,5238533.175449726,660498.8639631576,738698233.316597,25258016.049041998,0.655591207959023,4019.4687191712933,8.57830317669749,0.2551303423457859,17.134988825236224,0.28313709584471103,0.0
814,5984040.450225306,791485.6806523486,561680983.3751554,25216240.849696286,0.6839316958439763,3648.7833593787414,8.689578916582716,0.1467539632301677,10.61521496272207,0.22064283798190182,0.0
815,18467.81933676228,2086.456585572385,4233041.281285136,102578.47952730676,0.6901690929424916,3884.9169649940322,1.9576411893285268,0.09248923524298122,6.360707946768055,0.19029211769107765,0.0
816,10912083.539146189,876129.9951917271,3422965889.2113624,71433152.83971635,0.7456206233594443,3463.9867510823315,17.493529607577948,0.07530668209824967,5.455134575285053,0.3850809726791593,0.0
817,20060.273082595657,18463.164659071797,633385.7385393621,31875.07946502298,0.2846356642281315,3763.75707311508,1.245925360992607,3.437813378667382,58.092135070742884,0.2448484393796703,0.0
818,76054087.57950109,6796456.698043907,10535623842.833536,390354819.9593358,0.7268796821658022,3814.2857167751267,7.07289164252824,0.19114293659251586,13.694285148910575,0.14668595859053832,0.0
819,4889011.041455159,572285.0851938331,374213118.48192936,20564717.383561004,0.31366744509885036,3749.3844403318326,11.70307114035385,3.448295595351726,59.39879696395194,0.11004812201756435,0.0
820,10219150.55537452,1071490.6218503227,1540453527.3204508,52331149.48942028,0.7136795529087808,3294.3128858458304,65.34449852080823,0.754739504381515,16.428559137832877,0.1892564886970685,0.0
821,161727860.5723744,16798803.171530664,24919408033.482292,833478629.8988497,0.619444949157175,3701.6962179860056,14.430506974506603,0.17471277685093387,12.3356562756041,0.21028348190430235,0.0
822,108982735.73053443,17058330.972122222,13801325923.222683,507507200.9401994,0.6294889069071848,3747.418346824122,4.665165742440894,0.05682144641016116,4.320253990665002,0.065481272780781,0.0
823,103728.479856966,52804.42522023005,8506364.765111746,337068.5560755429,0.6678339781051983,3557.55970707012,0.7934489042790117,0.7376069582097926,15.121238971855387,0.2261759871160385,0.0
824,16131526.444489699,3512688.4578660903,699565503.6633484,51145483.330784515,0.7584332399201574,3040.3251379408016,80.80573361291431,0.7340080029581164,15.022559013395346,0.08041860454785724,0.0
825,8885605.091951516,3645423.255651378,67061828.19650215,16466835.4513475,0.7372602487991039,3343.5064209020093,12.255722704687502,0.06270670713173754,4.4229561466762375,0.17103201002562698,0.0
826,36154960.09552361,3430928.758995021,6131483695.2145405,193299218.5690775,0.693825295360614,3730.2937870118753,6.4955351535105175,0.14602507429438844,10.417345107620646,0.21325539934557253,0.0
827,9327061.733269382,822306.8282983557,1430333080.4173656,49090888.94203189,0.7765308846712481,3077.2585663641817,75.50011653592327,0.14261295496537363,10.357008088735668,0.1706945034191746,0.0
828,2829842.038241083,320824.46889193513,455458987.199087,14118259.70761307,0.7048134349401624,3226.676580503521,22.766549781046034,0.11530632992649999,8.169392333148734,0.2630639944401467,0.0
829,10201027.231964681,1036359.6432580516,1698179899.4295235,52872357.63793887,0.6926285656496999,3252.821684117488,27.65312838262298,0.07827353456720595,5.85513892850994,0.24326519133966276,0.0
830,13173.053946589667,2184.8545976589107,3275286.949865023,70629.11498172503,0.6591405400311786,3400.9463198434682,1.2309517638747791,0.055891662600835,3.747483444945691,0.24680717583448292,0.0
831,5315.946595124309,501.80963316667913,1868257.2502560667,33426.67596074303,0.6662749804413558,4007.075340715823,1.0307955969588931,0.09969603137461594,7.015209576132564,0.3901292891599835,0.0
832,35690091.26185064,2775622.665161354,10405183852.771864,222294610.08451128,0.5072379354999796,3386.315570777169,67.38972503723511,1.4043309858644388,25.55605428470984,0.17909144545891903,0.0
833,110545.76250353428,27014.487489226485,4422198.349088171,320164.4847021565,0.7390741077203926,3156.227343374546,1.986011015809134,0.11828834819527749,8.597528404613902,0.41481986220337447,0.0
834,10078166.86366804,840467.8796940089,1949047222.7428393,56450639.03783025,0.5499585637202264,2905.462019256209,16.524861956294068,1.469774336659897,30.42870788881944,0.0967723393815895,0.0
835,6233961.789354064,2690443.475226589,82147878.59628147,12169008.955513943,0.6924643503012944,3880.9717444198186,7.759312505782373,0.23460706461890588,15.793055755205017,0.1210644446463163,0.0
836,12852.008191825287,2489.8260718289644,2482676.0686938465,60034.193964180246,0.681090996892939,3889.1066076206903,1.85857356708418,0.07990883021433773,5.463466792910753,0.46668215980896166,0.0
837,1330657.5365396976,125890.72461108126,157198585.81357306,6431856.951470451,0.569492517483891,3493.552257173975,20.76197091303744,1.4922443649780661,31.96786601373027,0.2639267165387182,0.0
838,8089954.969184178,2306628.4168793038,135976140.75140506,19868971.433822446,0.7347475969369652,3576.0683291539044,7.208491835994093,0.12769357786631091,9.34842843351753,0.19711267888736966,0.0
839,5282570.148415349,956915.8346726059,289824458.5506872,18591742.83621593,0.7216378659604001,3707.8126546879676,7.114839392716262,0.09245841006936173,6.635044306967288,0.1227270725050723,0.0
840,12530115.29290549,1379878.420205709,2738550369.546424,68790633.45229976,0.7254329010749919,3384.1913741536855,31.77700972437862,0.12312118820308804,9.080952663019358,0.3287906392278066,0.0
841,18175457.163012616,3151646.289900264,2034833721.0062408,77716612.64695089,0.7331197516920126,3822.8805530910377,7.405289032663467,0.14702296577909477,10.11951257488036,0.19823604677367476,0.0
842,10268501.723047733,828128.9449125633,2728351923.1893916,63401622.85996382,0.7656483653044016,3354.2065654693415,14.159340174087355,0.08258526274960643,5.946757050135645,0.3023515292180186,0.0
843,86103.27771033828,23469.556029157848,4773721.87298948,255624.24978246802,0.7794870355291016,3396.483072474195,6.340534738969508,0.23675751088249458,17.459657975537404,0.2676351411068447,0.0
844,30760843.91916439,3986638.992200355,3723865622.031025,143915943.5582916,0.6736514377227704,3655.9742220901285,4.9224845493476606,0.12956336704450325,9.520918953793052,0.02921666167946569,0.0
845,10355.26072242876,2332.3004956679615,2168954.891923485,48149.17774704749,0.754193894840629,3574.3708229584345,1.4260605161375284,0.05318879664840326,3.728458404714641,0.1717345726898135,0.0
846,3124086784.632981,622478549.0471504,112341743048.2697,9523976206.894209,0.631802629511958,528.3722557117139,6.88300796317784,0.10041216543210485,6.5158449750571705,0.06207959205935177,0.0
847,12876567.27974923,2523402.301730877,705272616.5330721,45463218.46185401,0.6242933160499299,3815.0366378372273,2.71960026258484,0.06899557350622647,4.844893810476113,0.23626649021693608,0.0
848,3516327.5533912247,341234.58267950127,572468889.5210857,18513123.345041238,0.7852338891973234,3488.345821371385,23.659011834571107,0.07547702046284233,5.286780950026914,0.1130479779249873,0.0
849,57287350.898531996,7885453.278957476,4867174387.345246,237718562.19480467,0.635607707044025,3811.705355094523,3.715150813313574,0.07395235657063023,5.329149446726253,0.21626292631113317,0.0
850,21772085.048724733,10365086.455889411,817232572.905289,56115533.116673365,0.5674085417853536,3342.2703894202878,4.211214516184806,0.17233390683207944,12.295416960563482,0.1474406611993437,0.0
851,160270.30292381992,28133.151986657023,9701733.14802623,581906.1772707871,0.7447068699368057,3769.3560856117656,4.565394653454936,0.15393847350397677,11.084486803339194,0.5606801480754212,0.0
852,1421.976013126805,172.18622591203228,592109.1306723288,9275.673174640382,0.29284841775688475,3808.8270150222165,0.7979611112290934,4.051218379210126,64.53496444561591,0.4206072853312004,0.0
853,63948516.25073981,15737171.148090482,3305815942.7775373,211688476.40211374,0.7211143041928769,3679.696268797852,8.548288722155995,0.1526140210890688,10.860350348933984,0.13716285351700302,0.0
854,186675490.24913594,71221230.57458514,3203542530.1274843,409116850.0075941,0.41305502165081365,3635.5388062761613,6.856547356842605,2.129372080304351,40.02365838281289,0.15584074320234323,0.0
855,3629299.7930849865,544329.4287551527,222699062.71765178,13639187.851024289,0.7377509629788873,4122.753709540475,4.089042653503718,0.09647374657684749,6.925558814507447,0.06051414277889891,0.0
856,17566788.363833435,3568431.699399387,800264370.708766,57097990.65382375,0.7682241608636101,3131.519343718341,107.49689530647015,0.10121362412845114,7.468677210383211,0.13807495837154785,0.0
857,11714865.380076759,2017909.8045591011,798767983.4815754,44733685.25071474,0.6700182679872915,3199.1590503749626,12.065882597389527,0.11182885246158936,8.347871419304305,0.1699934157038775,0.0
858,3472865.131165507,470289.4166164479,332634321.971543,14771634.478972394,0.6524666190743813,3767.6471813508097,3.0364080253548607,0.1526425941285435,10.09832635786533,0.2266698015096861,0.0
859,65696311.759338655,8324843.616187138,9218722954.046938,315616311.3423312,0.7185740764447194,4129.840670273778,8.2072107438633,0.13091897751210188,9.181669219194251,0.29807949421795293,0.0
860,16994270.295612752,2757320.1667139893,1434123222.4129088,68723788.21187106,0.6136340725468945,3583.8255867957405,46.90573424200062,0.8540263929204299,23.174281539425134,0.24936887129636867,0.0
861,21333.095872343743,5974.323636786548,3209155.938810874,86820.57387655725,0.6098569242026606,3432.997593952725,2.119520383542513,0.06246688408956329,4.408073283164195,0.25527333536220054,0.0
862,32067447.555553816,7771387.8187421085,731482978.4865234,85509629.07603645,0.8487243811574212,3169.248538293107,716.6887719631802,0.14460662560771276,10.647894329183849,0.39255716380136824,0.0
863,39688.12478028191,34749.29453451794,2038429.208226394,73796.62393790217,0.6394948467906589,3528.241397457442,2.2838367476870194,0.7173915042840379,13.772856691960328,0.3991384135363474,0.0
864,14803.723956115311,3117.315292323525,3415548.54960552,76582.84086322486,0.6614782583340546,3590.514645953822,1.8645255857504452,0.18193344584499646,12.452083372987756,0.2428673355986003,0.0
865,934640.9248606346,126396.76015567791,87531500.68068795,3959529.1790729696,0.7457052995876896,3495.208971727404,17.760616205490436,0.10424782726084451,7.526500958435454,0.29652053892394264,0.0
866,85272.65187507139,75337.40583020229,2120354.1825125166,137632.40395971673,0.63976747566238,3715.422427113099,1.6518442255294647,0.7634508746591562,16.897823723053577,0.4592617944687111,0.0
867,183972.1691302021,31429.879383815463,24468393.96196475,797855.0547902832,0.6324207231629115,3548.473242502938,2.898968075566577,0.12449304024093673,8.958701191045805,0.18885057717738424,0.0
868,16100127.786499891,1312906.5898229606,2770075511.410462,88837591.7766589,0.7211777068575638,3560.375707691276,15.61974181235506,0.10618488493322734,7.584799669272732,0.18127778290566413,0.0
869,27243824.551222254,4424975.19458039,2136268906.7109246,108378304.5368207,0.6055950233246812,3709.282842848851,4.587051492812554,0.12017549009313858,8.69096315412523,0.12205822227617139,0.0
870,7445.719448384019,1189.4260725509405,2070778.327399268,40297.829637537594,0.6928906406124912,3591.128578578212,1.2905509406780395,0.08992022398364422,6.590729182990721,0.29391031229373443,0.0
871,14714036.840755004,1534819.5019743568,2440988013.3316236,75887279.75028756,0.7401203639324005,2978.4999511849055,70.71152710615276,0.10147958250689423,7.3176058665884085,0.2164135397999248,0.0
872,14340568.862353778,1134117.5976269604,3113729183.294684,84203051.7962142,0.7101456848247153,3642.511380918307,76.94290278149234,0.26868132137562173,18.37908396041952,0.25513754793009535,0.0
873,99168666.27837545,26520957.364694152,4204060523.306409,295976639.9549831,0.6037914699431581,3826.660564485759,4.609863264429692,0.0373935991551587,2.48426713711673,0.2624774787514468,0.0
874,8883575.571113298,552675.6304032303,2851209188.64448,59677823.14558901,0.6419675884891097,3569.3613609379445,15.237808979298054,0.13848009892811444,9.52366334248502,0.33642624445255276,0.0
875,20183.83099291996,4923.9957866990035,2781594.16344104,77200.43868557074,0.7381437451697985,3647.9605540917273,2.652205744780676,0.08761695642594089,6.140290567994652,0.22747432055504788,0.0
876,4967959.905335778,1175988.0207368163,287023194.29657984,15954089.295330415,0.5127575917561503,3548.5311579939953,11.437434736241007,1.4798188974231863,30.56652474056931,0.2928550379584288,0.0
877,1764079.0721875927,399492.14408902294,76460584.8754665,5583020.091511698,0.6609115340949328,3653.733178842993,5.830510316529225,0.07752399481760408,5.6425672184742295,0.13410553782244647,0.0
878,147123.050021514,143465.11650998387,1758858.787926484,179395.9011556935,0.6710785493217764,3839.1902393202627,0.7385116453048814,0.09906538144355306,6.783966905024116,0.028529107652214974,0.0
879,42570614.474171504,7431122.048874112,4246634433.609455,167568376.06016365,0.7525567050290076,3284.259406324599,62.13908735496549,0.1454554075345918,10.412646403236556,0.15896908627170844,0.0
880,14836644.162728792,3021483.081204597,992349203.5383043,53956644.537850514,0.6559016649296279,3660.077439681692,3.0335445539183232,0.12353292067276112,7.95515236418737,0.1925878192432582,0.0
881,101239051.58796859,8718909.887435708,13983300841.043224,522554386.77284545,0.6935870139453515,3696.9065143419775,12.723856860778067,0.02320516880775756,1.6800315867719917,0.1243572537780401,0.0
882,1180607323.5737348,311970210.85894346,29379293168.14222,3189555536.5264673,0.686332004622378,1714.1649650139714,9.461187328655232,0.09123177746818385,6.5237791303403725,0.08744389738144748,0.0
883,177153097.23968,60561065.73934325,3487723150.87026,417131146.4220609,0.7057478094432338,3449.451770847793,18.705588156057058,0.17316871492966604,12.5585869751408,0.16548628233803547,0.0
884,31117821.976262797,7090281.652914402,712059426.0851029,84429153.98687492,0.6975361422768734,3687.638411265919,15.984873083146981,0.10750192783647945,7.684163413546619,0.24762588588997975,0.0
885,175899.37409195254,48310.99315723086,6229455.782249061,478414.9805049278,0.7543863091783786,3562.9461151408213,2.9822463339839693,0.04212645947545983,2.965625851461172,0.2543831625286992,0.0
886,520207209.8805976,89554888.07018206,28643258115.361103,1844447688.8083103,0.7097081928037932,3164.073825789992,10.105261615233108,0.06699750616253572,4.731517998862978,0.10449295630841422,0.0
887,6129.847273937741,961.1907792723201,1642466.466595931,32894.966194105094,0.6314181539028706,3621.056227722468,1.3080431832297745,0.7698801791318894,17.43352329969751,0.3164210740340031,0.0
888,29698981.38282029,5144324.084812677,4543876437.523352,141282970.74289832,0.6547393641173117,3370.726041406707,26.33023705850882,0.2515158396722998,17.53758972173868,0.2108077647780405,0.0
889,15990534.004328024,1431504.261190913,3188618405.254367,90371842.7887362,0.6993214810168799,3223.3046229940983,112.99260067042864,0.053409256629641,3.779711800771156,0.13604153684662196,0.0
890,14427.714542254524,1469.4176066931973,3995585.4083274887,85058.06910969745,0.6405680086410108,3725.246512320021,1.0579798503976172,0.7277083906839614,14.465509028537053,0.4549767221877726,0.0
891,4432.259782550948,1100.299884914161,1271608.1052987282,24072.870087022427,0.3699208251333571,3654.1765474231624,1.2524882363416174,1.5263081788496475,33.40597644285258,0.28970274528325574,0.0
892,8361368.52462028,1276555.168122345,548572633.60929,32321339.650407545,0.6627683273253792,3477.7080245556926,5.543143486258513,0.1416259877413295,10.088270886839053,0.19034785136877527,0.0
893,44940.12278749053,9454.298693431769,3773121.4462152696,156124.7078727844,0.7320737559335513,3859.90065513183,2.8004125127585993,0.10298429152686497,7.248292274564472,0.004305842828781945,0.0
894,70109503.94515492,13757667.310319925,4681945830.689264,254656862.3408947,0.6569134210115941,3513.704002158892,12.098896737168648,0.17021613758375756,12.229184305163745,0.044712614592479556,0.0
895,2462.229903469812,301.63882164762316,1026929.358225866,15932.648018014723,0.569134112291149,4051.991697435661,0.710163211315815,0.1767175681423449,11.82350496179092,0.46505614557298297,0.0
896,10173.801151788308,5117.202668911214,1845313.7943268493,40111.48271223379,0.6727396406880171,3438.919428669877,1.9215527528670866,0.18342033949783448,12.323468022472019,0.261840324580539,0.0
897,16057.267710131555,4635.467878096649,2161991.818909687,59805.79235853763,0.6354342715180648,3585.109629034113,1.5209473782266716,0.07510193167822017,5.35182555005863,0.6049538052724135,0.0
898,5265629.938115812,1122196.5961720597,308055894.7718533,17705816.064859968,0.6364028707720908,3648.015155561566,2.015199474954004,0.09046520401703324,5.779334128083304,0.37355317053756154,0.0
899,47783.672439215385,7299.547297534361,9791603.360973803,250119.49021943202,0.6808580646346782,3525.2940104786085,2.830496593762003,0.09376954134495445,6.767528142815283,0.2642116199716098,0.0
900,22807930.687690414,3022594.9574612123,1468907918.5589485,89527918.15422845,0.7683185590093219,4174.63212719522,7.084416760179318,0.08849361935503142,6.096920520526664,0.3623210611590417,0.0
901,3810877308.2062654,1055714745.3929907,50857575819.01778,8983575201.597357,0.6803847743754975,1264.2404154719384,800.2216820105311,1.447323941490443,28.774721324503325,0.07246082343182715,0.0
902,72918948.31006405,10833643.97792251,6258663014.433837,300125488.78949344,0.42445875926942883,4169.155816188264,28.252233512575277,1.507917760792786,32.846563520115424,0.12930744315146078,0.0
903,104486.96702834735,12600.334575883078,23486694.477811735,595421.9214977338,0.7342024026369356,3844.5760872441847,2.9187948851130754,0.10380662444067515,7.477090265786245,0.2878726159539923,0.0
904,46225943.756821685,7751943.638088195,3393555482.250299,177362554.7449733,0.6949782878584043,3803.849259549754,8.083601254763586,0.11884714594773768,8.576864256373787,0.1630676872944266,0.0
905,2527.776042653147,182.81464906655606,1246745.714458396,18471.826245637993,0.6234290509755362,3782.2934628215335,0.5523253545250953,0.07100805314307834,5.122436249375609,0.19697972365789568,0.0
906,42681235.04890827,9088908.656001305,5746197776.621324,196781357.49715844,0.6129153158148434,3968.3622606194685,4.17142295132401,0.21168006598518546,14.333849670210252,0.19022353490547736,0.0
907,15649033913.154688,2047012710.579681,1146290650177.0864,62790729781.9849,0.6191904599096405,703.6391278125403,11.85812321191883,0.08059749686778402,5.8218879636844605,0.07796833554190342,0.0
908,19775685.505072307,2067925.9764405875,2801594314.323733,97055992.91941214,0.695501362321773,3624.9286226625863,36.799360094054116,0.13644176950912001,9.99050908834855,0.28779052728447974,0.0
909,4053119.1504472853,480720.0661633808,306897626.87646616,16960792.873768274,0.7632620045762594,3572.2483446078386,21.539270458469606,0.12176324719498961,9.1209342549046,0.20358866342141965,0.0
910,10527.55158095632,1015.8254916784147,2051895.1750653074,56924.43463423685,0.3711946585156064,3965.367477144974,1.0082055431091075,1.4967330182722074,31.63067607765646,0.24643944450614297,0.0
911,33377660.24177417,5841742.1874381285,2005731854.8587468,123605211.48443846,0.6302959783644976,3584.05194012012,3.7814891530665373,0.0476653596430312,3.541440462685469,0.1188489956755526,0.0
912,829090872.086578,116139531.01218304,57723980433.06671,3271782363.749931,0.7247208871676014,3377.5315798821384,17.503295513202815,0.14470996621353258,10.473124961725954,0.0967094396141763,0.0
913,119928.03354524347,39493.725975434536,6464237.150657279,356448.160349593,0.7222745902535453,3411.8788558123047,2.9983072635405525,0.02837291840753302,2.0572055923929597,0.527085155670713,0.0
914,6927391.460593825,1518121.2768012588,184913350.4481522,20037436.108255476,0.771116596542186,3315.8774967251557,10.576806586585695,0.10666828681277582,7.787627594390939,0.08879337750665718,0.0
915,23308171.210933194,3563401.7053854587,2249720384.3389177,98403659.12430844,0.7184995057688349,3786.840490560315,5.21728103421147,0.16038707267260383,10.840103319812439,0.18327425233220304,0.0
916,62593992.29704094,10670590.609847775,5271338575.799203,249847370.69936234,0.7174517269102446,3723.7799303228217,6.409123410854992,0.10916113912273229,8.025285308878631,0.2216062539037674,0.0
917,4732220.824711807,747895.917376707,314995532.62187093,17327989.11575879,0.7029162566695875,3512.842073494396,60.55462117777445,0.1611102226924193,11.205661197108,0.27779098109142353,0.0
918,14864.472275147073,3984.168649850841,2551266.496550607,62463.70547841309,0.6451193092384144,3707.8370819071897,2.164305568817409,0.8098126910753349,20.557626569921986,0.24093622986207533,0.0
919,392432.8653067547,190816.72498089305,6487570.928980397,864671.7488221964,0.6651236289864882,4017.6999412117802,1.8554655858260167,0.1341049075310127,9.315316542303618,0.4923328895861051,0.0
920,6562.666188390009,942.7274042697949,1730685.6229381226,35931.59922074932,0.5969791120246761,3490.9818686140406,0.6904868868927379,0.02272182523617028,1.6048707423881765,0.16385061316869184,0.0
921,5788.446564839558,1003.7317922203769,983108.2124523852,26365.102468330464,0.08537457584478066,3915.9389073252632,1.407440322634705,5.43688025215561,89.02982472662998,0.43489271349279884,0.0
922,128436401.37885697,43804263.50452135,2832097726.3404474,315359842.2638422,0.7733347753001344,3497.0220511737493,171.83407007706572,0.1318807777477667,9.358515311841291,0.27362958519618735,0.0
923,10315815.62338067,1086723.2090192863,1157825122.9807324,48608061.63606368,0.692244274690271,4246.201100518027,5.285808463229945,0.06866790882655574,4.897790977241522,0.07460167765215535,0.0
924,18090913.779561993,1398869.9116406182,3638770837.1242914,104403253.17955098,0.7241210913821069,3384.4137865446937,77.66451635186283,0.8408352390200949,22.738450512255252,0.22743469853399906,0.0
925,2997105.2813175577,548108.7481885806,211236227.32689852,11197636.930070153,0.5809565173396599,4291.392302358847,2.2421165887051817,0.09828775492655781,6.229914912186826,0.12978540205136363,0.0
926,998326.4778015675,343952.1325845357,23152746.663126465,2411290.009301191,0.7305154847222429,3730.8292724230414,5.784254463127104,0.10735635586395346,7.80976263808863,0.3012152199919606,0.0
927,4728.707513745758,650.266233951052,1515658.9329107169,28280.40402445256,0.654474903476071,3335.205567964992,0.9183346522721033,0.09605423518048832,6.627133449553007,0.35847249514682106,0.0
928,24962.560631814995,6518.168175337146,2617567.088283986,90901.62272007056,0.6833961035344155,3692.5300681681347,2.3454745158918118,0.2922715503929923,19.42658143167113,0.4359428425597205,0.0
929,4698149.63094684,352524.569721238,884687040.9426832,26801639.07239434,0.40793625118731214,3396.1993310400726,7.790273021780486,2.8553282382643967,54.29382164601709,0.2410555368404901,0.0
930,11408159.502286997,4545589.533675748,609048670.9523813,35212418.0576164,0.6181952435528076,4198.805902828703,2.35740605250135,0.14242380469838256,9.284598230526921,0.21970505778403887,0.0
931,1933144.1338519796,496311.39721168706,56203144.87512336,5347648.522646877,0.718430759583981,3691.2541689436807,5.7286730061686315,0.17241305305462068,12.390631080359793,0.3686443754801601,0.0
932,7970162.31092349,788732.9078285238,940894307.9743853,38527551.74352802,0.7974827125036761,2971.938992059484,47.921503291606896,0.13533546332113283,9.840859823820194,0.1484863003817562,0.0
933,2229.0695807493967,401.8418423730033,913251.078940024,14014.634798147914,0.6681601905283792,3773.234407522619,0.4312678937740683,0.1430232070988719,9.873059159521837,0.28933581887170934,0.0
934,401172.7974680736,42796.17807876971,50048689.43603553,1958017.0335262076,0.47701842045672027,3702.2734979903535,2.3393960882142473,1.4804584305933388,31.16803188702847,0.2534861144752425,0.0
935,1826686.0191556953,443034.8281487863,35465796.91824241,4724042.07777083,0.725545014596914,3440.9609353919786,9.042133837321702,0.14938147195564122,10.599761583712574,0.1572905576461038,0.0
936,16872175.781032063,2098539.239654769,1968828902.6294625,77545877.38668993,0.7226421866202003,2894.6478073917115,119.90723130272455,0.11484499570613194,8.511249683756466,0.07892165847719593,0.0
937,27435809.505030572,2676949.1294491873,6390084697.971084,152426157.80651718,0.3752581098497872,3624.7023503164373,47.598541565935,1.4304676754896675,27.06381204600489,0.028134854809300357,0.0
938,1111970.8286142673,378226.8183391774,201363019.1902244,5244626.215707639,0.680475486747627,3487.989153765574,6.762789187203384,0.18203712319502136,13.389210527116143,0.2880301512217575,0.0
939,14092.839345159355,6491.457084005628,1225735.5349845134,38460.34853311493,0.6070456140759519,3924.2307556836904,0.8848469091826583,0.7486887093448977,15.792085456212845,0.3823280954236865,0.0
940,24099431.027134795,11309017.152287053,764599697.6877728,56202676.87116331,0.6683532539797236,3466.8984991225734,4.729286798408314,0.10972618859467653,7.852707306552095,0.1910621485849879,0.0
941,27605.05369308433,8397.113320547385,3569860.628012436,106503.98513355656,0.6736525110872372,3382.6612671632033,1.3191826865985932,0.09625176873758896,6.087118692353103,0.03320583919980396,0.0
942,666949701.105999,265258372.04391772,30207642614.587658,1824942777.4788556,0.7409810728692579,1449.6913400008707,29.341101061296296,0.0909818027385663,6.653070222978734,0.19283428794491367,0.0
943,1959055.0706861834,850516.6503124187,24021280.765588425,3712516.476061744,0.7525514537913645,3829.135412779915,5.721028506395441,0.2548555665010858,17.226718511637063,0.14501194487280641,0.0
944,139009312.03974685,16156279.856002426,11032042157.79086,594144212.9388554,0.46920171200067723,3593.8141258903643,26.170475982396095,1.4489602615834805,28.874283602674666,0.16239017734505096,0.0
945,4670576.139792466,429813.3985752754,602700984.053671,23389542.847606793,0.7472924768011411,3636.817888165776,4.769289002282439,0.0493332703298555,3.6911958106921405,0.14294957559488428,0.0
946,7515907.843966497,597547.0579289801,1227257632.481646,40885963.01511052,0.42254645402065083,3740.251990398442,19.838281273671008,2.215068710606348,45.07384889901614,0.11314487567585632,0.0
947,78570181.07579505,10308714.459317276,7489135027.237837,341510071.20077235,0.7231289137133852,2919.4153948285802,104.37438909556627,0.1889700816015359,13.284810513049091,0.07054934281228789,0.0
948,2595348.189567929,788755.4130553833,34897553.81135809,5817303.31510618,0.7610462704495361,3327.3284069044403,12.34468031381215,0.11654432810068319,7.508453429736749,0.4565909228126739,0.0
949,6845789.559224047,1430799.4765388495,319542750.4976178,22905451.028675124,0.6513273664495022,3780.0569836813747,4.103038039801612,0.08149359139670871,5.5830223123869285,0.2673594220125635,0.0
950,49856996.53217288,7059900.193917973,6238292064.416935,231376832.30750498,0.5076435945406206,2922.1590723975974,108.32300043254604,1.5027376442266656,32.46425428503598,0.10506517323123228,0.0
951,2621.6573024837603,264.95120509447923,1211927.8101360365,18322.254262803086,0.6311189116825219,3747.1078434741135,0.49504526545810007,0.09538782971229223,6.002365939498249,0.2991355123903493,0.0
952,3673293.007152386,532880.4031748407,469419559.1366495,16822215.33068148,0.7853556485912556,2971.0777592154536,61.46213459181984,0.7996701667437692,19.795773266051594,0.21569865347276437,0.0
953,4094.8176277760235,671.9232638295176,1262815.042554369,22983.36795014642,0.6476822530396005,3551.1800433956255,0.859834478256011,0.0456005991090203,3.256613845469863,0.09873906964135706,0.0
954,9538.860622937591,3295.297945211633,1910190.3952836432,41639.1099032272,0.674615950807671,3632.052406807149,1.984171423825182,0.11688033825403447,8.32066598397919,0.25394698157494705,0.0
955,13756331.339623898,1515394.895676056,2351834524.7713604,72542974.9116043,0.6879359884731924,3589.79724155747,52.556213484970755,0.7803060762525771,18.293373196277024,0.21100962575658794,0.0
956,660466.4132374648,40414.33079488175,236514821.26700306,4579141.145248013,0.5178626225681968,3082.9878627674725,2.1129705557164074,1.4770834739857004,30.767692502282223,0.38189036015176203,0.0
957,271428.6582095749,24114.28605471561,40254548.57390185,1398011.2026595373,0.6316757030685359,3869.189862843209,1.8065346073795343,0.1347100162254689,9.394025184180439,0.05340171868442348,0.0
958,1234565.1799318856,217036.9499702764,77905476.13409644,4684885.069097576,0.40517926014337224,4057.297386988915,2.4563597517495555,1.5247168863081975,33.92583833891082,0.2048864961070476,0.0
959,177604.35604421244,19884.032234879294,18473395.356047735,790048.835238585,0.6675016076665516,3910.5680283048296,1.9922301344209232,0.1260647233773388,8.749850222929606,0.0843861064741915,0.0
960,8151072.026423559,841321.5811105287,905569153.1397454,38562722.33143044,0.6997144328228836,3416.471652010973,12.185762074631473,0.7939938090606157,19.148051088168607,0.31845971081161684,0.0
961,478655.6455313967,35221.02193552457,149798875.2080502,3117755.7076490913,0.4880427826188064,3626.793176012294,2.9407659493131937,1.467116285435625,30.058850164766987,0.3638084692421463,0.0
962,30949.011122302898,5788.438484486123,4181158.2876629396,130840.56364389873,0.6300484955273624,4062.6879128856467,1.8923040980734915,0.12457995785980876,9.051161939540068,0.17576343069911682,0.0
963,8254027.927939015,708873.079578479,1328581528.001738,44229528.982927024,0.555249609197644,3135.610832970463,35.288652098222315,1.5504879458457033,35.879511281412064,0.21122266012515198,0.0
964,1055364.4765249344,81714.85606495143,222428820.0972303,6137978.507104827,0.5811609435114129,3862.0239656608946,7.133958844067021,0.053286129434361305,3.609729309882694,0.16699121200201608,0.0
965,191497583.1347352,60101421.120816015,3540933394.3951416,468129223.26384276,0.7059080469466803,3774.124953859774,9.023619816124446,0.0995802981014445,7.087831155016377,0.06516929201902791,0.0
966,80880553.46964267,18813053.85544368,3878716240.4015326,260673858.14621145,0.7148797360027261,3591.190477772262,14.9563348353473,0.07534999365583825,5.401092937318043,0.1357953570589336,0.0
967,7168526.919267027,727021.1861703808,1041744093.4730686,36364837.8734829,0.4336357632134488,3556.9508138393103,16.84222044441385,2.1127352934554358,38.738918318020616,0.1258801317778971,0.0
968,20029.554050424624,10311.559388373904,1847643.1561509478,58335.06240652903,0.4021854177237042,3448.825553467203,2.441750070041667,2.217288752343314,45.605548971907695,0.3730830403677767,0.0
969,2331091383.072586,414121192.32765806,110694240459.84842,7970195660.211744,0.6584748196032753,1430.0694576055903,16.46597971478559,0.10752907908887473,7.738778846497131,0.10277586942848779,0.0
970,6476536.321139859,837461.0032131231,631711883.7262427,28445980.386996735,0.6205495673172411,3793.266467073125,3.3829686766453744,0.14032409835225074,10.275043427430157,0.3824850977366964,0.0
971,9313.530417052045,2370.5621042854073,2123099.0700496635,45422.461529141285,0.6770466035486942,3742.8878363063877,1.7902027536439358,0.8303474532445192,21.18815952599523,0.1976273075940014,0.0
972,2920739314.937894,477611982.37635326,116626157351.55269,9912059455.381086,0.533470087518934,1465.4017597506654,400.66292236034974,1.524828198894874,34.09798672845669,0.09078816270453371,0.0
973,9752.568869281795,3538.607686012365,2215841.0472267666,45080.77359882761,0.6866484363707487,3603.7746473518664,1.9273134853672578,0.036264100812260835,2.7114444120385683,0.0972345888506334,0.0
974,26147689.616930142,3714478.2501179525,1724201598.541376,101776497.46576223,0.6946895598257541,3713.102380305566,5.710416143945177,0.17160320968745468,12.121137808208642,0.0966694652953151,0.0
975,9081142.157951007,1575281.3197411266,717862701.4179553,36016017.88218923,0.6658628960512606,3387.9946021265496,7.154827087529218,0.1542981519752762,10.949333388382815,0.154420884720485,0.0
976,294502.5261314017,168535.7463954832,3441772.4148197533,469323.8238386129,0.7502116112104965,3360.811583870406,2.7378537401247,0.0737302032863684,5.229721138299695,0.33439066347054036,0.0
977,5392.2314183983435,892.4260861374489,1526237.4856181382,30123.100931702695,0.6761354172794188,3595.9228785290406,0.8126626508876184,0.04652609777505212,3.4266207675332323,0.2979297412540713,0.0
978,6674.785081842338,1331.8337064898442,1644727.0968793463,33411.29605193714,0.6545176441524041,3743.486978416171,1.0083683590290928,0.08009600775247598,5.131697562602542,0.3518779586587672,0.0
979,11351009.643483603,1551991.5084510127,1132711051.5983682,50156138.25906558,0.6637313080965764,3681.2149776243095,5.501378776117276,0.08350425480344778,5.93721529299566,0.13355180027024915,0.0
980,7485394.836510735,738857.7818653558,790257489.362216,35282707.38377319,0.7445125057770874,3782.7250523667135,6.325892637593981,0.057357148155008454,4.1058195989020945,0.13212034459435587,0.0
981,25116311.737262033,4118569.1310498742,4558400713.925333,129971197.8604947,0.6712354632257029,3250.326156562582,47.288811164174426,0.07188324910549415,5.446055746613813,0.27460290870287696,0.0
982,197206597.31185135,25484521.813430138,15399239919.794079,821920413.0225085,0.731771825911444,3417.964721695316,28.89303880080766,0.08500698111863896,6.123770595253676,0.14099027707348805,0.0
983,10216382.337674312,1340880.4119154755,1009337164.2214439,44980094.23191069,0.7035490152894215,3939.39142638077,3.487274439946207,0.06813289128194269,4.96929312125301,0.16430926313919442,0.0
984,397439.1442103622,31970.765023220458,107300901.84056142,2454915.906613126,0.5098624579567661,3595.8252973792914,2.5437363609318466,1.4782432841601139,30.870936154685932,0.3309390614034637,0.0
985,808761.5047032407,138796.15009832883,62788095.80824371,3165399.051780488,0.7088962901256776,3868.2119597854908,4.865860363054766,0.06240664006978207,4.495304799972969,0.25102403555008157,0.0
986,139170.4656386734,21646.507807377624,11682230.521314764,557731.028457022,0.41652590357225705,3697.0686935155245,1.0106274743459618,2.1320618601474024,40.25596012978692,0.32429779139113674,0.0
987,3738911.3651825124,551504.7945364405,245430848.32576117,14287331.109372903,0.654018064884548,3860.108183636278,4.497866429406825,0.13052315232175796,9.217477548287274,0.060886325448012535,0.0
988,425935.2177070365,116715.61505920828,18112785.168061037,1245057.285874181,0.7301958985408438,3547.7306512265523,3.205088536797506,0.08766413624088623,5.853657409956907,0.15719792395585874,0.0
989,3143.8946380329626,244.78112208093967,1364732.1735642669,21920.936774287922,0.591239336115654,3981.242366541122,1.0903982262405605,0.7948187834081214,18.805717952517547,0.2364305070479181,0.0
990,38174346.576256864,3898893.431820339,5628380826.54557,191638322.1985365,0.6850262839574781,4201.998269171272,4.009981177132442,0.09778090187318104,6.569813284379821,0.2269248170490609,0.0
991,2346.9523179941407,205.6045560915424,994254.3030601491,15749.270127607446,0.6031531236242375,4279.610539867435,0.518326544952111,0.12199132475090302,8.655860846635553,0.4270863056773692,0.0
992,7183.306391635795,1272.484280946284,2092496.9535570568,40027.58039183584,0.6453279078111034,3601.828781366295,1.0475011430278123,0.7291048620178565,14.66861545506581,0.24461746883816232,0.0
993,5929964.065831391,920368.0261532397,380387398.3451918,22502769.952481773,0.6668280857533045,3711.5712136685497,2.5168582771210772,0.08027312890658642,5.593414986783218,0.16077905861010516,0.0
994,18066.235765301128,3317.864266025179,3986056.9121954786,91808.77996269854,0.6854105011407652,3618.6571066243832,2.1172880731904553,0.8075194724020275,19.873372902595893,0.28607527007019273,0.0
995,8752577.944153171,830764.6846044839,1331498022.7181802,45384370.673102565,0.451633052957187,4121.936735040654,3.4123346138093695,2.12159179847232,39.914194168842336,0.22214300995276623,0.0
996,57246040.759993814,7169548.285014573,8091559355.443628,272889954.17106324,0.6122661037790784,3616.5094865959454,12.470149767715682,0.1545963536493132,10.641684395921938,0.3533472886847691,0.0
997,4470.985537373323,689.0502638894188,1372857.4902773816,25359.2487291129,0.6835786619823474,3658.6943183206454,1.518556184536952,0.12228889668165221,8.918745265425317,0.46453393092974316,0.0
998,6657725.311207482,2134494.6795904934,151489631.574191,15291961.66346648,0.7476123740876407,3350.298137846081,11.675680059468206,0.13597987448088594,10.1222144559796,0.29743525250061537,0.0
999,2143.1669486521027,584.6221272744899,675503.8496526169,11191.863286026415,0.407418295126425,4172.686341010233,0.9205710093681958,2.1843842260427513,43.40331555303722,0.3695122816065836,0.0
0,13296493.385754107,988198.3089917669,2904358875.678504,79185866.33676574,0.7909073678506604,3633.400881283705,51.352024500966905,0.1426910424184425,10.490707241225753,0.10518512355526957,0.0
1,1960144.915859155,461147.54719817743,88948969.3002769,6316723.676700765,0.7569001732142719,3382.885022601842,14.94031027681311,0.7745162036639076,18.036281988071952,0.06667165866296185,0.0
2,18778602.654899158,3060703.346191674,3255097794.1903157,89698064.14399353,0.7262896710469116,3355.7204464953006,18.10424745464471,0.13212525895524257,9.347653572017304,0.30431842689687505,0.0
3,11133910.444335312,650751.2198592563,4338297536.466028,79752478.9560183,0.6664185371841642,3650.4610140357345,5.860700356329091,0.24922041357580244,17.44879865466447,0.4082724187254719,0.0
4,16719836.38589729,3005773.667560086,778498160.7583174,57598587.78511325,0.40290489306599325,3694.85591275313,3.7484401720068448,1.5098658981283521,32.209790044195884,0.12744340700886195,0.0
5,6777183.890191796,1257684.6369906387,595024740.7883132,25847112.17576177,0.622471781173746,3759.8718594498137,8.892203009812627,0.13796367380702462,9.935312056623662,0.3176617320911927,0.0
6,27326330.56771906,6484701.54173016,1197458252.4728806,89369367.7241282,0.6527264334984662,4069.630771414063,4.501144057943112,0.07582606089188619,5.228492406494427,0.12297404575807899,0.0
7,9592.153021423157,2488.8494787934405,2354955.049472808,49745.10756831798,0.7016973699622915,3522.8107681166903,2.099798229885898,0.19292064977623652,13.55682264704836,0.1353764175438229,0.0
8,18563.55161595901,10164.860471324166,741248.3476558287,45537.22772206292,0.27101897559446203,3690.687779530086,0.84934896291072,3.517274318627976,63.82878338769435,0.3620786057896393,0.0
9,33614606.19566085,2416997.1273756595,6985615670.835887,198101691.68842405,0.7314835671870386,3766.204763328419,18.01831251609863,0.08575982782085712,5.711575665783211,0.257596789900313,0.0
10,5716.851963548074,2645.26313030026,1231302.084020116,23127.70280865649,0.6672446805425183,3674.9950451718587,0.8560340656930007,0.08877976308552693,6.287362917236855,0.48589428114441535,0.0
11,239724309.22411424,106563399.56301539,1997774136.639352,432171557.37898743,0.7784576113948128,2333.6381634431737,8.953817424048726,0.08609978375561748,6.324902519112415,0.09239496990631464,0.0
12,258156466.680382,91151562.40148276,2486658733.0939283,523078499.0381549,0.7202976761395663,3025.7778949890762,21.67139229996129,0.11413130305330492,8.277209724109323,0.182348900998295,0.0
13,2123.8679588341547,401.6736169655586,945327.961102228,13918.169664079145,0.5460443516627965,3903.243132245301,1.0214568247643359,1.513139008831473,33.33081019544339,0.08229765561606271,0.0
14,33332514.1043862,2829820.01265427,5636201913.433774,180973696.19398886,0.6717809441864071,4210.710619203211,4.177755141294163,0.18713513601233583,12.345665820203838,0.17955657163196806,0.0
15,6727699.798314477,1878536.4712032403,116609211.87681286,16703702.40964869,0.7667100957278703,3484.2950577586726,5.714713948432215,0.1407872570583418,10.157503156773382,0.009236896511323677,0.0
16,27195131.86582305,6184791.529171854,677497738.6246283,74437973.65575089,0.6983495853352062,3385.334441299585,11.932466815781426,0.09442170614107175,6.919310426872245,0.24939970636202852,0.0
17,7605964.234716527,597648.9386700998,1411334931.9568696,42768164.48449238,0.6732126931441127,3171.4730216658863,46.830440632999384,0.1614710965999878,12.007946209377739,0.20773440918289715,0.0
18,20245873.94225978,2721636.8556387555,2013071815.7073245,86317742.98633268,0.7392500750822608,3193.6521055596795,70.07320947492066,0.05086259748753532,3.6737310044353206,0.23001245020541083,0.0
19,9744793.52110691,1026822.3624817539,1355848183.8437295,48989474.42290417,0.6957174653875698,2828.1657029222097,54.258845813298066,0.14395413386429318,10.366045286356947,0.2726768262240193,0.0
20,21431.335679277294,5059.7617699121765,1964359.8988032043,78020.98066051326,0.6277916774601463,3819.642042758452,1.5032716582577772,0.21052187382193505,14.483754573216903,0.40612475483381966,0.0
21,731996096.1520426,179096789.2300225,26756488649.434715,2114259500.7043042,0.709525486926431,1824.005387748546,5.7056837246182806,0.14104258148880433,9.23041949999797,0.19559305497630028,0.0
22,15552175.463056112,1989035.512687492,1604878546.2297711,69661875.11968671,0.7009556933067864,3972.1894599878074,24.52580116974689,0.09579419404596523,7.0023685064830445,0.1536919843033418,0.0
23,180363783.91004592,60234222.967604265,8877645089.328491,484911495.0046592,0.5274810447364041,3255.129427390136,193.24867013132996,1.5096412209322894,32.77924177368353,0.3942368570891904,0.0
24,21062454.737343084,1452939.054384884,5128400159.260459,129641701.66452622,0.728661135450167,3423.61125349856,24.610363162377713,0.16290542636850924,11.11996638431109,0.275135878567749,0.0
25,6581.669714309562,3342.199947720996,1153599.9566787085,24660.092650150764,0.6836565119025144,3592.0884351407003,1.231428560900478,0.06253114005578428,4.465368447984534,0.43707124161611743,0.0
26,10645391.521005847,937418.0827907145,1671759393.4033575,56291536.94374665,0.7496726874093527,3044.8264086858626,59.33900253142483,0.09506448711436546,6.671259029610072,0.1932495369814703,0.0
27,10427.178527635555,2339.0526676591016,1874900.5424914267,46880.348592268805,0.6238575012719692,3523.9862669010117,0.8981998457334783,0.041384218628510716,2.737382051309153,0.35814479439163605,0.0
28,2696040.887164819,517662.5371672601,157950093.05051586,9953436.16178978,0.8004738956578112,2969.2452259120687,55.639454334290505,0.10328911132553129,7.597608744695007,0.16176211004019458,0.0
29,211730975.8811462,54479836.14283328,4513092365.784708,550181250.0934544,0.7293660783104562,3991.561679546465,13.817301953564437,0.17551354656596532,11.845031570076426,0.11579685389257045,0.0
30,4848.10042427999,973.1262790556341,1314925.763626277,25107.52288270338,0.720647825072317,3576.867387290266,0.7810244065285102,0.10039562192090665,6.274825631568795,0.4447233301456913,0.0
31,57887.817102939924,11677.07500495952,6784721.1549176695,238604.26408899584,0.661508224692229,4113.943992182147,1.76887285506029,0.14826766465056132,9.977212751204544,0.2451497329793227,0.0
32,12663529.568028826,935106.5215497663,2440506468.7613816,72792665.33898333,0.7317857286598335,3867.7526481382733,7.523662010969453,0.043888900132797205,3.166342455993481,0.2006177913090596,0.0
33,37127031.77780874,5051563.894205298,3568612706.729314,159365556.75573993,0.6371523110222175,4233.747333939323,4.432273043732031,0.166121084261526,11.910937489688092,0.20446978709851038,0.0
34,10476958.634876408,1888223.8409552642,928052942.0111902,40847327.56069978,0.7395649540649015,3278.831602853512,92.01927580551416,0.10411741458203246,7.583601768211875,0.14449217064650388,0.0
35,11747.291461636856,1553.9830551345651,2814144.67873055,62765.39345204227,0.6856953890430677,3476.5834808510967,1.5668034571090286,0.13259890609129785,9.324884664326035,0.21521645051236632,0.0
36,5977.150869410088,1751.0272412818365,1826325.0866295123,32075.511314428157,0.49226762343257835,3314.168151377019,1.7382436841678104,1.509059713639403,32.64012780598364,0.16604942387629262,0.0
37,4003385.32942215,482456.3468202998,331309215.0449359,17041851.982571732,0.7571658122655762,3591.7063616970286,7.610192737292662,0.15328955423443338,11.268197601838612,0.3701716054982991,0.0
38,245761471.84937635,80426034.92747271,4588491036.871843,586176468.9223459,0.48044274244042295,2890.0239882227297,34.31389851527711,1.4574003203157821,29.385341709913387,0.08691402085837528,0.0
39,10409321.639296569,841584.8612789558,2302759488.821759,61219249.198067866,0.663900934436492,3410.0006859012037,63.70215882929644,0.7903190158428223,19.315044014245693,0.1958134948733297,0.0
40,21625958.373195346,2298698.78333614,3928459008.151723,114076300.81196614,0.7091166560088147,3120.462893823535,60.01723433225557,0.13690266509838195,9.830063999596382,0.3007191753247334,0.0
41,128625.37311397863,15838.071843660651,14211718.85896646,570358.019411138,0.6696027530235527,3764.9464983039634,2.727182326321454,0.24171074858484207,16.683943207957565,0.23321797794776492,0.0
42,2107.098531218055,306.6623369490577,764705.7843948423,12853.130547361347,0.09271193178244383,3665.55179731322,0.8924634642717408,5.4244115381530555,87.81899256038328,0.475429915213125,0.0
43,5356088.420204943,795328.4024640359,514110139.81978,22422730.090797246,0.6834876683806648,3627.677181943611,36.65777259153291,0.08843171681702548,6.487355031938658,0.22599960882375394,0.0
44,5696.113879255989,819.709417051972,1580210.6476152162,31609.016524439456,0.6184561881461035,3699.8920671183814,0.8205319520858702,0.09941779784531501,7.037270891744141,0.34049892166975426,0.0
45,139684957.01954716,30076745.420961272,3095715161.2247944,390449532.83055246,0.6682954160150405,3441.648658773148,8.311510851055157,0.1586672049577275,11.040810290157543,0.211194065662914,0.0
46,3266.2126286165485,1001.5940050062561,1078018.4681637003,17758.41432717718,0.661049103750156,3729.9728934268387,0.4513656494560791,0.11007825655876022,7.724685470108106,0.1577160846369993,0.0
47,3622497.6202291637,341232.91395972855,438990886.17978334,17682849.305743843,0.7382344819176847,3821.449451517121,8.362324936388353,0.06639554362489335,4.612791830361907,0.25164992421843163,0.0
48,8138877.202864553,1704607.9713203986,236287032.92207927,24335950.290360514,0.6943703283006649,3724.9825849328163,4.77294040465466,0.09422255917922459,6.941387595034676,0.08472206127224083,0.0
49,6966150.299221782,2000200.495985302,128735057.4371647,17507569.283950206,0.7184272579160708,3596.095445236923,4.764997236108933,0.12562026666145104,9.214326120859685,0.2733339756259558,0.0
50,4571242.150274939,1179116.5594011592,121124425.97281902,12783652.134458814,0.755544270445235,3448.0507089095945,6.537001224151463,0.1039456113545321,7.549950759145558,0.11380123142776849,0.0
51,1398617.7095241293,403301.97169643326,27976006.05486089,3576506.146483077,0.45152585394193406,3501.0257102735522,5.448397050550801,2.8269665222049887,52.10462835744594,0.09621993427470574,0.0
52,32405575.80550434,3444515.4187461017,4534441972.591322,157419504.78178772,0.485048543746095,3783.5886667212158,75.97528654083851,1.5100020626752733,32.845486694082254,0.30008909444935,0.0
53,142998.33854284714,81150.1535745739,9547322.17753996,408996.6471355007,0.6335339636090801,3773.071390199836,1.7819913814037347,0.7042721633979961,12.742319386154398,0.2667373649205692,0.0
54,34576085.860108994,6490723.071148922,1895286379.9978764,123942906.4144598,0.7402799823987667,3401.8120803582638,19.245447083584843,0.0895009578621619,6.478932170457978,0.08934598424049277,0.0
55,14857082.337161835,1338105.895263689,2133336833.7214127,77185905.926747,0.7159833357467947,3806.114366965755,11.168754980283603,0.05022888555921323,3.4864984599075712,0.13403304626881832,0.0
56,12441.415029671442,8640.86025367193,1341608.7987417679,35483.4742738106,0.6528614516891224,3480.7279341909707,1.2393509855476461,0.07420755687888062,5.361624968629243,0.15348708965154384,0.0
57,1992408938.1849492,1373679293.1511264,14272330817.913046,2921607285.017316,0.7770053779342796,1500.6567552700117,81.91413980172995,0.15851399812730885,11.167171669168754,0.2872212911249037,0.0
58,10240.637911594584,4514.437673048631,1636577.9630584114,38062.939306945584,0.6469510958407286,3577.7896010195127,0.771539995911925,0.10111141791784739,7.191483005155559,0.28879818578981586,0.0
59,38319343.59857913,6393979.813332696,5095427589.345961,171185695.47385025,0.6701548322615021,3029.291497418886,186.0423433254321,0.09707274503213333,7.462439229102887,0.37216897374276775,0.0
60,9954867.312276255,910609.4305387726,1427788233.7740557,51261882.86018129,0.5677694939332566,2873.405531213018,43.322209265644865,1.5160883907546545,33.773175295192274,0.15328050943080826,0.0
61,8221358.2175752595,1246441.8660265363,647007688.8924632,33047705.16279027,0.6876050355335381,3665.346568643562,8.766963695816544,0.13802927613843324,9.921372287732188,0.18860373087233023,0.0
62,28309.413698955334,11099.204744330103,4999220.6472857585,116495.79497305336,0.6692147980837378,3305.5715940646187,2.65783500001725,0.0697098631130059,4.981506771081944,0.5852399987872982,0.0
63,109485276.22595303,32906643.581303675,3701899898.714978,317320583.56256974,0.665983912468443,3584.084838531585,4.788001955973692,0.12984475756561925,9.064867140659539,0.10429817376421145,0.0
64,73315791.34465341,7943655.613345822,7550432453.714892,336248652.406029,0.7268397738781667,3241.0474708810084,679.5144807354436,0.11094905422034307,8.302225314832155,0.32413544621509144,0.0
65,53334305.370603524,9842402.499224702,1831918466.3790805,169567165.20607173,0.712851323155845,3710.7808438486063,28.60340156890476,0.7495907631598377,16.247006491563827,0.29535360841032904,0.0
66,36430.26979788713,11931.117945108668,4029742.739525377,134847.50992953652,0.6649600729235797,3591.6859138149443,1.4092724485817392,0.09736974220103471,6.522948124791737,0.1773265045653438,0.0
67,4114164.6531715556,854453.0365950022,192665062.48197857,13449126.976837818,0.6579107703724977,3446.6618244033184,3.736377235721967,0.09748957277780361,6.7321488441918245,0.09919601725270323,0.0
68,1399506.4482220411,290391.53727347904,79374325.19415815,4883104.685490697,0.0956959376700624,3915.7537761677304,3.9013235288154298,5.525008738121253,94.72661960078909,0.13784766030807724,0.0
69,5929760.407572412,920356.4323967919,380889379.3827503,22503173.097460795,0.6454838766387543,3962.2513123930203,2.751092895256668,0.0913375249932975,6.371916762961928,0.1042938724205959,0.0
70,14179664.90180621,1426084.2683284858,2397323660.698535,75676850.21652286,0.7627380810941017,2835.9539183580864,105.58993835317636,0.1661644988487468,11.832208730289791,0.1448975424089421,0.0
71,47248.566429526734,28258.05289609661,1246992.8082004306,89451.39896683271,0.08206214994622038,3585.7005213850575,2.2214417883074087,5.486194799433991,92.2467691471495,0.044741705754845804,0.0
72,4950.460147349935,1088.1363502411994,1384512.3701028298,25846.849370748845,0.6419754396218369,3742.9240257133292,1.0470861082854173,0.7252888152464412,14.481543202230469,0.367783674642254,0.0
73,4116620.5625397502,586869.5004392606,445835515.17715436,17483529.13218567,0.7256101899182592,3408.541421091595,47.74803094416228,0.19845718787451086,14.515609548021217,0.32892305486739204,0.0
74,9604287.43065322,2186338.1026598746,294672913.9776396,28775753.885723848,0.11764306363918324,3906.4415136207226,5.1613629891099135,5.476940226934626,91.56882449593128,0.2904682860961309,0.0
75,58833575.368204616,4006019.2535065114,16253121465.782385,375638556.024506,0.6552127389435538,3510.778933458595,88.12189960256177,0.24125162758647348,16.583764740067384,0.2498080117844939,0.0
76,242407.7648814538,21964.915362641488,41043183.833153605,1274533.9985514006,0.5983619768212317,4250.784942743857,1.382204617601454,0.04571801624766207,3.126499974022802,0.23273926585414562,0.0
77,9387.53274257822,2712.9988625789065,808988.9802640114,30752.878705922496,0.6308644775478188,3727.1288532979597,0.9215195311235274,0.8048145618405392,20.40588639046594,0.1954244404119124,0.0
78,103819691.2829323,27612673.179513596,2820500549.9055705,279327272.39731914,0.6093555554186645,3919.119064052526,10.586576529299522,0.8820915202321291,24.997981799063353,0.23381166302824172,0.0
79,11418804.726907793,1865773.3227448524,1002362272.3679975,45728996.94918002,0.7862010315247722,2856.2209985337586,98.87337913170457,0.15046024280432163,10.877043020047616,0.14908284169524424,0.0
80,16172753.702823725,1565813.1473169657,3188143272.193061,89726236.76489206,0.7332913531897036,3551.1730341666034,172.696915436445,0.2193628159776984,15.58850832856433,0.14341784348086375,0.0
81,11149761.280585764,858025.6879732249,3361058811.559048,72529012.70505787,0.7124067941814709,3656.0727050407836,19.853942038404885,0.1270868613739755,9.285259799853407,0.34467643722719477,0.0
82,503419610.7171906,173024001.7240657,8944787784.842049,1116021584.8194098,0.7547630135081174,2326.6408107812977,175.56094128820217,0.10114930834901922,7.343417509829777,0.17833196036956692,0.0
83,40361038.26561233,24795426.406624217,801910217.1839379,78571242.12029031,0.7283746068211594,3656.009939479319,25.737184008241396,0.13641567929550896,9.890971110095059,0.1482614518922718,0.0
84,11265.916696757748,6630.138625825353,1644272.5012239595,36908.46975273263,0.7690131292367678,3429.702196263533,1.7428173208184397,0.08230853531600255,5.99789027499722,0.23362745727360007,0.0
85,12584841.822631499,4836556.585784106,739307694.6997193,38685727.087409735,0.6936408128268812,3421.8854427596652,9.026048933435415,0.10624554448785802,7.480409666675316,0.2092775497581716,0.0
86,81692.86305529156,19518.57283196215,11489518.249859298,359213.27070545976,0.7142031073380263,3643.143834356284,3.2121600841919378,0.11516783054394822,7.744165380408804,0.38236789752060313,0.0
87,170381080.22311157,49589077.13458597,3897815512.6595144,413918487.87816393,0.4814991211234213,3132.9055775455845,43.069043113771684,1.5775209725956159,37.967060973999274,0.2784311513074815,0.0
88,90423873.3349025,9856083.843593236,12643931673.659771,448808077.4931496,0.7277845745239896,3885.8214484754035,112.61444553020341,0.1058628022902898,7.812722627236695,0.21498266135066885,0.0
89,2547910.5437820507,579267.4579694505,75057382.06684361,7286090.188572685,0.6401708029264807,3404.940394906267,5.382289197104906,0.14775322914796965,10.245148705868683,0.26455514954896775,0.0
90,98213534.88263322,43876811.402993165,2393392416.4296927,232086123.70039076,0.7646651016891053,3865.9790492957545,6.195766099567117,0.11721285529140743,8.279171994397611,0.05357256205941146,0.0
91,5575.302340505392,758.8106717669627,1479551.6889586714,29892.373337814468,0.6397732111560572,3494.2949388151146,0.7365072521142806,0.07201524726464506,4.885936588497148,0.27289057054014393,0.0
92,7546.800754265927,771.4583085535648,2198082.0002449877,43915.11802381479,0.6534885509883793,3790.6404276693484,1.1462942962539235,0.13698856397461895,9.18847896744008,0.20742830762374115,0.0
93,44358.20918204838,5958.367093462031,5047470.258621464,185734.55838523278,0.6691985013082211,3812.3311662780325,2.7856581021253293,0.09985116473886872,7.038427812776827,0.2308251518829388,0.0
94,11329958.142310318,1454950.3295013548,1867383053.370877,55955352.9118549,0.7251400426050006,3480.388576404312,33.21611463316631,0.0617680487065865,4.450275320089267,0.3134078594633345,0.0
95,8635.431115080555,1460.6429536528988,2268860.873635054,45581.675064060655,0.6503019673614803,3483.466737320953,1.2569103042835315,0.044217869891906146,3.0735559925856277,0.22610298254769495,0.0
96,3038.0363695760816,693.5491174256024,977001.6046727095,17095.588493608702,0.6065025160932632,3651.924768671415,0.5120980146786304,0.05445903665728533,3.3614615321268446,0.33044954888983985,0.0
97,2631527.9227203457,444778.0358769797,131511602.5479141,9160420.25094917,0.6155541943011692,4017.818823102137,3.3890897563248177,0.21111759943817193,14.873582961750277,0.12299927353481388,0.0
98,593739753.4168276,259552161.8055446,12034017312.526814,1328387606.9635592,0.6489936476184136,1834.703851661141,9.501022274774838,0.11925995044057017,8.24713668628395,0.22682944177642167,0.0
99,2908816.9108756483,373261.7145993891,240817569.42074043,12286600.344126832,0.7601590964715355,3351.633790931283,16.048494726010738,0.09058398062362523,6.667042698628674,0.26273486688788145,0.0
100,26972149.519430242,3153456.805484334,2335642864.1155863,116792661.39150894,0.743523505943895,3863.240755743584,52.72134255564204,0.09268008129200159,7.0211654427646675,0.12251550847815765,0.0
101,644466.1055569994,99407.8744525368,29109374.813928645,2247856.4463673728,0.21032906648797295,3467.0368344099775,3.2887637694320495,4.204852501714783,75.74174641152928,0.15028179290611285,0.0
102,7215475.567654742,1584023.3815910262,850299626.2383578,32847181.34932711,0.6413542742274964,3419.1916526607365,4.446931829746955,0.1236424187673368,8.638621488720114,0.1495829486597764,0.0
103,6330.010693698343,1180.1931916729475,1645144.9936166254,32519.225382026132,0.6895356498534182,3769.512015236791,1.4171615708543297,0.13400601937239243,8.98140895178361,0.19826370817245806,0.0
104,4563060.524047984,618995.4367845121,514812470.10954225,19700196.992730387,0.6990069604339922,3690.295015764077,25.190369665856302,0.1538888188595461,11.000082189804255,0.17627909567545472,0.0
105,5816921.979314364,1112714.8435668082,211071622.50364986,18629691.99775287,0.48630301232748596,3473.4569383624403,7.958441669701377,1.489614417063504,31.741141107655153,0.20487178155456356,0.0
106,25533448.035674077,4900199.07941732,1455150443.446102,86920988.12977473,0.7759340073988185,2906.7628264667796,494.93798875906697,0.1889680571917461,13.806018171506476,0.21843113639909087,0.0
107,38842982.74185301,6324055.85134506,1543680217.3369021,130758335.49280241,0.654558802490086,3917.956172698961,7.6031057929790045,0.12495633213815412,8.691012996427407,0.2832956018735486,0.0
108,7708285.785389168,1081372.4288833935,755066497.2720274,34705040.88531702,0.7150819171523335,3634.493629477898,24.458413101718616,0.14018162464137296,10.251770639096634,0.06578047902096902,0.0
109,72460864.15544035,8673130.66077105,10397794871.52692,357749972.6248211,0.44246228595215065,4321.015033316206,23.467923162110246,1.6089792339075615,39.284662985293224,0.2618462695470043,0.0
110,3912237.4268322354,646891.0346217355,187852805.49198875,13627622.013666073,0.6603835806751409,3404.6996069976003,6.420992608894385,0.10631133691388506,7.388257597618545,0.18190806818391902,0.0
111,191248.43974117865,57520.18807306703,4026919.8426523013,449155.0169008931,0.6721935629575825,3624.372441830444,2.1967235330326385,0.1604697257744343,11.383327474398104,0.10455891066037262,0.0
112,9128622.566852283,2063986.2819211683,1312670592.0217674,43218314.72396962,0.664518662850089,3470.6045668880433,9.944225796974361,0.2293098440571537,16.181565674428175,0.18585807808884755,0.0
113,53877769.83622801,6580165.327178277,3664334248.3209558,219039890.88776296,0.7183859681161513,3950.0530418675366,54.7369422721634,0.12341484133941708,8.703099642265212,0.24658172469290843,0.0
114,3945630.5459699086,1058209.9844250937,119924182.82897906,11345227.364818824,0.7109816625646042,3830.1106264433993,6.768853786834638,0.07119443176658793,5.297034007918683,0.32803340213864934,0.0
115,64119.251174141,42473.377162458186,3357623.561170737,150454.62106592028,0.5734901715580578,3392.7352783136316,6.115813560196607,1.4867324912529978,31.652627276421146,0.6298206225937582,0.0
116,32621483.764478706,3861773.4400169672,2948124309.392977,141195418.18173093,0.6138990944582647,4243.143044486274,4.49492570859514,0.16368790987966433,11.598459975372785,0.22014355956251597,0.0
117,3400652.215626872,539638.8501684738,342137774.3646458,14387066.480446506,0.7392065642309348,3647.3020902428307,30.0223540590626,0.13984245232720988,10.388285162734018,0.19601918778544483,0.0
118,161726587.69586578,16798806.42028587,24858718768.456802,833416184.1069407,0.38979109521838173,4057.1608318132803,14.57842704365962,1.6486267478401726,41.80336965324703,0.2528626973234696,0.0
119,16727.87758421533,1579.931953837087,4627764.1622682065,99554.95883191373,0.6524444392476559,3570.1335250822312,0.9959831003156047,0.06525331644273118,4.728595630114334,0.36938219793563526,0.0
120,59868.431869471286,16260.179208081852,8190390.465361531,251190.5433098941,0.7073489273074294,4058.898758271131,2.325852942269639,0.12408127995578733,8.712366977628232,0.3573891328649711,0.0
121,14122888.496040747,3330950.4363099397,360331438.0742456,39919354.09576027,0.6695778720225517,3557.839164766052,5.49153237374128,0.11456586666027561,8.333728736351262,0.050312090630283884,0.0
122,23068345.471791483,3042239.119097768,2907948306.5604014,108047898.93714905,0.578249019104493,3697.7685758524713,3.1548500951577036,0.13819831865504453,9.860796420229722,0.21573667856453183,0.0
123,2858.730497184061,594.5419460340928,941991.123106708,15904.343785898109,0.6564143098106507,3419.7544795691156,0.48744520876381625,0.04728072381064763,3.4261883344592348,0.24037739137464556,0.0
124,15254.320804664283,4064.8106739287737,2301823.676596838,62252.82601305349,0.7277980463721968,3691.2046019484324,2.0161316405027456,0.20851719095164825,14.073547386025723,0.14353447830915367,0.0
125,21704889.339731716,7362856.143650606,768399623.6462395,57814653.96275075,0.8069475534696977,3388.528983787244,25.191680445472738,0.10438276421050521,7.7620112531141405,0.08022287241147978,0.0
126,223285610.4948372,106846963.31739812,6652715883.647176,523927965.0773834,0.6224715076553101,2386.4544199164,4.207676449316222,0.07212055897334615,5.254244085481145,0.10129692108510424,0.0
127,7444.212386698276,757.8738286854949,2117348.2464262606,43643.902205194645,0.6560393003684135,3592.2770826352553,0.7907938157678776,0.0622617622321127,4.514251840502345,0.3343962609194864,0.0
128,16389524.811915487,3147837.8866927205,566967202.3174402,51882807.06093685,0.6705850080635491,3528.9370664292564,4.210719575572333,0.14694612182197764,10.036195819620078,0.12682021868023466,0.0
129,136966682.94320467,26200279.065232836,9459653353.185484,505083325.8899142,0.6801990277645731,3733.264662405555,5.445980989045462,0.12192112424101813,8.220279139544967,0.18065253729054326,0.0
130,728320.0016660824,179083.17417869452,26603372.92589682,2277681.0387715674,0.4674119954368255,3902.6372231790874,2.1927555954854165,1.5167580458169792,33.67891002250881,0.19134809375660827,0.0
131,1649535.3684625993,140817.48447191034,480628963.4958712,10191697.338136282,0.4930217013895951,3875.4165514307597,6.513919922342537,1.522314604189172,33.544460789576334,0.3994030302885352,0.0
132,181462420.59295496,25174921.61728493,12157343789.296091,706693279.3928475,0.7107173150260608,3759.0136966620685,10.443252023973626,0.08014966005747289,5.8054810514111,0.19193370067315502,0.0
133,3236.0504555702832,773.8999267203673,1035842.9449226807,17997.2683603922,0.659484197321025,3554.785287261664,0.5558433540387556,0.09042741969089407,6.653370014380696,0.22424013327606926,0.0
134,12011293.094662042,869897.0203125089,2978575678.360162,73769233.75147645,0.4979678571629734,3532.4558192280283,26.17102745493993,2.1962381646982285,44.581671360671535,0.2960219589573888,0.0
135,122473044.12174375,16614898.812461013,13816283969.517258,557764712.8563387,0.6700787220228351,3647.573569857359,4.301444865658073,0.05931727124829615,4.16207113338441,0.18782552091248925,0.0
136,11974553.602636794,1511812.6676176046,1474899658.1949267,55916568.61598663,0.4751689812066924,3630.041441623789,9.974903882468777,1.521716429678388,34.033361140699455,0.1108391210132296,0.0
137,2415396.753046483,502588.2028949029,258558071.13085684,9299621.893920686,0.740141624189776,3614.133853671562,7.494526544282311,0.13640813911058586,9.77315002018583,0.502644608803046,0.0
138,2592771.195690119,459767.97554596316,184622657.1880843,9936863.167486329,0.24950299306210866,3788.528131951157,3.018723422743514,3.459451317869653,60.029808892544885,0.19269502163841773,0.0
139,5262105.918409237,466159.44256779953,797134702.4119428,27620025.227372367,0.7037720962014167,3075.7748817695783,24.913934065622392,0.19175875360434302,13.257200349856628,0.3968875966699755,0.0
140,19552028.545286313,1670600.4574157468,4332566697.046353,113555895.0206404,0.8078100351765036,3114.0551880330145,150.16447085264272,0.09828996843742868,7.0386285207151476,0.26285402664720464,0.0
141,11894360.64074849,899743.8830783408,2503210444.0200076,69611707.25539248,0.770357818459812,3133.1870534749387,73.1096813718238,0.12461720591224194,8.916373858208257,0.23581961226191925,0.0
142,2948734.5788153172,541215.3425814869,117849027.15376969,9517544.542061226,0.6793698147572411,4176.231303737024,3.4470659614033226,0.14435761655959406,10.104069979500492,0.10322949381014569,0.0
143,4233.569822959985,1313.1547091866655,1065645.706681502,20546.278301736605,0.7701748798035984,3509.078525224343,1.5740696007822257,0.15379518300728617,11.32527229497173,0.40124201831957906,0.0
144,8220912.835270005,1556620.3280218889,265633432.2068498,25574887.3649029,0.6588697350253561,3691.366519662915,4.625457426149597,0.11507092482429186,8.459790270626659,0.1537483824763334,0.0
145,57986903.080500826,10794486.381878506,2138263757.0690105,186717438.04380608,0.7066631442545688,3851.009396909146,29.692504035547344,0.10492334597328937,7.66073553338136,0.12874068074972816,0.0
146,40726535.73774191,5788120.258422403,3796078366.7633066,174094937.2431469,0.6405713350408624,3477.729399519052,9.199406455175078,0.06866492283096823,4.854982988689393,0.16312197178127544,0.0
147,530845.5843837026,77839.91610134469,57181798.70156442,2304374.1464249105,0.7893032981565132,3535.9831099137036,7.529910904717386,0.1694191403512245,11.459888658663559,0.21178464442408096,0.0
148,10859618.046285655,2120336.19382721,722115303.2658508,41067976.52147838,0.5610033337907765,2906.3929206384064,59.72311734140624,1.432441089441069,27.762338543596996,0.13514355180575316,0.0
149,7616629.630621006,1063500.6752365313,627502152.7683418,31521403.033623565,0.7688810271095553,3044.3508058556135,72.67083658221438,0.20095555460042408,14.564881806893165,0.05959569228432806,0.0
150,914324.5879927978,81823.57770578502,130673642.08204508,4696032.210246209,0.7404312300635421,2795.7330070753014,7.838472070371596,0.1614059188866678,11.798644234824728,0.13483038053883317,0.0
151,25962581.898476634,1567894.2342852657,9300300643.640417,179982713.05205944,0.24995198346170086,3675.575969582215,9.79505152273697,4.18299538675332,74.05175131183766,0.22199139913539404,0.0
152,47458385.99815347,8436520.953131603,3058290076.505845,178581851.08096087,0.6830566655051117,3669.294108449047,6.830729098881035,0.13223691268725196,9.55882353000936,0.1519003870112725,0.0
153,1140.3997710203832,151.81293821308634,525689.3827485394,7684.157082294167,0.08423918257042029,3877.3563586756027,0.542225661184193,5.439641163664262,88.77932456048732,0.4889454977354147,0.0
154,3786.452957803021,860.4570607773552,1044044.2912376762,19063.481375275987,0.6484971612243955,3541.653496617414,0.7348822618751282,0.08902217050297975,5.9883999187586925,0.4549124292843795,0.0
155,15274552.575410673,1555128.7488436657,2980214378.922141,84542697.44495946,0.7995036185427382,3120.7936250320654,176.75505539882985,0.09890873867928578,7.285408372880939,0.23850142980367575,0.0
156,51568800.60683992,13158691.001282852,3967717702.250993,183030843.80089566,0.5820273938970539,3980.8042021839433,7.821742556468461,0.1231660831491097,8.721324682751181,0.2286973426398864,0.0
157,294836265.1999116,53224792.18727223,9183262747.791431,925165690.7427104,0.7088805650012746,3530.842233250072,11.47807144975721,0.1602980472933912,11.579495306557329,0.20379978316771624,0.0
158,16948.310483507154,4493.6314493137525,1690019.5262482702,60231.12140566435,0.693049934999987,3499.79949076011,2.054374074440429,0.250119363152369,17.455864903080446,0.2874478203211462,0.0
159,16712844.94637118,2805027.3844287605,1381281066.616555,66648932.418639384,0.7610595449142814,2608.4644765408907,100.61071439485471,0.12907487686530103,9.457698805457898,0.15420926799033008,0.0
160,4674190.457321189,1000726.4817259836,196263791.60971904,15057300.709663814,0.7072003929604593,3391.7807239448175,6.205112062904083,0.09713077575892423,6.625958136955736,0.4041211944804662,0.0
161,48890070.96034045,5262540.84600211,5924516116.367457,233415361.09344608,0.7322685574886387,3368.6701256561582,182.36294384715964,0.07695646212129911,5.472245961774178,0.22535730813560267,0.0
162,118122520.03586324,9843316.986921208,17868220199.1407,625273636.1928036,0.4539593517340449,3802.7045800531705,420.6267551328997,2.164806632083568,42.48483985584646,0.11888756657356474,0.0
163,42337420.19041646,6975827.444769517,4738625699.997274,184659859.50790972,0.7255640051847647,3472.4883585667803,20.724518891229554,0.08099768949667334,6.13491804163719,0.28560224423633934,0.0
164,40275164.8726721,4646665.580118592,4376096110.323352,185053719.32759517,0.6523385476059774,3524.225018483878,170.04297171702083,0.7858639649969327,19.08556566509286,0.19789620160560925,0.0
165,26524898.058896065,3021095.226190987,3274962010.8985763,127045686.2929683,0.6800509821455042,3679.8918383317314,5.031252927362958,0.13685865573918984,9.585519909693621,0.1446625615804145,0.0
166,8589223.743439019,1458156.855006794,378459547.85033834,29471402.801969122,0.6887236964976647,3433.5777461567714,8.198630509266392,0.10733055632511065,7.832364981653484,0.12910393463451625,0.0
167,11320456.600390889,1206952.202207643,1976501054.4271839,61438020.71019117,0.6840084616476907,3425.2958839839225,40.37264438500844,0.8086530372151625,20.449651039429632,0.15677230752486135,0.0
168,41956813.339038916,9769528.452473482,2559227830.9637322,146229005.3525807,0.6934478945850626,3649.205691434312,3.505307733663367,0.09677538517692605,6.662937375163116,0.16564466610229522,0.0
169,1832051.185617684,362972.41596784774,137639394.25513637,6728317.585400772,0.7276511104669596,4120.745422543489,4.251770841989186,0.20833315233211938,13.986308645013377,0.06871323165095021,0.0
170,6826946.960127475,1878700.7112653567,522998944.873314,25107431.32269281,0.6360170913441305,3453.80088729423,6.098260551762819,0.06994655456416839,4.815609014727627,0.24959983521825158,0.0
171,49994211.638325684,13426885.767144289,3289619715.748394,170847447.31504053,0.6549925845817824,3892.4487176769044,3.757672850423705,0.04434896729885871,3.2959270166920263,0.2744683480770586,0.0
172,31848096.631079376,5387812.8422112465,1451573038.4120765,110173390.94113386,0.7197957814799527,3563.8505893194088,6.638511598958839,0.11514001192352045,8.282207485597185,0.09502933698361607,0.0
173,34564945.46683488,5579795.198597425,3088883320.530773,134775972.6018691,0.7572806279426038,3003.142184497482,50.22882463576674,0.003789285756897165,0.2606850692329402,0.1532882436844784,0.0
174,290182.2908999332,47980.46200542068,28942219.67569547,1280274.2001878128,0.09591787466035359,4127.482761556721,3.1510186691129003,5.481185356149577,91.63069496761466,0.2081952987633808,0.0
175,10267.52816736533,963.273202093353,3320848.0029050326,63148.06960405029,0.5958186861088006,3876.271297912341,1.0048057361792628,0.7205065738397185,13.742414377771553,0.05176690691644433,0.0
176,10066.973938949708,5239.693861432144,1171966.128504283,30204.687462167105,0.6614797992455157,3517.145206974159,1.6908890984824274,0.11880835027171699,8.210820551445886,0.44657717864382923,0.0
177,360793386.85827005,111813674.38326702,6857307526.818198,878597243.6144826,0.6440357839191249,3011.5974432314542,6.543789983177742,0.1315862459599079,9.486072098716011,0.11025173293681777,0.0
178,1560829.1990056196,369224.5065381579,61304513.59813045,4757080.885395855,0.7303704364735231,3535.767895988008,6.721285620210667,0.09887910514232852,6.83108293998796,0.06416274984807668,0.0
179,11961.736114203197,8761.845509752178,1143280.59918385,30989.157034686497,0.6743759715548185,3430.1136439426973,1.513531798348234,0.08205544078256857,5.981282372498673,0.17070890396701294,0.0
180,20619416.293102413,2111830.895051117,3804312033.012243,109606117.84407596,0.6974251266443148,3310.754801579181,140.61052509251192,0.7869553643476344,19.063271988594106,0.18128677741965374,0.0
181,6361.097226443638,1415.2121787782214,1773230.4794377058,34040.904747437475,0.63562397133164,3682.270988438349,1.012591588263723,0.08351815443010899,5.868031660104167,0.21845540929596907,0.0
182,6658.938573096215,2052.8117927461976,1638099.402875249,32515.943168484093,0.6908409966431887,3839.7538464646395,0.8131944721091585,0.10990315510841979,7.874620677395382,0.07646609029654083,0.0
183,1359354.9707493924,197811.30713227188,110199506.6441433,5481008.626076675,0.7301598792299188,4198.311714642841,3.129608311194631,0.1129360850020527,7.4013834678777375,0.18472898930092388,0.0
184,10027461.278096087,1190552.1513460544,3259705070.9601107,64960210.10029056,0.6909114749794012,3148.543879454479,11.174096261648996,0.1815403855682171,12.875037479636564,0.3869450629962329,0.0
185,4365487.67015576,978950.5220983733,90144998.18717276,11879743.543230884,0.6751924112189998,3546.156441216992,3.5400251728661916,0.17509981401238237,12.331643702283067,0.13603684839651156,0.0
186,62342401.68767114,5931639.997052109,7529510962.84936,305642057.78463763,0.27183009024799343,3803.705316428451,21.9131838134211,3.532936419556074,64.93388242920786,0.054824140081970354,0.0
187,38627538.19284357,6063446.052244161,3710397583.334797,164581778.766863,0.4572948274549088,3808.7546345435435,123.18398619961899,2.2883782579709746,50.15916536517502,0.08834862324888569,0.0
188,26634449.86794703,4439335.644873266,971961963.0567636,87973036.12256885,0.66338927494866,3840.7481870696483,9.316004588984088,0.0533956528262209,3.7840409202191596,0.09173147623168403,0.0
189,9857.515067521828,1122.1442684645815,2313585.8571558045,53043.699763445686,0.6496918271612098,3853.1687631110267,1.301371909152175,0.15133512480980899,10.764105647234002,0.11169950474153101,0.0
190,4810378.20147327,560997.6310615332,506113053.30951184,21978350.01694735,0.4880006200262429,3440.6118626004154,16.25759600335347,2.1411729140729983,40.733756789038026,0.11869833977195834,0.0
191,7331.154072953514,2211.0657007144573,1390179.8378466521,31565.25220755157,0.6585049340937432,3417.932691427978,1.0173862616810943,0.072970932735545,5.10503603201911,0.3187788232346116,0.0
192,12541.271192308475,1177.5242143686057,3428928.516892227,73500.91562201464,0.6448996903571708,4003.8957233781466,0.8661685272627921,0.6795224671071222,11.293126946075942,0.28812170202203086,0.0
193,23488.95913813744,18878.36476283108,1712885.4993733708,53815.32698198773,0.6427424245146296,3614.734312410488,1.6614574900165753,0.04463996358351006,3.020334667059937,0.19255217754301646,0.0
194,10699294.719333101,853946.0197447201,1710807432.8046174,57808648.107081175,0.43131660681410156,3771.18815245073,17.691596433227957,2.824104682035471,51.74431399152409,0.11986682126643189,0.0
195,6967.910235196161,1456.9818626445801,2016451.7773625706,37718.808656687776,0.6694334830959507,3477.26495864094,0.9372736917617689,0.05140541782571475,3.8088108923830717,0.32044682343029834,0.0
196,19166941.513018053,3232804.2231006655,3055028628.14361,88383636.45922427,0.7648430299855232,3171.676793728544,39.813409096102816,0.05121684174560537,3.662084861553626,0.2715726158678291,0.0
197,4600290.298678965,787904.1543556338,433097827.1801081,18523035.495449193,0.6017113245829655,3637.140757016105,1.93756278248068,0.12979127863993822,8.247541102994443,0.22827049301527594,0.0
198,15975320.358000135,5324994.83013677,147299631.48383793,33247033.204481572,0.7333935439193174,4273.371643203949,5.742218408969915,0.10575530203240602,8.067131142004868,0.030982119929536447,0.0
199,3117257.385304191,466292.60677794705,388780553.7013507,14013917.096126515,0.6976232135121248,4121.522249328181,3.323745702390189,0.13599379835165512,9.061565495070237,0.3125112654256036,0.0
200,2839.150495224998,365.60080199937005,1228489.4192372966,18801.87151053286,0.7360471201590911,3977.953779805946,0.3547236529400761,0.097211706800812,6.56459888914857,0.3106236978422931,0.0
201,548316.1390408234,38997.873465218756,183229440.87339786,3628511.5632605427,0.5230919819526637,3851.520245745462,2.4564572757311574,1.469483614490968,30.08745449015992,0.3538127848844897,0.0
202,13756436.498022934,1200690.5596399154,3790266208.4714594,84741629.33960551,0.6668814246601498,3266.5790649553883,30.182150650636153,0.17188954359530592,11.612804515388373,0.3642464331039502,0.0
203,11387152.897769004,1265991.421845644,1253227171.88335,52461754.73728951,0.6996898350082943,3618.3101864794435,7.106190884795351,0.046077444737197305,3.4803773547988515,0.21374177792295967,0.0
204,10702332.732698781,845352.0076287407,2018004379.0001915,60510597.951166786,0.751308320957672,2954.874350134976,65.63390967042565,0.1426278416262896,10.450195463504745,0.21064883206164808,0.0
205,9342939.422904667,664806.7576175017,2057604581.2475524,55950288.192371726,0.7603708033059852,3622.8616755230814,14.27342632176148,0.06177736887209697,4.493499859773495,0.2305536594159836,0.0
206,3841.77695687133,1170.6071881408527,787387.2152186555,17633.308266191347,0.09276789468685934,3277.6735073026384,1.3323259213240173,4.793040337931758,80.0644234750458,0.30773112778877953,0.0
207,100497913.4854628,10682097.020827966,13415063577.610407,489316286.4498006,0.6296427172605255,3875.076683480147,5.985584711412975,0.14574036327901546,9.943569097656091,0.2177090358147986,0.0
208,18483862.3070882,2079232.9370213584,2789282576.783436,90658488.71825312,0.6859901948360718,3767.1045932990537,38.186510370364495,0.1374915260431681,9.464976190058769,0.16211860783074347,0.0
209,18692823.299279455,1741765.7567837145,3848760740.8185897,104591951.16652729,0.7015651549574327,3289.8289554698285,28.613264657837693,0.13529687387958883,9.507394784731979,0.411338268526887,0.0
210,4031279.5868492066,659256.8578975248,486801531.22235,17468934.190938912,0.662058202297165,4223.257025328359,4.396759442250956,0.13959917379557663,9.456626583852797,0.10930996623507906,0.0
211,3448101.2401191043,533910.963743208,575640358.7043141,17459032.151648328,0.6761376385355387,3568.824077064765,33.58444376750111,0.15568689093350443,11.346480091829658,0.24853891650138935,0.0
212,9643.059110397207,1410.1119770804205,2233391.675865507,51373.77033918812,0.6669541474260415,3938.2708629664603,1.5279265078301054,0.15866358786141044,10.949450312792157,0.3211123856166405,0.0
213,5202362.360944776,706003.5146892482,351966635.5336372,20445186.178278428,0.7156268892620903,3872.0780768502573,19.37737462974083,0.11535250412026166,8.083309168672658,0.21463117045094918,0.0
214,15521705.797814226,1129390.3403583416,3502158808.109984,92821997.98530096,0.5651782780808967,3811.4803392134836,40.991891633376184,1.4912008169424216,31.666893547839912,0.29334733977235555,0.0
215,13331.457315349975,1429.176077033792,3286667.96255614,74044.5878306964,0.6655431473877099,3611.1478109972672,1.2417767511812638,0.10678707858841197,7.4093289035767285,0.419268102430664,0.0
216,7208144.8236883655,1146834.4623907886,339492065.08149296,25165562.202955477,0.6623864708114872,3576.0393308804955,6.340484417307559,0.08452966629734923,6.133294007635689,0.16154523219064137,0.0
217,5268.75238420795,1075.4676064332903,1664368.7536461882,29500.01652847291,0.6439962885657989,3444.6884417280453,0.9773040861537253,0.0948953492178708,6.359292918053124,0.34935838871587765,0.0
218,26083000.126702603,6677466.354394661,502128832.6460201,65733097.87900092,0.7075744463709756,3570.4984650503156,15.261173947098431,0.09903227179399092,7.24738300696356,0.16723784680079917,0.0
219,8118463.87017182,3485602.3408360803,414556513.1563514,25227439.472164907,0.6773332641758666,3951.163684117483,4.324072553299956,0.11622336041166088,7.776528571472459,0.25530968479441446,0.0
220,12516878.793948103,992786.3246905807,2065221566.3255296,68330960.53238158,0.7553433118508632,3732.4992258538987,35.12488050526972,0.03696586688966956,2.874932623027662,0.18274314553053445,0.0
221,20670767.570971772,2338425.349441418,3726433436.1450324,108699434.17996442,0.5376198768534791,2839.4020052553287,193.7161895033872,1.4745955150222063,30.614797750293206,0.2797531928461838,0.0
222,2946.8691072347797,422.9071972376996,1169412.045136087,18712.969464115617,0.684768768586882,3489.2114132301867,1.0195740255330308,0.11751372124790853,8.625805393874952,0.06483906958685899,0.0
223,64877447.199620925,7816782.076615153,5792728634.593102,281174861.21665204,0.6912669634854894,3470.975188275496,8.804526719256343,0.14936606328438568,10.984807435111863,0.2317927312055548,0.0
224,19998.720617161198,5543.075537258528,1612135.3045428249,64658.25889392804,0.7272008161245962,3472.4833080020576,1.3857424232518964,0.24376675197380085,16.939412245417387,0.27614857099924683,0.0
225,9274.102342025955,797.3529129618214,3297308.4312809184,59917.42081249879,0.6612541965012444,3649.0974288806465,0.6954352464403478,0.11955351517469089,7.837555392480167,0.25837739415547195,0.0
226,56903.49932752924,22257.68990782665,3228257.082825147,166361.18707985626,0.6774463621670335,3677.045108583671,2.3307219465621323,0.05173276773127515,3.942504579058654,0.269913804511535,0.0
227,15897500.32416817,2687235.475611081,1194248965.9415214,61371566.964152336,0.759148147339103,2946.757261542907,186.1356832787872,0.11861645544059671,8.660483000065161,0.13002020054415606,0.0
228,5948995.878858253,550202.9540273343,1086403980.3837557,32738307.36379649,0.4642247991403054,2932.8898446361463,12.634046887697993,2.1481273008023294,41.2253917224923,0.220811060616892,0.0
229,15447216.944539726,1301056.3203622063,2700366746.481568,84791703.93386018,0.5745907306109709,3341.6751651651844,129.5667882856965,1.514501196348795,33.45702407658556,0.08573427084418599,0.0
230,14032.995353349233,3782.8906810536746,2730996.97667558,62586.23886780301,0.6392119971204504,3477.869869357039,2.7177856220564065,0.0697954278778643,5.079695015921224,0.33134805053849486,0.0
231,5171875.345800855,634889.9275582241,522950111.3589401,23056373.42327649,0.6458923172041481,3755.000945126195,3.9678894611040434,0.1738235612021537,12.258272524025793,0.26862617418326085,0.0
232,8363.978717509677,1882.5387434123882,2015214.3205623045,41288.92879213622,0.6927066365967331,3724.9125072705156,1.3814682198435728,0.09706923777379464,7.0515805711467765,0.30454672926248055,0.0
233,87362052.04727599,10073793.440265829,9636519850.111858,392636854.5102837,0.7702195526474747,2818.4419947385404,446.03029360465575,0.120528074748976,8.394662719248746,0.2839188656174146,0.0
234,98958158.90398568,13220877.599057296,7460133613.348692,401060811.6382407,0.6529782558922187,3635.5109303762274,7.480695754241929,0.10295809243535325,7.242768891912047,0.1606700735579809,0.0
235,1748720.9044544145,289223.60908051085,73048984.15455015,5862690.260193517,0.6815409697096252,3906.44779535137,6.147196422690341,0.16279115997129825,10.754037326925225,0.5163825324788588,0.0
236,181417740.07189485,26936903.64897267,11082751604.151958,671277343.0507038,0.6275867037759776,2958.540201863474,235.8420864907232,0.7754005871574432,18.215815941092536,0.24467979179488708,0.0
237,14508655.123186726,1009226.2205250815,3726436820.7287397,90464501.61131632,0.5016841992052458,3149.1206388047585,35.94362361215674,1.467976613795211,30.277894812183405,0.35752851240593414,0.0
238,12287.492029836054,2102.245742286686,2926840.292899017,64258.300737667945,0.6437288128637206,3592.5370319816398,1.4756535633702907,0.0226793846641276,1.603431790291951,0.2934097543904799,0.0
239,13400492.516852854,1556180.347078341,1994393178.6779377,66166468.76518582,0.5973958097469105,3950.2398759306343,1.786900310665363,0.07147672933641021,4.875201332780627,0.2826685200719621,0.0
240,18143050.8027929,3228015.3321253173,1293714572.1052222,69875985.70070983,0.6447600742292308,3582.1035008081044,7.166930438062658,0.11194510763350136,8.0421321853626,0.18042901285182544,0.0
241,59428109.01459944,10019574.594924506,3454451820.645827,214471804.70594323,0.7661295555805749,3176.973207765706,138.04704451441418,0.10108872139257459,7.4300452605422675,0.22765706851677933,0.0
242,11759.389945222576,8415.95211552436,1175859.6842647584,30520.15689710748,0.7002097134709997,3467.3881406536566,1.4117883132677893,0.1026794360367198,7.3753395269072515,0.5127821080642604,0.0
243,4892.591380331546,579.1488933181233,1593789.1131984878,29456.490723117906,0.6223197306146986,3768.3515598555323,0.8714758365494749,0.08167514988073865,5.13572027406898,0.25275617831250596,0.0
244,11791.436172810578,1640.2365901206401,3087814.836878398,65194.22825508865,0.7254536519914883,3536.798907197644,1.6424180978715799,0.07496213864830796,5.657621390847183,0.3264176392613243,0.0
245,231929986.14808598,54097522.194758296,21967782368.524876,919079586.8719174,0.7305260841251505,3370.5632643335657,22.42045292180515,0.07343655114666996,5.166937610329979,0.16221411937282346,0.0
246,3269604.376056378,404508.35197205894,353173853.6547287,14936842.927474355,0.5817671731315454,3972.6835814894157,3.498977630997579,0.741510966498077,15.511618220591595,0.16269213933077847,0.0
247,32176415.75199326,3528151.4351023147,4731618140.399208,157056789.7416026,0.7009964230946331,3481.490344338551,24.371811640465456,0.03482955279377942,2.531377924316355,0.283604858938436,0.0
248,34017440.01784961,10174918.042026786,473174378.7824888,77149605.06083529,0.7316026628689578,3512.3544967609023,14.00468158655163,0.11717786706180595,8.395207577418212,0.2513712108927755,0.0
249,31811404.415351618,9081870.39266963,1166098990.352854,93243399.88578637,0.7023958163513301,3601.0226726654437,6.644501032767994,0.15433048715978542,10.896123051952829,0.11582957075593185,0.0
250,36566229.422208846,8055028.856273031,2527073585.63548,125990157.16419692,0.7506991582032881,3210.599502543796,66.28092500457305,0.1299519576174677,9.416573930684729,0.27678757698738726,0.0
251,1049.0289915249264,136.50745820058327,456893.4374497519,6983.573197118499,0.07347249568425242,3865.4686953904907,0.5921738484052013,4.743142142911976,76.67816179956588,0.26118813067011115,0.0
252,6945.1587308473245,4029.1379180328927,1234449.0022676536,25818.278978291153,0.6800480118572718,3649.2330593421066,1.144998817961142,0.1805250949886225,11.738251731977067,0.23315270126963816,0.0
253,2572225.552908044,396851.52362193196,359086444.7463809,11911282.542339643,0.6910304279830395,4249.963204487121,2.560513021900473,0.10588795957275102,6.977502616403631,0.1745284061191511,0.0
254,8481499.983467005,2227441.664757268,133282672.35330376,20870027.069789983,0.6773350219695462,3614.288634326068,4.714988252748679,0.7672546976474675,17.595192089329892,0.07159717383295638,0.0
255,285093.14023043157,60208.55986151318,17311527.756795086,981509.5327780014,0.26396219159008344,4310.586651216065,2.8960625353386917,4.10892569206758,68.57118092896488,0.20951573296355377,0.0
256,437238.9733796654,63017.08315861281,41663493.029513076,1823372.6915372969,0.7235219077902115,3985.185153529931,4.722855157399105,0.10095044697298308,7.119506094625533,0.24943783383569534,0.0
257,302719819.87012374,81885268.06657565,14997790223.681265,904334335.9639769,0.6637658436115392,3366.3258180864914,41.58868379404277,0.0826175472209277,6.031093327680206,0.21285686524438455,0.0
258,5757353.760711743,755616.5331381678,1512598195.105617,33724165.76382892,0.7607262094654795,2910.046316660294,71.99183415389065,0.20106386500518286,14.524287227995462,0.4103403288876446,0.0
259,28367565.608874314,7653822.418199991,1136240790.6338773,88484699.67082797,0.7119279875398713,3545.0130455625167,8.391277029545057,0.11533948665409426,8.472120292118442,0.24716059493034323,0.0
260,452125.20435413654,38762.27845350998,90060455.22817299,2549997.3551832107,0.6496998634914357,3941.9579147231193,2.5947280598608127,0.12819335091632472,8.312112769645784,0.25982823378267317,0.0
261,45561.17413494616,19204.78755723294,4914113.333578371,160214.30274300542,0.7229765004670284,3922.4712031177487,1.2843836348019804,0.1717204405403848,12.465229073111512,0.12445544312430074,0.0
262,12228.980783391627,2870.404907122594,1652674.632151778,47626.78445324725,0.6708646935138363,3869.946251943656,0.9400565405666956,0.11004972415756527,7.752130215962332,0.2961945076522571,0.0
263,5023082.44282487,942899.7606256943,854242818.9508407,25354509.836809892,0.7393972635570765,2772.586351527084,77.24343147017727,0.17145664760341042,12.109417386686697,0.2712801136467132,0.0
264,24847.316961247172,3680.280089036947,5597277.1495129075,128749.6488383743,0.6781985373887114,3433.8567353429844,2.0074351216134794,0.10974806238613741,7.607167469268596,0.4245490290645995,0.0
265,9923330.094601812,979047.491484244,1476584266.5499322,50834002.51210804,0.6810974502884499,3577.803868134031,39.31738712000851,0.18777682153311198,13.532181207351659,0.0637212261192864,0.0
266,39977.80425021669,13180.95998756983,6373938.411542189,175847.13129695904,0.7616978531369888,3998.138044753544,1.592877189154772,0.04199486676097504,3.068900299448147,0.261610232691928,0.0
267,24661.965825757692,13102.232418609488,1639989.3267683226,61802.20380359376,0.6488256711835677,3403.125431714593,1.1109295265249826,0.09618182977336298,6.587673377046512,0.4152083871376963,0.0
268,9930625.481964871,702044.1034412739,2628453198.9681044,62199138.050110504,0.6674223050512816,3339.068006272022,12.39071286620614,0.12180176832558454,8.915219167398444,0.30525173208636497,0.0
269,57770751.34767588,12566901.814148922,3362250322.087782,193798617.29361945,0.6113803661510804,3724.5763021629386,6.168948356617888,0.1660469639799457,11.786834047117328,0.16943555840038443,0.0
270,3144.7496465666736,273.931320188594,1267849.39542646,20858.135491401343,0.5905921847112794,3936.8743957595857,0.5191519650646901,0.742160134076355,15.389897232656907,0.4217783884394267,0.0
271,9598.404351832967,1830.5283193074447,1651701.7050181548,43131.233913223936,0.6304517823498244,3527.4805130775476,0.6794944927041299,0.04868482756222683,3.435305055946131,0.34799325274119014,0.0
272,12682.964769753937,10416.071521581294,1070580.2454074235,29670.676983580237,0.6475727373875129,3422.301976968212,0.9606790876151272,0.066766760227907,4.719492948157755,0.6096918995689828,0.0
273,28419212.739634644,4398694.861878261,3304111539.82827,121865466.54777332,0.7516237207787455,3046.268745118934,170.51157517044405,0.0992209703630718,7.377049549461224,0.24406900004828083,0.0
274,1217806.639295192,176914.211876725,160387017.24223727,5742989.401463284,0.7209197217214675,3006.172307341888,14.358743416671013,0.15474115150960302,11.187853626754215,0.19771929894841989,0.0
275,5777775.831350988,514136.8792089874,970453310.3117424,30778970.70667609,0.3344960339469804,3439.242883943777,4.677242250290655,3.4684947844639473,60.45835459225917,0.021117094195515062,0.0
276,22541.906933466613,5325.707258920186,3539012.129487713,97861.7628480957,0.6598509929982577,3750.726773480322,2.5711642389701335,0.0973298248499371,6.9311759996721305,0.586665266839383,0.0
277,16497218.952597901,1111079.916292218,4722436584.33363,106790251.34371445,0.6605555162821446,3135.5293177143776,59.26140061193314,0.17245244548595523,12.381071896741302,0.2803867463675661,0.0
278,6797.286844942528,2538.019341401134,1298199.0420356006,28316.83245606281,0.6992354633360204,3419.8856369418486,1.4395235902094397,0.08563245486523278,6.1551188324553525,0.4703758185546313,0.0
279,51518712.13504936,15773396.257257592,1636935537.7668948,146894193.0534603,0.47299583254885463,3647.247857393403,4.694261030498133,1.411430710802779,25.915245871203687,0.27940165761923286,0.0
280,20061229.047016807,10152534.50346905,434286950.74169844,42023070.17872557,0.6888335375299444,3177.418763003687,13.697547936320749,0.08541248401303747,6.417182000205409,0.1584544289240257,0.0
281,4641155.891403748,1186374.206692879,156444167.01996464,13507909.102872733,0.6413056091252397,3927.8552725777913,5.071646564021273,0.7426695394829093,15.710925520923979,0.13366669064195721,0.0
282,103621.31468924011,31530.994151959352,5116387.602106085,290391.0130499346,0.7002852687056418,3441.1156123161845,5.449253750831414,0.15177924592745623,10.253126081163618,0.14107164723242233,0.0
283,5492546.99954561,1187971.7520475895,320343168.6604604,19405283.053604033,0.7421361759712518,3434.863673156917,6.793871961338494,0.1339295737982969,9.997692200949093,0.16876116676993647,0.0
284,14455755.389223432,6452161.234835252,584889726.4323618,39574404.41931927,0.6262011012950246,3621.2709093051726,3.627301784169628,0.09580814109740787,6.682877066880577,0.3271134907564156,0.0
285,10287.719933195178,3551.0711440375308,1771223.9552566935,42882.771887662086,0.6288299752850299,3349.0448505701743,1.2115530045949128,0.11816403307716579,7.809459968312612,0.24623745301372602,0.0
286,25673850.4730362,5013606.130940624,704354245.4268613,76643000.99288543,0.7310753274170847,3630.500109536889,36.85407737263696,0.08556036659002082,6.209176703556132,0.08789998788908308,0.0
287,11683.710580273968,2540.676124519552,2689942.9670773125,58325.53395068981,0.7221179379348416,3473.060582851168,1.8314732470008295,0.04597258995196105,3.286689552513137,0.41101110242008304,0.0
288,6494326.330742485,1063338.5457133998,383681201.9541874,24244317.568708174,0.699429489936116,3290.4486466997696,8.320289305565852,0.12960420502111392,9.539970525670299,0.09831941471192857,0.0
289,20945388.712631267,2676734.4457713105,1874887559.3853314,90108453.02957061,0.6545971588657801,3679.0962018782197,9.073826905357972,0.07518630869605189,5.289019401775969,0.171329987443865,0.0
290,55621643.6009179,4946770.416329017,7106157569.09051,279899959.86177963,0.6633531328798307,3867.9957843584602,12.342871787400453,0.7631657911550468,16.91371536703456,0.17470907168982225,0.0
291,9717758.783499662,1409018.8327629503,903282796.4236536,40249413.448781624,0.6489342499674413,4141.0780389551965,6.963718927337598,0.2086936234127868,13.86299072136598,0.41215783973221826,0.0
292,41141861.61840049,6844509.73249997,2101835980.2366765,147080257.4018672,0.7093699214926754,3660.447231133918,9.542367705326237,0.0973124925960163,6.852212611862218,0.2434778761513071,0.0
293,190430974.6144515,27428746.00968792,13902557391.209799,758094341.1626526,0.4329589549498444,3873.086500148568,5.944015636124949,1.4732590570330235,29.55142636513194,0.13510326123032176,0.0
294,28528524.701833546,8735336.981942495,776946437.906551,72773436.93308777,0.6558424085940129,3582.0346691606223,8.703130286721336,0.0947655045298192,6.692399910677681,0.12815245592676153,0.0
295,22877247.22167108,2948611.2325748643,1488413110.2726567,91161151.10628843,0.7803368582302644,3546.9396790520004,15.632379083300112,0.2711733969763185,19.503406290466074,0.08942809602264296,0.0
296,5501.367853409097,1316.232862906145,1623555.034263974,29736.103999855208,0.6395096312976879,3564.889768653218,1.0168334958721585,0.07967532692020392,5.880653339551583,0.3968536880049996,0.0
297,10751490.061440637,1177061.8986420464,1953857964.1662707,57915911.80619644,0.3737667608630315,3926.433250510114,28.859336184806327,3.542649671854035,65.45886571683684,0.3254426488944984,0.0
298,126805922.39297879,15274011.972518617,12856587250.06087,571626300.8059638,0.641813723547449,3997.475496125414,133.52435898764568,0.1663277376858625,11.522773454197859,0.13227418075332056,0.0
299,19711625.06336511,1887143.3462306694,3322449569.48415,105072630.45488277,0.7235052627349752,2955.1881447202645,71.09862971373143,0.14708723309052668,10.357398273731016,0.21112631048979327,0.0
300,20916197.487139348,6856797.976154521,623622903.0894932,57639687.2838771,0.7326264599847288,3573.304423902405,8.35437569612713,0.12435641732620031,8.80313472524433,0.0604021287045811,0.0
301,22984757.34076466,5276962.081742304,706853203.9094852,66068743.907777965,0.7016786375596185,3412.2947538773615,18.933930763257713,0.15726368058259171,11.256977644339539,0.275611961108581,0.0
302,523572.94992926717,166992.23444772587,40832565.158186935,1864829.3528373484,0.6099754388395034,3820.0110864067665,3.034695114951194,0.10894369875743788,7.484728943343519,0.5154791459552888,0.0
303,198922354.55786404,32564704.93394903,8713983342.96343,683120964.7442577,0.7620386586260041,3570.217921429141,36.383757008698026,0.13028090688835983,9.600691435469432,0.18395382453648257,0.0
304,1930.5904823379074,240.82859305915363,859583.1620496493,12774.596831407942,0.6610132903684152,4101.554865919858,0.5831088094048577,0.11030860874207668,7.866885512424946,0.2557419445631967,0.0
305,23180119.47096,4938950.516214339,1000527026.6360795,75689283.32976982,0.7237810299325108,3640.823053953845,9.78943765285215,0.13389219036616273,9.465665161258306,0.11133422083702042,0.0
306,8777.016102255779,3629.451695962717,1254709.8220906383,31868.93829736781,0.4966820637321831,3470.722700705533,1.7272834023266066,1.4615715758548198,29.79303683669766,0.2371710089163292,0.0
307,525150880.25397027,78343852.76786022,52597081981.14954,2316049965.2082815,0.6516836582493496,3560.543247138451,53.2040974498287,0.15077083289587295,10.691879461587089,0.12252968687991336,0.0
308,4038553.873089023,1288322.7180576343,261662898.76017386,13729808.651111517,0.6308804645804598,3416.7828051745673,4.602786166356992,0.16557306293284882,11.25134133972566,0.4432113123222474,0.0
309,16477009.21127651,1484605.4469726444,3851633151.684732,96678900.38941053,0.7615868154779153,2546.774065261151,215.27695689344733,0.13370389762979276,9.714968091864613,0.30159438832326485,0.0
310,27460992.646176465,4937028.312704708,1554564310.4619772,98981562.03780413,0.6694608026186739,3679.0021564619374,6.594760315287177,0.11426380727978688,7.816250088483008,0.17783076651066881,0.0
311,12062.841987669735,3759.620073330358,2111665.0281836507,50015.68763073598,0.6280931387606986,3457.8909575688244,1.4484692230424583,0.07086389414202392,5.0991821535613315,0.3897621389845983,0.0
312,2424.527933293265,570.3054821629727,596258.1063354176,11998.518865497459,0.2778129786722506,3815.6763435456937,0.7575717772602775,4.104645920659357,68.08976739674893,0.2549254235738355,0.0
313,55659.194735053534,7099.981213791545,9728715.496544883,277607.30032875115,0.7241607776228981,4141.563200009715,4.19410969671969,0.08495361270030725,5.741805433681589,0.17904584407719631,0.0
314,7004765.805348816,737863.5838048232,781423592.2982686,33029608.661314093,0.8024014850942889,2991.9532630392987,61.265169789364975,0.10489832437342539,7.680848598167988,0.1432227197669832,0.0
315,9674508.051016066,1327361.5240539676,1046406857.42254,42987173.42458111,0.6638423681062597,3858.8338369710777,3.7004715184126655,0.08759856460691084,6.276898206625837,0.32695772326316813,0.0
316,2045066.7473143223,117335.7245464595,845369295.1953722,14807298.452429831,0.490112792669256,3754.4221339726173,6.0267081187682985,1.4441157510768008,28.408717423040933,0.06918371201830123,0.0
317,17065.489826249563,5345.151450484191,1765128.1660634305,55855.40474325878,0.6964691727255388,3624.9138273090757,2.1364274198401576,0.11193711463179686,7.697906043821854,0.06311271337083585,0.0
318,7859399.282062395,704322.094526966,1139978723.914629,40653545.129753634,0.7447453591653928,3484.7702261021213,10.832008501981457,0.7787181022049524,18.3724417512202,0.19965879336806414,0.0
319,1180692840.8183966,311969946.25036633,30107389926.26983,3193383638.224093,0.6566590179865401,1396.0970586779767,8.642998365555558,0.7092494173970912,13.23181797369973,0.027620413092382994,0.0
320,12316617.225487888,1442612.8004041547,1908477526.2468536,62126298.62184713,0.6360037981279889,3787.3127200262707,3.427976227731235,0.07955561497742787,5.505813751521389,0.23379948932585204,0.0
321,9984.30081815806,1903.947719140479,2765148.895410575,54965.93278937995,0.7101573086993113,3751.9352533943347,1.2135278206438458,0.08313791204202126,5.701386445578045,0.2869812777807927,0.0
322,83358394.73116888,30573925.413300164,4329756986.577456,249544640.24183202,0.7442568184474696,3746.0015456737206,9.153006000548498,0.10634594376175732,7.527607221672207,0.08644863496131075,0.0
323,70777772.63960305,6440599.765555995,11717829618.71674,377165012.16673934,0.35861038586128446,4026.054132206286,8.220190251371669,1.4786895888081895,30.94878469910082,0.21689161776725857,0.0
324,440327871.6432878,119247673.55494884,11986430029.093317,1225813089.4689796,0.6709770932180996,1418.0409273964692,6.665900440443873,0.10532064834896424,6.976346944484966,0.0641861479659028,0.0
325,2443.0558634984973,616.821085640263,641197.3604001966,12439.780566237814,0.07816269625172118,3640.297299191818,1.1161843920830898,5.495141639980021,92.91847000894172,0.44132243149175093,0.0
326,31829002.09525723,10492375.818675842,588015526.819083,75461118.32908975,0.4512720944671451,3708.0589586141678,3.922044147593224,1.4802878776645862,30.934049390263624,0.051741563506975764,0.0
327,463750.19251666096,36837.27367144637,140967240.78274953,2975225.171205704,0.5400976090867284,3459.7338015000823,4.126879838312932,1.490294533695241,31.46433541854451,0.26139947931528645,0.0
328,1711470.9312651376,329174.7138543501,79807553.68767484,5664810.576233995,0.7022048143777923,3851.6871019525597,6.064424010216933,0.7240792271789077,14.33343000073838,0.11926122268022031,0.0
329,2824571.87951543,1152037.0482784323,21386521.742288314,5177807.795457146,0.7093147166857168,3535.3270189886343,4.8095668781154,0.1124521157235125,8.241327417237441,0.25184066570085467,0.0
330,6648.910685983542,1385.7037881411381,1679402.286881669,34030.95424138902,0.6857958314635499,3472.5399426023114,1.2380774580930642,0.1194696377730903,8.723367204682457,0.04384185984408276,0.0
331,7019.112954853079,2745.267730066703,1501472.7763764092,30964.189713653333,0.6685946077879541,3520.2297003027743,1.1839782515328772,0.08400494932763278,6.1925016664002595,0.32780169353513144,0.0
332,15329649.393318659,1445826.876621372,2408192235.7741613,79797170.8832521,0.6751340841915138,3603.0816556604887,60.63802492693859,0.8218519656728885,20.98651793334232,0.27720509541291255,0.0
333,1035273235.7237108,230803654.26342598,22962019079.44902,2843251580.3140574,0.33420407824839804,1163.0892644549858,117.5610815051878,2.216996929850492,45.78113485068745,0.2886193608884531,0.0
334,8800890.491293207,551316.8271925545,2873407880.7980704,59478424.426769696,0.7903038773613872,3395.2755427426814,5.989827452664201,0.13487395340194527,9.932109138544858,0.34870388487873377,0.0
335,2978.4364464172418,382.745704563265,1014058.3694264262,17902.15422621864,0.6060318610889529,3404.9495458282217,0.4407460674816467,0.02817337549744172,1.8047476977977113,0.46894517959985743,0.0
336,1693899.3411939263,281634.60921374406,83531600.56485203,5929538.080783305,0.6949364883991697,3418.3701231704113,3.726074166846541,0.15319886144406647,11.323951863958602,0.12811384833247216,0.0
337,13970544.234614123,1910503.203486075,1420733647.1656716,61030403.35423316,0.6844389406100764,4001.2212351733197,11.737087770788188,0.13444645720501444,9.747775350364503,0.26909119075513904,0.0
338,729613.0098537977,179180.6497139664,29011567.291407477,2295010.4820341924,0.5942560870418838,3577.483343067106,2.5921530369236514,0.15168435545513814,11.129982542850488,0.27056251732494085,0.0
339,25905.24676730687,3225.5838440753755,7016362.634191687,149768.902402145,0.7451375747179093,3603.985778384511,3.1278953860974363,0.14415352111565846,9.963082842367092,0.3708000643443346,0.0
340,274123774.21119624,44325995.68458174,34579137843.531876,1230419745.3190541,0.6502104882275266,3665.2918568203318,7.087102870840089,0.11347591595962578,8.223529039744939,0.24208434543445018,0.0
341,39766.66250781405,13302.483777183219,5776593.918519735,161069.9479821085,0.6706930157204869,3642.6271605818865,1.798514235656236,0.09410121282783317,6.839853705509095,0.4393928447838003,0.0
342,2632387.0159350475,633800.6062268242,666242423.6618768,13795790.219796088,0.6886962325684534,3424.706464342248,16.286275120840287,0.1758600967151204,12.675023236606144,0.45818715822442047,0.0
343,48515845.706390135,5740237.64520182,8029930644.406186,247885608.6303702,0.6306362956429651,4058.484045318801,4.537799145627104,0.0951028401454086,7.061674147977508,0.21167101119251958,0.0
344,109582546.42984375,15729862.679041836,14368036394.789387,508222072.48077804,0.6094396389340787,3658.900935325678,1.1908874820959954,0.02961569355402549,1.9791582192290549,0.09344210792736435,0.0
345,88961872.59237164,43403942.873239815,642694192.1155027,151558351.63937432,0.7278101362029786,2957.6372631566924,39.704496686808554,0.194726539535022,14.351764244459124,0.27334474522260105,0.0
346,5931.004901576083,1983.1378397176518,1237572.5063314135,26241.411318188206,0.6318217866828869,3242.8037905813353,0.4533819583059835,0.006306304464818435,0.43040442900155684,0.39689299880941303,0.0
347,7540.789269927331,1430.5358863259066,2040720.0947292447,41666.555760807394,0.6087795695888097,3754.2062561638213,1.2415778366958719,0.688100250391875,11.60209890920465,0.1025665602869377,0.0
348,10791859.763272282,739676.6151755251,2487069146.1797895,65745256.99708849,0.7165497861502452,3813.8456728901774,9.403796925161155,0.07288246307271047,5.3939768844183105,0.2366219177486777,0.0
349,168645214.76503542,22116439.791982006,13706389025.29839,700373260.4032972,0.6626703890533555,3999.3452210712258,135.20335585045106,0.085337374254925,6.371105084479105,0.01069095504282045,0.0
350,16186961.498859352,2554563.921243485,4053122986.681472,92067215.93357956,0.4941117288648854,2878.010961030532,72.40837046329753,1.5603573832722009,36.488768318953596,0.34811725338079674,0.0
351,6655.732153275142,1499.9083379119643,1329330.7174676196,29569.513067229058,0.673506555433449,3487.9546983949476,0.6617366829935575,0.12977855497701193,9.093058284994713,0.37660685189452686,0.0
352,3577129.8060587146,510508.92414187157,324393523.8142876,15145320.651432222,0.567446473178827,3404.098051032637,130.7924401283449,1.5420974588651635,34.859209615638996,0.31750548313143073,0.0
353,10870005.514414478,619730.6702882639,3731960372.367303,75413581.26601857,0.7094243910788085,3410.491454421976,13.135204294412045,0.0751829817920017,5.2031312862801995,0.2651511660991683,0.0
354,172387779.1733063,11429578.722817957,39286973089.11348,1052843019.0336554,0.06835237968394559,4135.92274069955,20.228983415464832,5.482275337379621,91.66797505918252,0.22808809001990585,0.0
355,21900.66608515109,3407.1269658185192,4208880.366485092,108244.75258091054,0.6710896677916616,3358.2924788022196,1.432549516664053,0.05674900785732815,4.157628236886191,0.29601987582555955,0.0
356,3700.4519178773276,725.8032540441202,1058238.114099343,19626.689444405456,0.5313753873423437,3628.550500225923,1.4961040828090162,1.519605599498521,33.70916700691474,0.3642560322171293,0.0
357,5622804.859403392,728888.8177911009,343257942.14239305,22078127.470176596,0.07307940193860887,3907.8166322070138,5.1386508756545,5.448184071606662,89.20807001362024,0.0788504660210113,0.0
358,14154324.503081664,5104222.011625177,179692334.46315938,30992112.339555435,0.7355700313575402,3495.623239582691,5.166706618205193,0.16275333101672818,11.965309822223261,0.07121425873526956,0.0
359,16521443.914127082,1360560.2994150831,3471357254.0200706,95781980.32356247,0.706203646902292,2870.177432313003,74.60544646371241,0.11364914209855428,7.659762902966884,0.24464313050869507,0.0
360,222741242.02298123,83020782.39794871,3059141860.8263845,471745759.03328484,0.7165572162258703,3003.211884223714,8.786670135821481,0.10306385259868911,7.161615276278644,0.19426970590369028,0.0
361,57428009.431513146,6507498.24751584,4498913153.134859,245373898.18978015,0.652514668120998,3299.4568828808974,18.26058729255266,0.07427391220374888,5.337556530375626,0.2429688250919984,0.0
362,19072940.355836727,2724155.6440440924,1719039219.1859937,79644444.18540257,0.7198920475598903,3472.927983470686,18.783279950782404,0.1879702380058271,12.696320186574166,0.2574343471156887,0.0
363,31189813.536719512,5523577.340866266,1431613185.1475656,107931514.62027767,0.7853789991472284,3306.305457872549,11.368083895401009,0.1330221367227841,9.736555817306934,0.09872092726799485,0.0
364,5361261.41827647,900949.7353171036,210918697.8780315,17961679.95707242,0.10629575601264225,4317.429666891333,3.679733154785616,5.488901104768476,92.56544146653052,0.0465795278066568,0.0
365,294746256.7569568,98297432.23638374,2736582088.393231,613364124.5760231,0.6787135167878676,2800.02773925167,7.928420371007981,0.13954503272040739,9.283657662190922,0.12273118241031315,0.0
366,19980419.37126564,3255787.2961979187,1105372946.4580426,72239014.5685734,0.7181651776966901,3708.823696917468,7.672547603457994,0.1157953354882177,8.378840020612477,0.14742765655113246,0.0
367,11628339.71966004,1288003.9278202157,1793252707.528522,60154267.47645475,0.7459829895292682,3106.0741361506844,95.42519566651028,0.11164200633958048,8.244422673051313,0.13331884304492553,0.0
368,1024222145.5224149,160947449.94524062,60395012607.81321,3802155185.4773684,0.6475979160852235,2301.0707047411106,6.254224882345596,0.11869508890504869,7.958810218694344,0.11050633398497135,0.0
369,468062302.98433286,79853193.17271277,27311055093.998253,1673207707.5597613,0.5826837008491297,3151.1217951864687,5.0944622560761275,0.12466170145636228,8.690220388299522,0.09794984413472016,0.0
370,14930.778535592957,1793.2350385553789,3937830.9495171024,82822.486200885,0.6847303839201329,3935.9693911118948,1.8396128914993894,0.11379937832341458,8.078402701680767,0.29040319147055454,0.0
371,241585.60054813302,40751.18271789223,14051943.435343659,866863.980604576,0.6311427751500087,3760.4161653062033,2.2225167354787407,0.09489630347753568,6.651441857223936,0.07139064734887222,0.0
372,8602291.365098562,554475.4634677916,2758137884.1720514,57623085.90219376,0.6949556907148933,3650.6833424673473,12.98706441682383,0.16569813137183925,12.297126350619335,0.43960911296288246,0.0
373,68436.19698102851,19008.018741774962,2562800.3768500155,186207.5453784057,0.7006245701397985,3546.3539865030257,3.0447510860937514,0.27716079704291374,19.09254919668938,0.13117925061949715,0.0
374,70224433.40497936,6570268.288284054,14688772425.910797,394722321.9105073,0.6749022940409194,3811.031772952965,3.805471510318927,0.09708564354198997,6.9188371182426165,0.09308009137196216,0.0
375,7729687.388807891,1138771.1139351146,872813227.8504734,34087846.74611325,0.6965910846151256,3388.350542182428,8.007458003143334,0.211341914993952,14.281988225585877,0.15840832871157687,0.0
376,10030837.72145466,3122499.747757909,369000616.90588003,29013009.13749168,0.7455413887818965,3984.3165261662216,3.2765332232819904,0.08227882100693415,5.747066560649193,0.14507173759448355,0.0
377,65199841.06059791,11147229.926421557,6442961807.772133,277779161.59166116,0.6962889868199814,3652.036979228441,5.713783549467663,0.11790828848471424,8.49628503585451,0.17780052369531518,0.0
378,5582.2795665597005,952.913478126395,1387098.1875970536,28992.066976114,0.5048807092354476,3841.268197256363,1.6316368670385006,1.6856563970557505,43.53447016424531,0.1806604582844001,0.0
379,22175376.86699276,5519206.173398657,979780318.9038166,67811152.06633158,0.43574741360420355,4224.431335901068,3.1069925520638284,1.6298204673586372,40.16196883956248,0.2521390158043879,0.0
380,592700.7375059166,215792.20940353876,6474963.734574296,1200420.488118798,0.7454254301578994,3101.850015218367,4.2564438462851095,0.12333263361337617,8.983082692520874,0.3341470146121884,0.0
381,29194.8476106984,4628.44935118442,5122668.682786082,136328.12268475074,0.632542323505213,4297.872878607803,2.4819138434051307,0.10886044037968814,7.559009519894739,0.33956164855482557,0.0
382,3649308.522536037,439002.7065456909,276632822.544538,15259849.754880931,0.4659922357552788,3596.4895544750307,8.151312156281685,2.8137011663276814,51.15817104659547,0.07274509777285679,0.0
383,5374100.371127879,694481.4616326948,337551556.35312855,21176930.48245354,0.768755670143944,3685.007181542636,8.736590827273373,0.07033450400250674,4.8029973651193005,0.25484000929879314,0.0
384,5933303.083711345,920528.7284964297,386717982.8206789,22561010.41820851,0.6904282783796596,3647.041763218153,3.920930719659115,0.09552772423717233,6.845947773043845,0.13613334320014892,0.0
385,13465.449873810812,2044.740414376949,5139201.951518487,87458.07830169493,0.7636207116792356,3423.849156250182,1.986223705153305,0.13950387430241484,10.335925371531157,0.40270544359109706,0.0
386,12354.860985538457,3099.1614647412816,3243039.73821206,63163.24336074137,0.6838821508691038,3584.735879105388,1.1333095214285025,0.01664209565563395,1.1220033901832267,0.20219702461900432,0.0
387,21674969.662157826,2638015.0869864104,2596761176.9613485,99154263.55369036,0.7667855282972746,3715.416407088507,119.83852129303166,0.1848967066802519,13.47786568816785,0.1888133863253744,0.0
388,3731790.9071280872,672871.3340868943,402665195.6244854,15548524.195093563,0.6428421882032549,3808.9451135366526,14.158726207187492,0.7735555264253005,17.351301853425745,0.2854733591544394,0.0
389,13622278.860386956,1887102.5325027308,1571547016.272431,61508413.113235936,0.6557346967592337,4147.914090880749,3.347512861508256,0.13525074372697005,8.724780814649218,0.2681477533739926,0.0
390,2707340130.271214,1339979633.0069978,38373114240.7714,5025276048.516386,0.6579595120833936,418.7393330611717,11.824100751251239,0.15940490001093285,11.217414855455598,0.12407041438391866,0.0
391,1441975.8950021942,257100.416699705,102771387.87754731,5412595.4598057,0.6857260182365936,4204.4819045192635,2.824656643819144,0.13309755581937247,9.211413530254248,0.3821339627211891,0.0
392,4208755.078097227,474312.40687313845,551271110.6407031,20136579.110271864,0.6997102135224023,3301.482403594073,6.2872189103484635,0.14645419298209061,10.217924732357046,0.23875830427894035,0.0
393,9870227.630525026,975137.8915696101,1563691788.532333,51318892.22891319,0.6834247066585979,3756.32490878164,12.350390576546957,0.061977657078520744,4.503325563592736,0.278703299425343,0.0
394,74778213.6209065,11136896.260017686,6424664806.2637825,310988221.6633324,0.6488913727037565,3689.266172418129,6.618859865680711,0.09815574493769468,7.0724292511896705,0.07624835655627779,0.0
395,9079888.180091562,1633725.4142603946,309015923.41093224,28920227.68325334,0.7187153107854238,3629.108732054393,6.244831813901174,0.15168302924062357,10.81170530096096,0.2547883794249166,0.0
396,15862975.475422904,1932321.9540566981,1883226397.5241942,71894313.36059897,0.418181993399991,3866.843875277331,23.334661184517962,1.4668602852422545,29.933864051556846,0.2710718318855635,0.0
397,8595370.467561964,768262.7219962153,1108968483.9246829,43220620.70322116,0.7392209714913621,3684.351461694174,11.1957062756899,0.05774747210997786,3.861428322028027,0.19806387695829886,0.0
398,15818755.273121392,2221907.8802419445,1125844741.477902,62651145.207315564,0.7178018432282839,3024.730222247418,12.609519670472762,0.13992277684812793,9.877963931993515,0.2258267829010257,0.0
399,4377.275944942119,1273.8914190301496,1014880.723719849,21068.50153974526,0.6519590525658675,3867.183627809767,0.9373830738508914,0.7709122503947545,17.88667912524495,0.45646935987131154,0.0
400,11670.950068229624,1024.1853920830104,3177087.325993142,69063.75825473669,0.6497439742738321,3825.6094252321805,1.6411346499793187,0.18676081560487923,12.809581444607346,0.18391986814465003,0.0
401,114256503.36236712,33170431.493335206,3812538858.662881,333344434.0109152,0.6971983239679143,3468.8047895669242,10.007294985911235,0.11820661873004808,8.743582970312834,0.19044781955359374,0.0
402,76734.92882760442,9822.048584785818,10739852.916306969,355272.4427297649,0.6807932347906019,3883.5739691217786,3.473251782298331,0.18544452677262385,12.235080940377491,0.17821126501338286,0.0
403,87224878.33889975,74842351.59580721,768617977.5175195,133488329.49835014,0.6857093665788662,3474.5192932816935,5.514395716868857,0.13659255124235603,9.79298389348987,0.11468281840803536,0.0
404,13117.924873193839,1782.5835550508575,3450497.6607647017,71529.8160147471,0.7462356574795256,3896.175699903668,2.1216044295307506,0.06254624091281906,4.213427392280417,0.5253500413422243,0.0
405,106325856.77388142,11425755.882074613,11093924131.814629,483697848.4671563,0.6076143535616073,3393.076335672865,421.3984473204972,0.7931301255607605,19.423383686056724,0.23191946166564487,0.0
406,29734183.42182405,2133116.573659434,6182177233.462103,174593065.61599055,0.5492592583549417,3268.107480085293,180.19649450304792,1.4893168845069698,31.871198341851027,0.354463999158465,0.0
407,15225527.497476052,2137584.16099197,1813035739.9462686,69616748.49591875,0.6497885024419181,4200.705489225235,5.364153353463427,0.7839408244775605,18.255202746019656,0.21675982503659064,0.0
408,56025.49880726063,15964.701301868326,6553470.451255493,226323.43670358678,0.7542932822868277,3459.7158527350934,2.673160143968063,0.13219643112343665,9.046077730770541,0.5006798131624622,0.0
409,1383746.5532888623,326177.296735102,30400385.105788536,3725291.5769720087,0.7635849631874082,3342.6263650305145,6.664402769177981,0.8300068693453108,21.40770367092754,0.1225714685649124,0.0
410,64713.77881290602,18093.289219555416,7997091.309845135,261014.39494594466,0.7392855057542514,3222.6373259057104,6.396253368680955,0.20851433818152482,15.105677443472093,0.24112224235628665,0.0
411,33378343.838490833,5841818.3318100255,2000808757.9859614,123575810.25982742,0.693795268855505,3662.8554522892246,5.988740049173378,0.15623319500245705,10.765643562551386,0.1491312120924722,0.0
412,13760.43751561044,3031.414737683265,2973919.4403516697,65863.52905673232,0.7481230437057228,3522.818253122665,1.5638694215098212,0.028801497370731077,2.0458826924755797,0.35281876758911757,0.0
413,1630.3499505418174,472.32553384095206,577780.1691734528,9385.755889207463,0.26399137253784766,3875.1327120724886,0.8003378979448365,3.5170997132130553,63.559698099993454,0.10237885307861862,0.0
414,19769473.539799046,1429125.7902683874,5570531631.3318405,126281154.95827281,0.831034737855917,3109.4677139648966,71.0201281554651,0.002165853289558406,0.14954502529096914,0.2678816112492052,0.0
415,57462633.90131998,11029098.472040627,3455579278.232484,207770826.13786605,0.7179711970142236,3554.2343314356135,11.181040399663955,0.08780117657884787,6.234791351705695,0.14702387648137571,0.0
416,8904071.690422941,632775.7807525138,2167862654.0657244,54529517.65079476,0.5447899436269118,3390.6662629754883,15.529399123329897,1.6470988854233681,42.60686778287355,0.28225343527203706,0.0
417,28560828.469284497,2987053.6195343537,5046821244.678159,150734076.64745176,0.7000532249296276,3206.4138996575384,134.68612992361693,0.1369254614523264,9.85721115469539,0.23337526736013373,0.0
418,3696325.781022786,499365.18182467215,310546173.18803257,15529706.610686311,0.7501444793561092,3207.5481643214025,14.380376429773994,0.06005238606695533,4.431934467409157,0.24929110895235523,0.0
419,11343393758.107466,4009616795.6679497,105611833665.5232,22900020085.33794,0.7062149941714229,888.6196271099559,31.68087691550649,0.09709794086900825,6.863605589404223,0.026363712983472898,0.0
420,1412439.8401199942,336814.37484369794,46745092.70510384,4028801.975303676,0.665151362444992,3318.7917948346576,6.539435946727486,0.11407497984151789,8.30743622317588,0.4420424752375866,0.0
421,17617.95258352968,15294.70105817384,1133601.6026351985,35400.792180828335,0.6019261119431151,3758.9361217137393,1.1226376511989,0.1123057174516057,7.930380088774174,0.1938937557968826,0.0
422,682561104.5901725,384996918.0097825,8321553500.830744,1166708338.9796717,0.6768319602419288,1556.6693832911487,9.519046012003253,0.10826488236031695,7.079608959325067,0.17935932747823813,0.0
423,3080007.1966576194,416715.62524199474,337516850.4963769,13678318.565968405,0.6395358112520386,3745.492671541212,4.797775118022336,0.12797637327611167,8.833902146745464,0.32235886640691636,0.0
424,371807681.402509,59974310.36141572,35835638927.01677,1570575330.9440105,0.6686314088562545,3762.928898373637,305.679841140694,0.1552183539097176,11.495219514033009,0.11249922415741703,0.0
425,4894.9641705973,1135.6708330090235,1448370.4140800252,26881.934338657466,0.6039563625694242,3521.316737616241,0.8639190171456813,0.7201980562996222,14.056771755540598,0.2922019600547598,0.0
426,40874.21978568363,22089.17819097598,2376942.1369793084,108597.5923270495,0.6709209176842384,3559.53409461476,1.4473301115734665,0.0680744129291904,4.8796958900535135,0.515483023100505,0.0
427,14964913.44486623,1253820.2953567232,2390015323.6599674,80087342.50563535,0.6758025124767588,4163.477908517359,4.112573137673189,0.13383364188430172,8.901335125427554,0.2823223966098801,0.0
428,150082812.50982356,20468085.825492494,15013438997.420511,654874160.4138829,0.7156647155007756,3228.9728466027727,182.71189137071462,0.17944487833823075,12.894694700653925,0.24612005645588603,0.0
429,29675164.54511453,5641488.103406038,2601960744.612814,112555704.26609512,0.7928717110849478,3084.601253080935,657.2601837717928,0.11020771671341327,8.0939827782582,0.28538833039543365,0.0
430,5279.510638602753,3144.930881022716,799785.4268819762,19179.74127931601,0.3690233583066172,3789.4378174144704,1.1405814902700202,2.220296902016007,45.779619298218655,0.44105705246503896,0.0
431,3957226.7133287666,326748.8775069887,637209067.0772302,21365474.4411275,0.37950545314815437,3785.1360394453814,3.635352808407282,3.4257259470534223,57.44632125423874,0.1818536237688563,0.0
432,7460525.022308374,743682.2001951335,934031253.0723608,36621892.41698533,0.6825184629493252,3986.464102746806,26.19333362741639,0.14740339526836532,10.365199238441178,0.06343621589686235,0.0
433,36631005.7406182,9775357.64863277,606664476.0344024,89519301.35410586,0.7343767779318272,4147.120972084901,9.730792599532595,0.08622291560684685,6.274955296065009,0.058298787493148124,0.0
434,4107325.2268850924,488507.9384454323,339316895.56621224,17700519.952437483,0.09361752506282045,3853.2447167854425,14.626797838591507,5.506177960020878,93.73501505192635,0.15786701641905415,0.0
435,130346867.36471584,38390268.84818415,4864302243.575007,350304951.4524642,0.6159265508963927,3635.963608666736,11.659204772222663,0.20733813308228077,13.823930697834289,0.20283743321066772,0.0
436,21180738.210296627,5160403.846965523,1827211694.9314868,79864632.0578344,0.6110497381105164,3711.550690397658,3.1298773807030993,0.1175082987103094,7.676795569984174,0.17462506075567233,0.0
437,24168409.634700887,3274142.288233233,1347297549.1568856,91845047.49877784,0.7043672822982521,3599.5915224696146,5.675177847619182,0.15508139282325956,10.630989914505836,0.08543669375540776,0.0
438,877044.6077217376,304800.1400996877,10127846.840855926,1820513.0233286903,0.7343006163804894,3530.6888148986045,5.710814710897885,0.7438108276958253,15.854734236558533,0.15982274070968314,0.0
439,1208851.5272225528,251285.42506882138,365857054.8878537,7300947.913352581,0.6831958248563448,3455.8253492359677,5.192335288012732,0.20911152511656192,15.136612977238553,0.38779942080750923,0.0
440,7606.912644299888,1311.1551693408237,1578442.0683130103,38620.82069300492,0.09145832485171809,3708.504464575961,1.8666669613862814,5.473048773308203,91.12970006206027,0.6120425519472564,0.0
441,16422936.093120491,1825081.6021257476,3283844789.1617618,88504809.96561608,0.6820648350867955,3181.037310192026,30.536413666411004,0.13838762157282983,9.817886191994074,0.2853590516668443,0.0
442,34930383.04647972,7582440.760916553,3584962024.3328857,143304547.2543463,0.702327041040997,2946.289865682912,150.58832941632264,0.14911697705938912,10.973503460476937,0.32306189518011963,0.0
443,6277.858701576154,1212.3548560243821,1755197.8094379648,34553.7774338684,0.650411904859958,3642.4582042902944,1.2001677069703252,0.7970941455987253,19.31340050261514,0.1340790659903675,0.0
444,23125697.980701417,4621863.135440657,2036815736.1952236,92341860.42038506,0.7211929916264832,3666.7709017791367,4.64227915785682,0.06087202325901817,4.527334022699762,0.1327588676408973,0.0
445,23022.803174225766,4846.954866901857,5497186.847301327,117107.47022872484,0.6647934294234996,3604.5421060351814,0.9943142838973215,0.7743286771950203,17.85124139375896,0.27176509888535033,0.0
446,1242.8452804776123,127.77491517265409,568838.9134269963,8613.049133002647,0.08639185461547486,3910.087626978467,0.7114118922121754,5.47557684288268,91.4413804875455,0.2541947195838883,0.0
447,6984388.576075392,1031512.4868932649,803878510.2903572,31336249.398511063,0.6979193742067704,3940.741989068205,2.6110462411280135,0.1106230144310257,7.308019183759491,0.2130593722281607,0.0
448,41991.09999407146,4970.911602663405,8488636.900266383,224308.1776713213,0.6977539914257597,3893.7179451786747,1.8030775462624629,0.10205077552702094,7.364405777392271,0.15541907826810797,0.0
449,8689649.664201597,2721889.087782902,232903365.15134257,23247376.851775594,0.7396299588564206,3569.7537606122505,6.0413729222062695,0.10365361771175871,7.289457453288408,0.040506645971014575,0.0
450,37068315.708077475,11483555.433431193,555500657.3697946,83415995.86371794,0.45654750174204056,3639.424092279783,37.25189106650788,1.5212004459450894,34.280331464403375,0.23987696878210016,0.0
451,7938043.893633689,636340.1210197794,1392124751.026493,44159938.53051855,0.7318172980337044,3857.920691397068,10.869521294121135,0.04585600165121288,3.2761427249105735,0.19034129775365502,0.0
452,15846.52819276148,4167.95716139013,1892239.9002872154,62203.4486425467,0.6336868365579597,3546.148491164555,1.754369328477014,0.2819289264657834,19.165769374528946,0.38662327111338,0.0
453,3418927.9251186377,461762.15161744563,214941468.05852002,13427539.204095805,0.08402491877879767,4174.694450005992,3.5032585456208434,5.435195659952926,88.19754377787243,0.14945766503559166,0.0
454,9097.24712232815,3179.936680083161,1426475.8183798648,34112.45642994989,0.680360060692202,3489.7781298863347,1.4145603079335483,0.06217480997000413,4.46115017936071,0.28250561751963976,0.0
455,120203.517499721,56276.765932406335,6454732.9857749175,341144.19591370336,0.6624163817233655,3552.5629721981686,1.7216816932015608,0.06213978359140197,4.532203168468717,0.15316381419356276,0.0
456,14527035.624375308,1031248.7496001124,3508181651.856314,88734954.50426614,0.5335449572442951,3511.651878493927,10.195043831892313,1.4883653934596253,31.53762092037054,0.25518124483695076,0.0
457,32825539.56116576,8880941.284330962,2034374465.2398021,115636705.89559123,0.7326313597798794,3708.1791679620674,6.94453338613268,0.09031478690837984,6.526058900332702,0.06599003316294273,0.0
458,6698951.629469262,1516748.2181888325,372326947.3539955,23970578.390202396,0.6587814895039089,4265.64847696148,3.4914692337579885,0.14062658476516648,9.392207969357198,0.12631226668595727,0.0
459,134989013.47974515,32913459.652536906,3147577813.3547926,370187571.09616387,0.7664399950327806,3026.9326629878547,80.39472024859369,0.09042035147213676,6.7679735270378725,0.31597726095170137,0.0
460,11005234.304877188,4790776.750113867,620322889.6142703,33897092.69970394,0.7684265150923885,3864.687244249708,5.753290510041842,0.058593694891754214,4.173474232532762,0.12114215220645033,0.0
461,7268733.991284391,1122082.0653684612,478707338.2540113,28184652.012965698,0.7202053572076945,3813.8084937009153,4.571962457214042,0.18993947382897228,12.631064539877316,0.2012481936642993,0.0
462,13786062.559756625,1492594.8289403715,1330364095.3494134,62665274.52165731,0.11446504468220035,4079.360603147452,4.893815955231642,5.514708836724826,94.00949322268809,0.16377779136527265,0.0
463,7819067.511406174,819436.3661177362,956696491.0703278,37745126.70972513,0.750937011276712,2897.090064078283,69.42110121622308,0.1442910824590508,10.539541925406576,0.16948144270967783,0.0
464,7098271.596465704,999241.969276143,663521475.5069528,30745447.556261312,0.49464693761140016,3573.1633569208284,54.2081011077408,1.5953676291536583,38.94421436899653,0.16190760815961838,0.0
465,12477.847925279091,3077.8208164055723,2101126.7221005494,54503.11505914848,0.651501034212104,3441.5526030732394,1.3627987469800222,0.09009571806768361,6.138180513986593,0.2098521249581842,0.0
466,59550268.29993639,8637197.3646725,4125593031.6352363,236707683.22959274,0.7164584813998643,3267.5800426649876,110.25007264784678,0.155343811171807,11.346043946179165,0.10232173998874432,0.0
467,105950099.44701746,13640882.059006086,12549984771.666464,491403691.73916465,0.6409219679096635,3936.8479557345763,4.675821610203188,0.13974401059400057,9.639969700904736,0.2549522813132525,0.0
468,7016553.90073132,1141826.853487152,623631933.77135,28652793.546691112,0.6633539035430718,3797.83206746569,4.532344750657503,0.16463256039275134,11.48312585489943,0.28034376837098857,0.0
469,33413711.563519966,6277289.764084222,2384452146.4563694,126936652.37094429,0.68138476218521,3885.106349402263,4.0761757182537295,0.06413497567519304,4.680282641144309,0.24712510791440923,0.0
470,43434.84379446195,9143.350735279211,2800340.810016913,142144.76291228933,0.6534992460338755,3811.094070831801,1.8704584068504886,0.17374539357996088,11.924501943458532,0.1812426523329717,0.0
471,3645.054203636804,338.58548123565606,1199076.0302334824,22327.70594024222,0.5898578245611714,3860.331503423646,0.6834677145169463,0.14133030113962564,9.19931661058396,0.19807691974645114,0.0
472,2825.188630487058,563.0380515347023,787418.1912121924,14493.71446934287,0.5017752930612691,3343.046043395868,1.307513833953299,1.5333151753624856,34.63881757978559,0.40364317369708236,0.0
473,21210812.853351932,2842187.4599502767,2113798706.7939556,92705118.97383669,0.6480534874752146,3885.7194371486275,5.925814829388612,0.7643776148161054,17.121011976589294,0.1289386136477351,0.0
474,73855790.44496462,8400594.107351338,7525446102.972702,327844287.96090794,0.5415764010181476,3534.189750046458,108.47176293236942,1.5048471061928226,32.99049582049082,0.2919413313263697,0.0
475,1510838.6167902986,450058.9815304759,74862812.49927288,4561165.080326616,0.7057184268070937,3784.1770596670203,4.5858396470393235,0.17625070787169106,12.372942620850274,0.21454036560309775,0.0
476,30804660.684853323,4214042.693918345,5419886812.504404,152613425.2316139,0.7234993111933796,3202.440147535228,124.75184709507066,0.10224991604142275,7.195825731933544,0.31101986437233214,0.0
477,2061.292745587136,212.06765745368943,902747.4276625197,14294.999358536214,0.591446618579407,3616.3078171328434,0.3674701266716135,0.10854310451382769,6.756574134400116,0.3416850768155098,0.0
478,22148150.745669533,3382464.468986669,4998589415.704549,119380363.52173975,0.725088922364108,3209.666531294037,34.05688824045046,0.084014471881388,6.110525825954265,0.33107500257710376,0.0
479,9392440.577980367,1189520.6267041457,1066210263.5062618,42462339.44572436,0.6182274483284431,3699.5515808628693,5.950767056120912,0.1295176098822636,8.849854618498671,0.07153617793304569,0.0
480,10722222.341254897,641241.2021605399,3484248165.4715104,72890745.66973712,0.7122805949731659,3750.2426933830557,6.511761054465355,0.14733560969350687,10.593035782039797,0.3413243212681434,0.0
481,6350.475505311956,1186.113825130617,1728427.595283312,33990.13743176601,0.6501277958655473,3863.7042429865096,1.2496278594671806,0.7965684985343556,19.221091109944588,0.32829401840966455,0.0
482,26652089.928858053,5243285.022318147,1725910211.6133988,94443466.31659244,0.6899842255094552,3553.171012172157,11.627007309668981,0.1283848019307711,8.676865452420547,0.220397635630792,0.0
483,6701595.212370003,462718.0390639695,1828015735.0127583,42662436.785264,0.6724267931701055,3614.5959679106454,11.59348323466511,0.15077635707101633,11.023759285772687,0.15915079188420486,0.0
484,7125978.233143786,2129148.8048012247,109530283.10950685,16857026.839408644,0.6772090919310886,3517.353703625341,2.8278317635046997,0.06944440157211033,4.89039671833207,0.15397910201802942,0.0
485,16515820.719485778,1288444.6403551302,4159299972.6472373,101587144.50812906,0.7693144439853331,3151.5352522445614,125.89164829241508,0.07632907837974115,5.64475746267423,0.33635907611623195,0.0
486,349573488.5001291,153872624.5863595,5086264410.120991,736827856.5063249,0.7391597134281434,1221.6448564873017,89.55510643734014,0.12014548154299964,8.640726601646966,0.08543279815676337,0.0
487,7410.438251999898,2995.4295751639747,1568104.9575827573,31626.038816764834,0.6269860588827246,3660.7362373160913,0.8699570606488765,0.7619003251397067,16.911444850088667,0.14491903517422985,0.0
488,97676239.91796768,30120720.90812716,7435153925.327265,345037950.24542,0.7370529215839298,3117.744773776723,87.32381267517809,0.15474453509206726,10.782634788796498,0.12382785037551622,0.0
489,2223626.382099921,373963.7013089907,111204129.36205062,7693744.95559144,0.6810827636471295,4092.4530364252028,2.2965039883531326,0.14543089771709675,9.801901087127165,0.13612268954650875,0.0
490,17531993.707075022,3558470.557666836,1562958999.7617657,66185557.89992402,0.13434693388574137,3333.901720619978,105.83243042446198,5.523964220030676,95.10695216483798,0.1646240065798183,0.0
491,239770139.31630248,106566906.64041503,2024427612.38722,432747709.6487392,0.740466969353086,2510.060151305127,15.441844176175838,0.0729726115687436,5.49063633393254,0.08174259472547724,0.0
492,3992766.0209456957,631611.6109811956,258079266.2529758,14893747.601600626,0.6288703205989642,3649.3095883133838,7.232596277657837,0.07935972635643243,5.7856810773916845,0.13905010985734897,0.0
493,756009.5398361391,61770.93114081763,134678459.18025684,4136158.1319640763,0.5266606865541885,4219.603019557558,7.447739789691254,1.5276928189684367,34.508061825235046,0.1976434212417323,0.0
494,344396.61483200727,124564.4861025573,36166808.2349984,1422760.1763331175,0.6466020394098652,3667.9436446271934,3.472045035989313,0.12457653513345912,8.518101654512519,0.2050873619116717,0.0
495,61953010.73087232,11632300.834811665,2426584895.1726713,202318617.30858544,0.7394541498359811,3624.558403660854,8.166639806243241,0.14136357064991892,10.206520707770963,0.09751144337873545,0.0
496,188427455.0678001,24041691.918048628,20817150397.920876,857617987.2533007,0.6847595077681903,3759.193768965831,11.860460491851287,0.188663260059824,12.903911633767944,0.18541219635174086,0.0
497,75923.68190549221,19817.925256593695,3441280.9003094262,218963.70330185018,0.7201098480035188,3354.3187287330325,2.0419404378412165,0.03391277378020545,2.320065233620464,0.40389126709141876,0.0
498,20658.45760315486,11070.367581360902,2110294.1315831104,63164.85385373046,0.6768869138080195,3440.252537312916,2.098618081524145,0.11166838779744168,8.166519118932275,0.19349152276202056,0.0
499,3795.413287495857,815.0423735894065,1015085.5159820843,19046.346021886613,0.6353524325649291,3733.4486651347183,0.4686584273526937,0.7305085760325601,14.338643096356384,0.36050309530653685,0.0
500,33871897.11832534,4133926.3266150206,2893249526.6250443,144090304.87241513,0.7241411129618226,3644.4374435158843,176.52615817130695,0.13682059483621867,9.977287027825838,0.2522932959517596,0.0
501,297636.07987707254,168821.8446074869,3456987.767718227,471898.824959363,0.7378153102708037,3750.203262908699,3.901746556650528,0.1184883000073862,8.463755721387516,0.1635379201375229,0.0
502,50555525.97447917,5789826.933380505,9848374079.272985,266008023.3429257,0.7641274347251599,2966.588257589722,468.0504673354908,0.09075245394376666,6.520892903613506,0.0677906113307134,0.0
503,7070.5070705097405,1723.3755394998195,1819520.0587113197,36044.81956485567,0.6372225804272043,3647.425431772525,1.7886136857497619,0.12978840091127947,9.482665885120571,0.5877679767949214,0.0
504,7095838.506228241,2116087.0525111035,671880125.4993839,22722350.73732809,0.6990433455789871,3843.9314536611287,28.17251717167041,0.15899615264225142,11.279369558588519,0.2812752994335466,0.0
505,42029129.087964006,15193904.80952645,799374964.0818932,95951734.98590788,0.5633668953905995,3929.4810829703856,2.4664029632973246,0.1346901935883608,9.176917931357519,0.161945261810994,0.0
506,3087324.527002862,2824306.015900663,34805628.20746579,4440165.039261514,0.7214893544532182,3862.344030854149,10.33548237498601,0.10693967043628323,7.548494031872536,0.5033263293940231,0.0
507,34196.864885132156,13134.375110013421,4053097.291566515,122879.8285126449,0.6367347607675219,4127.233466447942,2.0022334910712263,0.220467339229882,13.637326585648754,0.21032882942497258,0.0
508,50706238.38226675,5149225.268888125,5308378842.799505,237046172.69547576,0.6255886496136168,3515.5430886101785,16.059454405018624,0.06370316834710268,4.671014240928261,0.11382559567898799,0.0
509,4561457.816854229,593186.6209795568,490265948.75954455,20766293.68643883,0.6584455460954639,3480.2747891101008,7.373770817440339,0.12271208707503733,8.692525487216963,0.2412136007304987,0.0
510,62102507.176797286,18423682.646880202,3251312639.761972,193999813.19932672,0.5000381889257107,3563.597580682411,16.212101469204995,1.6474811717511115,41.04980857927071,0.15558566012106653,0.0
511,4220.096983183561,1533.533886038486,1048753.1078306942,19842.185968752186,0.665144625119298,3460.3624059362705,0.9883518226650112,0.12040098186136801,8.197969969251908,0.2698665755284287,0.0
512,2761554.1005032295,344090.480436338,451746483.92459166,13651202.018068627,0.49852293826181804,3529.9839194865617,8.677676504585296,1.4632074663058154,29.807860406338875,0.33977836735552414,0.0
513,4580639.9548202725,766468.474991647,264287678.8191542,16913108.780078314,0.644281315926559,3915.3716131949786,3.2441080591557063,0.08387796886876213,6.086339135847965,0.2936244788354587,0.0
514,3950663.216133325,631823.0387630803,218026812.9883514,14363589.250608038,0.4943190579116338,3821.667489271181,6.055800101393688,1.4756953507141002,30.44345257803576,0.18672026904373926,0.0
515,36113554.864803866,8940611.307873134,2759102918.6082063,137737863.95151043,0.6812508370441077,3585.2516820476285,4.590182629076689,0.07872860256495687,5.64016800276877,0.09104775003039152,0.0
516,4950.873323712947,792.0199562378044,1134566.3911697625,25612.007049939733,0.09412066982530634,3920.254192246584,1.1062192972120732,5.471932037321191,90.94679556611379,0.42828363983578877,0.0
517,45098757.633890614,5864875.9478937,4578023276.22973,198860583.45966044,0.5066960806838787,3390.79619113226,120.76439869855847,1.4870202837310642,31.563831217993776,0.16442430223079205,0.0
518,7091.076552262146,868.6472732850165,2499046.5144839054,44731.02805777139,0.6666752009511441,3955.7672691618172,2.5572158266165137,0.1449227523218238,10.800711115159356,0.06875400916908934,0.0
519,6760419.135914917,862571.7263675679,676840206.6628017,29651946.503926564,0.7680878333752508,3477.222621706404,48.64676346021477,0.1970635422156021,14.050422862266709,0.14567504682758498,0.0
520,1145319.5514605222,76793.61207472418,271214196.6467386,6981953.746612054,0.48668082747963054,3735.1094301686417,5.2988385910418625,1.477057453699946,30.695879247362882,0.28019837366928174,0.0
521,549006.6729826435,52339.89110611573,118861754.9750442,3078537.2793510505,0.6992927371910487,3768.1240119432155,3.819313202616645,0.14334191229849536,9.906886903960899,0.31703771570947614,0.0
522,5749555.052522737,1760932.829489893,158116649.80111304,15479675.67392541,0.46591740290291056,3932.293595408325,2.60084863613072,1.5059640714923328,32.40210647756229,0.31425491756810486,0.0
523,24188684.043178886,3273945.501066529,1406622106.717577,92373013.40635042,0.705337160844346,4116.936797517358,5.471126061533048,0.12655570949806308,9.36279303167898,0.07446254240583453,0.0
524,16352744.413986918,3473645.408699485,543654696.4428284,48236513.91656955,0.6827974835077895,3465.1041803658704,14.92025635086217,0.12532407920491967,8.950320913772421,0.18608801128506353,0.0
525,21529017.953241967,4435827.649899112,2548945708.486708,95484007.56128426,0.717186196782374,2928.018523790084,130.30981386323134,0.07417272993418748,5.61930287483046,0.19931273653610715,0.0
526,26022394.82178213,9834786.236777794,197830345.35374647,49888667.512263566,0.6147899659181978,3384.68720163271,4.5852708543751355,0.1276002947856747,9.226990873369864,0.19515102290226272,0.0
527,6923156.595597483,795627.3038726209,984287415.8903412,34367595.85013191,0.6553471269680564,3995.8108690864397,4.06288419061764,0.6967141109874456,12.22252054512951,0.2651118373401671,0.0
528,5963396.639623517,995948.3371513684,348805315.13885075,21685413.91684346,0.7178116485352279,3422.8167472986547,6.482347672933566,0.09641742111003877,7.013205579405335,0.15784749679205176,0.0
529,333576.9235935468,28463.54085635431,86443061.5948321,2021554.969993102,0.12517799551474534,3404.596870748929,1.7726707072263632,4.124250003260206,69.85765580270865,0.5956398954168114,0.0
530,1244284.1606670117,152040.88060441992,122032367.80415937,5576545.599957951,0.46011789699982125,4161.579359124049,3.195124626936008,1.5661667211894217,37.05525650104582,0.17438217987625296,0.0
531,2800382.396013097,426030.33648164663,312453480.33539975,12040902.883042168,0.702594574057106,3731.3330212734395,14.808690358737167,0.17461843689180984,11.88700756933639,0.2585976726629173,0.0
532,47898006.727360085,9778660.072659256,1811755720.8868873,154974495.76817548,0.7146985116701265,3673.9157566409713,8.096395315820146,0.13175517067704626,9.165735428324254,0.11551150694725446,0.0
533,4615466.217965499,558454.7512968623,390725127.28435683,19820984.222241558,0.7851846275871307,2696.949212434944,37.1214359918584,0.15662498018028445,11.191553568122773,0.09106774651391697,0.0
534,6448194.219762832,1589010.388427262,115376614.44642282,16550042.478821862,0.6854939133921378,3295.119728147386,4.866397392939956,0.15222552786497962,10.771767123321624,0.0669861574984591,0.0
535,7311.273644398711,844.5583979797582,1942063.9077959098,40428.01785786505,0.6955032172706442,3811.5339838992622,1.546482084360058,0.1834084849352055,12.742315459152547,0.520295346436541,0.0
536,15797288.647361327,1878495.8831204053,1532918377.5735867,70576850.09233777,0.7559086653917143,3310.0430670743044,69.76617220484786,0.1938819729150719,12.79561043841303,0.1097325008205618,0.0
537,6035252.92530005,1698372.8153415346,98835814.90417399,14803055.528930644,0.7024179250644172,3395.4616579933354,3.167932817819271,0.11721678499374262,7.834325030425963,0.2585310049633711,0.0
538,104982.7997344201,15187.451616467999,5451526.1143864365,385231.0625756769,0.18459786686451402,4020.8446396988757,1.4017549056062175,3.536342860498826,64.68285209414879,0.19383501377132792,0.0
539,76581.14104706651,31895.362902414898,3293798.7781338217,181847.40322251635,0.6523951452297598,3408.9744682338282,2.2295884831698376,0.05080192038703091,3.6601204505908287,0.18993958664134844,0.0
540,2922.064216647059,387.48606985152736,1097445.5706740108,18262.30641822023,0.6444032837037599,3717.0266330012896,0.8096218639042588,0.7658680212983643,17.23358619027384,0.20886959945842026,0.0
541,12115490.771808384,800641.8668898656,2789856051.039611,74131948.48364617,0.2818904618474759,3860.2559208001153,2.705336643464611,3.5403043055863948,65.53276823883711,0.280203930711567,0.0
542,2562753.7947516404,370705.62490758544,308348030.1715181,11624938.043512244,0.601824880865762,3798.9700838627714,14.539906888322745,0.1908763820152025,13.974011409903648,0.15642651268649257,0.0
543,17005749.859241907,1130856.6181080728,4619514344.386108,107786843.6681015,0.4963571234655687,3637.266066642548,8.922238536185665,1.4222041418664315,26.959042696859218,0.1979131886411698,0.0
544,47892080.27445334,34987520.18966887,1632932300.4576564,108211793.78777762,0.6714428150176742,3595.0063075428393,4.407330782292584,0.1161058088361722,7.661187526134713,0.17387943262939168,0.0
545,5446.951250131455,705.3764393424541,1805877.631946694,32511.891591679283,0.650221033222614,3642.1361073978105,1.1843036467944386,0.05677673173124944,4.21921388713213,0.16677306504225672,0.0
546,64246979.7437075,16040548.001703197,2899277313.3608913,209802228.46024925,0.6907913513256935,3664.072496712365,7.8738119253711645,0.08496876009955408,6.1538810157682615,0.10795387349921587,0.0
547,177572.71600661217,95584.19336745885,5774775.72244941,357746.3896247508,0.6783307600247136,3687.1591983116723,6.455328927174962,0.18977867961721442,13.134315396356522,0.2744172637467957,0.0
548,29888.825134449347,4490.444167438522,4593354.304132404,140720.84964639225,0.7478646114013837,3703.510670608999,2.77109316687399,0.24804921160708399,17.022754138640586,0.13070245627985194,0.0
549,8951.05421918905,1581.0246440017195,2138412.7268060264,45477.961920993424,0.6670102834710046,3722.1326671352745,1.827214915855177,0.1289502112810422,9.026582766538514,0.619876432207811,0.0
550,5171361.874849921,1940271.8456901466,56817479.37833991,10192057.17511909,0.7592735618654313,3834.947306797489,68.78654185710748,0.178232033493625,11.540473310830276,0.18214710392637165,0.0
551,8883120.840446372,614797.9612962138,2478232540.3908596,56557022.69128732,0.6407156083129812,3395.1878763770587,5.374514061781892,0.7871213025651821,18.881437906159135,0.405964754885726,0.0
552,791123.3980540141,81222.11757301129,120275629.32124206,3964079.350887926,0.746965245043845,3547.228192317679,2.771062171875826,0.05121812840852487,3.5617903292952575,0.22998331611510114,0.0
553,623045.0445147961,549434.1385116096,11459683.756247902,1051206.9282779105,0.5649735476902127,4013.8236133599175,2.625003868757868,0.24874118302858247,16.21616636979765,0.26693942500405643,0.0
554,8979167.87521208,642819.3082770563,1868620761.8034637,52821352.38854086,0.5135350796172098,3295.772904133353,19.635272372999932,1.5641874639674194,36.963720243694546,0.3510454821149694,0.0
555,1372.2601101597138,129.90836181518634,755720.5636239636,10216.420679653213,0.6242106036164311,4166.244939214709,0.6090952407120407,0.13626356520144078,10.015670053119358,0.21239907063681868,0.0
556,7530540.435817021,4346913.937977695,26554664.317307334,10896132.591995714,0.6652313400736347,3543.3464475072633,2.284158961369151,0.1521270987566706,11.11687234827185,0.29239205681033137,0.0
557,17597208.393088005,2872290.7594739106,930993051.7749481,61548817.20340985,0.6979896386201314,3444.3775545748567,22.06455055874117,0.12834824347062276,9.331268746561715,0.3224549514787617,0.0
558,5755147.52014193,430742.100112147,1314394976.408329,34563873.79856045,0.6779367560665895,3385.5998732504595,8.978539650554238,0.8150042415923393,20.884767997456464,0.09122998409305084,0.0
559,10196.629457818794,1233.1867091872668,2484870.3272424145,54058.7532422705,0.714625311630386,3932.1797424612037,1.7322495515569525,0.06959751834573442,4.879534100104308,0.20780960888980787,0.0
560,2838255.3671960835,568100.6681245514,299223163.3532194,11875733.940173283,0.6385925789788176,3912.8875634862593,2.6287328990697136,0.13849471959105858,9.531192639259281,0.16245858592980328,0.0
561,14483420.489651904,1312807.638119658,2139985686.129174,75302821.24614188,0.723825393279222,2867.962645572722,58.86723532905974,0.15277541706951894,10.965456975983784,0.5235768706947733,0.0
562,5392621.865928153,892234.6322807139,433063372.46749055,20566752.806398533,0.4952387444003346,4025.1631163365387,7.028797849754424,1.5650137161678541,36.56713864615677,0.4028735322760071,0.0
563,11849111.578333374,2099081.9374390603,387348330.31845444,37622157.88847351,0.5843495150268396,4206.474571757289,4.927688728653744,0.8427802941852086,22.247762039211732,0.11396570562275955,0.0
564,160327611.00225812,11265495.359696705,32935116933.5924,944579826.9931128,0.7035209351190101,4001.0073389145664,18.501745289798208,0.06660956855804168,5.048067449629163,0.20679271432920254,0.0
565,57184.731869758325,7961.605845481567,8448632.212557938,263353.98851817317,0.7427445636857527,3768.5564115956195,3.9634937641959076,0.04949243572886299,3.425542527501527,0.4254077081575684,0.0
566,15981.785497144676,3204.6032219102285,2972522.1153789386,73975.96350480853,0.6854459388771831,3527.282930919857,2.4215419324604217,0.11288342791449058,7.793933991458391,0.24705886736073396,0.0
567,1584644.0418272547,106889.88656506583,424086773.25199485,10003973.103822172,0.5893860215816267,4266.539620825419,4.053248468985358,0.1624925064999096,11.478397109221847,0.3123591848495144,0.0
568,1368947.2457326695,189894.8780870117,137865128.39630765,5920988.957666882,0.7394885296081073,3629.5048090230925,5.144340999436192,0.1494821520045801,10.552873824086333,0.2864790123666597,0.0
569,21720220.994858645,1805260.7410811386,3714445626.8014784,119162173.24639337,0.7526417061914129,3701.5070904235554,11.671452914325943,0.04949611722366702,3.487742809982163,0.11778585245534841,0.0
570,3184737.0641501653,379267.9859607043,337450321.9573675,14441226.291713795,0.5991672473067492,3764.9806524680157,8.282059804096221,0.18317864784971194,13.007871747702518,0.11203259212023722,0.0
571,10861.508222839391,4559.330587682549,1878640.6311439432,42949.40777589148,0.7054733584575941,3530.819362707843,0.91895718083522,0.026190407661385074,1.860787821127262,0.25760676689895123,0.0
572,8512.207352690813,2065.020820419301,2327851.8811956607,45616.679464696535,0.6435877226207218,3646.690508098046,1.0958040031656047,0.7481543824073337,15.887745204265391,0.29114637140821403,0.0
573,44818.287068381425,11944.095086220095,5932357.860675897,184160.04942494232,0.6091813473996872,3680.086141491828,3.288197467995697,0.04268987169261722,2.9772150838791474,0.292135910937181,0.0
574,2826.3360428011597,232.53156726331994,1218272.9140982726,19459.195508615372,0.6277700702068787,3999.7965783465543,0.6515929602245913,0.21571883849229448,14.135246532350227,0.19984779482359027,0.0
575,9491.221694249518,739.2691557786367,3392540.7339181053,62136.1309020623,0.5860619060647274,3807.415189749107,1.9970304181700316,0.7907153868632258,19.384805760986847,0.529890277486574,0.0
576,4049700.295088885,1296851.7496631448,247289256.2195185,13675056.834203294,0.5438728948858726,3729.459429806706,8.496343697220064,1.5429584048932763,35.10026103551187,0.37539557571932186,0.0
577,841005.5109122364,59088.70286959338,205922507.97607446,5153471.846163822,0.6092459610667194,3880.033500953126,1.9104054164581192,0.10955567152812966,8.020172483645062,0.3167578637313253,0.0
578,102912.90271643063,76375.27940679481,7180913.852823255,275183.51846017555,0.6152662123500099,4041.2278498472515,1.5937210527747292,0.13149900769027117,9.058631544507284,0.11534391648709953,0.0
579,9078077.663438467,1633704.326690001,294546750.7645758,28856619.763670634,0.12202414336284932,3721.1123601111685,5.7629640865011735,5.520070257566067,94.63625161360633,0.14115729131376661,0.0
580,160106595.1284314,22627515.925783556,11316555194.388569,637884169.5584815,0.6453692854020014,4318.154533701975,6.397956488902932,0.15821743883844377,10.608651305054805,0.13788895403810486,0.0
581,6340830.120794955,4807183.686043283,183549311.22836694,13384564.020267922,0.739487130181643,3644.9546221267265,6.763896894265538,0.030640515855765837,2.187072071762459,0.19182562184787186,0.0
582,202279899.18475258,20309299.457988877,24371876536.621696,971803644.5445626,0.5905151807803901,3966.99772421758,7.413022771890451,0.16367505555369313,11.196035649748861,0.18946354993696482,0.0
583,5966.216489442939,1265.7061764650698,1525317.397039479,30684.35075254136,0.672881506376263,3637.5619731784655,1.1584653306158275,0.12353514800099327,8.675866921154856,0.436426930258558,0.0
584,8650.867131767707,2160.40340383519,1605368.3427576092,39791.06710566809,0.5774349508223997,3522.473953030458,0.4558237381684772,0.0699688510840926,5.008587545829952,0.23885746916252718,0.0
585,15516446.268426344,1297316.496484471,3482312630.962606,91262452.42430417,0.5485758490384812,3379.169779728593,163.14469818456809,2.1544963378658872,41.79002803894996,0.4996237805646097,0.0
586,8264394.941574981,787839.8135771089,936115641.2053045,39768971.48375264,0.6846071654901941,3891.3093278604415,13.41766130026206,0.1710749965567529,11.59380022409214,0.1241697053595371,0.0
587,15879317.051648194,981417.669672977,5820160003.379953,110717118.84009933,0.557941221589896,3356.3848510503312,312.4882790309462,1.5645694935151322,36.75522797339184,0.39607200572135104,0.0
588,11768461.718362791,1169467.8782984763,1553167743.2731628,57821595.15909581,0.7201384926455902,3485.792011879122,68.93178340885359,0.12575248460192734,9.156186263667768,0.294338988727398,0.0
589,11989.252642600806,1543.4981062672,3125389.2579877772,67272.83949806557,0.7146265890603138,4079.3005918959047,2.0000445718218587,0.07946980224948516,5.893625011523094,0.19077900093895717,0.0
590,3385.7281003233416,676.076427274874,1099485.1470741094,19057.413721670433,0.6391342948366122,3295.2188726545805,0.6975678010862707,0.07014455732755494,5.041518293370911,0.3555662467284048,0.0
591,15403.154700268093,1241.9674660750293,4187426.5890628286,91976.1607309909,0.5639099758309131,3803.2973669210555,0.6327277349148985,0.11990711571034511,8.32422892929087,0.4812464518579682,0.0
592,217153.5497064705,28643.318592991283,20329625.413976725,915272.6584882878,0.44026651371960596,4082.09874979055,2.2214029909116144,1.479198689756176,30.964627341446686,0.5247656380970346,0.0
593,264563042.35303468,26882934.777282096,33999291022.573143,1294178776.748005,0.7608290524791441,3679.670821535553,31.271460737221446,0.15386253579420509,10.860249482701395,0.19300418845421505,0.0
594,1267470.433221658,344174.31891424797,32891152.408957094,3407343.2965032705,0.6933339578007607,4010.3124594677865,3.068826255303894,0.07547725260297344,5.403730291550451,0.07598622599332998,0.0
595,81896784.35403077,5784064.098983588,17284094083.8077,486042514.50801516,0.5645321067031193,4059.305541060209,39.319306364990425,0.022729389540017575,1.5480257944964038,0.08937102424270511,0.0
596,9701015.236624112,622570.8786057233,2740927229.574889,62864041.61249179,0.7110268378213648,3287.8641767175027,19.22219349622816,0.15770457933697973,11.721122362436134,0.41412740177946694,0.0
597,18609018.424570866,1258885.0556743292,4160521059.459624,112609186.18352516,0.5585850165382786,3410.5094079097753,30.07813650037427,1.4823869561231664,31.281470117725245,0.4727842044463515,0.0
598,583750.9475033119,60651.08389065906,113938819.94205911,3160329.6560213906,0.7655095756633441,3545.740146597998,2.713386246167752,0.07139501653664534,5.085636776872542,0.2998180814565511,0.0
599,898567507.8580612,808487630.3934162,16242896220.680643,1499823612.4389484,0.6348980072844392,352.6005273331307,4.292615004886076,0.02920525851211906,1.9982775493527583,0.10986994808545295,0.0
600,347071787.5829472,76616265.25022092,14935991055.131357,1102748956.322203,0.6184937687911527,3673.12073851332,6.500422187409225,0.1593439504700017,10.96131386221157,0.11510024360437225,0.0
601,348430580.69157994,113463404.9435395,8884717767.487474,873529905.6187503,0.7182400825511802,2608.9731699045774,68.40886071446644,0.04856781861234296,3.568638597933628,0.08631059003363395,0.0
602,1801240.9987904425,381395.2812861458,67858008.70364426,5655436.1485154,0.6742321444346885,3614.619124499522,3.2345770148603186,0.1183709402320166,8.51654474698162,0.3025799198572346,0.0
603,14114642.018353462,3546907.972518362,473483371.66006243,42694989.71651943,0.6349275689725896,3685.220641778831,5.128053529972309,0.20009899094782116,13.344327898396802,0.13045172121283155,0.0
604,48214398.73659748,8659251.665711245,3582358271.0364013,187618534.35965773,0.6804218976046656,3435.503657396654,8.587401914190115,0.08134655604499326,5.752825694270662,0.2497322230422221,0.0
605,31371632.9285551,4309242.348915413,2308046962.441115,125546532.51702662,0.7201807223205968,3855.862769719346,8.932343352160613,0.1353454154156645,9.534936594355926,0.13610088467594897,0.0
606,6045586.726094062,875873.1648710963,875329404.221385,29237671.138534166,0.6555187423412147,3765.7363192114426,3.3267833496147423,0.11637889279295033,8.196468213903195,0.23748064378920455,0.0
607,7263.618347496944,1338.847996691503,1892875.515607134,38439.905658330106,0.6451189668281776,3543.471593095369,1.822690097325335,0.06324518808199694,4.486472927056181,0.29793246768891124,0.0
608,5914.460773026316,1028.9365314446015,1362055.440602261,30745.47788131301,0.4733039926943595,3780.9353135419524,1.4360760222427864,1.5167642627952673,33.51783884351782,0.6395124459751965,0.0
609,19773.86719998463,5040.350960387499,3182037.5466677854,84953.84085594109,0.6911960207467719,3794.4255227246367,1.1046639842642116,0.06167682370163972,4.263060835374226,0.1362005609265151,0.0
610,14810675.860199785,3020781.255360861,962430884.6475773,53628510.23865436,0.6864705596793507,3773.95873752577,4.653633568103469,0.09324334539179864,6.75384250098381,0.12587058668791673,0.0
611,2759478.6912751766,233157.28875193078,753446487.1508554,16787900.247488856,0.7124845615384143,4077.5342917166104,9.422410957292678,0.10700056472178546,7.74689700790737,0.37960942854435964,0.0
612,4866030.832869435,513555.94555212185,653970418.6900594,24020134.433969725,0.7483897980274419,3794.0501042456217,40.640461294313994,0.076560784768638,5.804932834991244,0.09217298240056873,0.0
613,2870241556.5212355,1275174353.6430151,23028725252.473736,5128128330.823162,0.7393610858770111,1437.516749144008,255.4944589729204,0.7802723057591477,18.51041021214891,0.15145410815723032,0.0
614,28204060.827259637,3553661.616816441,3050023345.304386,123328813.33251314,0.764201189622191,3154.741213686777,174.99997932450918,0.11760844295971137,8.41528898759189,0.25101983807786865,0.0
615,9513235.402261095,793193.703536126,1654660035.9205372,52147632.13490983,0.7617214211947475,3225.1163825602152,54.308964169120706,0.09787162996575516,7.304446523656483,0.23574449511841303,0.0
616,15774.272406671487,3731.233958120409,2381043.5973938257,64794.65488412183,0.7479121230263457,3365.3985558749705,2.550567749368919,0.15068794948291026,11.096569237061598,0.19347542853557262,0.0
617,974927.7831724936,67485.57698998996,298463739.20648354,6453898.993150369,0.6935535017802513,3318.861738935591,3.3505703518672822,0.22590855263721615,16.19642665514071,0.3254664043482928,0.0
618,17840784.19053946,1173147.2358406389,4198696159.497471,109911403.4680943,0.2038936670199199,4022.262268743219,8.361143355893413,4.175537796692244,73.38062522361462,0.23847550644093415,0.0
619,23912637.00660893,6617004.1962123895,867586219.249415,70879180.07834253,0.6223651709454756,3559.9209315342096,5.937244621416123,0.13406786445233915,9.622963871047943,0.11557156573917517,0.0
620,3456233.9232214103,646174.1477418242,202453956.77927205,12050912.608936964,0.717214766071202,4042.619846731263,9.344305326154752,0.12330570063850939,9.022493101259869,0.30563789445852846,0.0
621,18238082.277541928,2948852.931849107,1365411008.4232876,71336995.68635993,0.6796846846115037,3805.9850689965947,9.400102940665585,0.055936190979670196,3.9806989544835276,0.4743173649225348,0.0
622,6500648.250342585,677033.6390620263,672272197.2261002,30209192.227094017,0.2993122909923388,3541.466024995328,18.871047344941164,4.102265375430568,68.29730524447085,0.14147201117727554,0.0
623,44522557.87031303,7418348.915800731,3717673418.2867594,172740582.04279497,0.7260330184778112,3198.025078270272,124.32427876244932,0.08760041658626401,5.97402610974377,0.269995468874702,0.0
624,7053847.227517014,588564.9828895403,1319886705.8127804,39455143.09424929,0.5431073245375362,3250.5169509162365,39.89191755721989,1.5133207574000342,33.32885147347279,0.21466676515329408,0.0
625,381.40089730273183,17.92310158528979,261827.59564953586,3227.8118628765196,0.10913343347495223,3927.0004571530317,0.4791985512199477,4.008416064450073,61.02860305751123,0.3791317411758398,0.0
626,28256785.394160848,6553892.282314134,1358157612.3380356,94617012.23585923,0.4802520421724689,3683.447948060357,20.114080759809077,1.4809971257002759,30.95749516702125,0.1385985255811121,0.0
627,186130.68357685773,35579.41734999821,17017846.70050939,714439.752123303,0.7062496805090916,3750.442815503561,6.506344432666294,0.08643131964367186,6.210654332365121,0.05439395837102531,0.0
628,16800.698769919207,5384.429009089327,695574.3923991009,44887.50059631648,0.09288582426727669,4226.5822231377315,0.9385260525478695,5.446132925961482,88.96376681039945,0.20733650192811956,0.0
629,9109008.071390335,1600846.9084887835,848044577.9866898,37521733.51685587,0.7752604342237418,2836.268329129652,203.37695466576994,0.12014681908556665,8.6275206955266,0.1411700252659706,0.0
630,9158.719699288256,2618.498969169108,2090659.8566621828,44428.9933263109,0.6646966507223603,3490.525608664258,1.6669821134437801,0.12785846380082305,8.53122663551285,0.256120258632536,0.0
631,14295.023920355286,3111.9660414224077,3226249.4364581085,72809.00393644448,0.6623624321373891,3506.012337855904,1.1752867555073128,0.056769712240023563,4.158136325568073,0.2901504733475202,0.0
632,1708361.7118160743,304931.88638391404,71741454.12342039,5634270.0341261905,0.7272157414289133,3747.2261340640116,6.021688664332832,0.15208169248834472,10.624535212303723,0.29199854502256545,0.0
633,3023.7717152816194,436.8694256934629,1148770.4481605343,18803.34425642937,0.6834416758614977,3808.0382485400805,0.9802531765592579,0.12117764214180786,8.007435386372114,0.26797057898466004,0.0
634,5813.97534056735,1123.913741974568,1655464.3585341922,31128.323930518294,0.6816854351958559,3537.227042774042,0.920576554458713,0.10487036981299021,7.079640914500411,0.4200744793213304,0.0
635,101811.84035643774,17527.828668604103,8787593.843886998,385038.8531895702,0.6278480389216453,4013.023820305196,1.366058470455077,0.0574034907100601,3.9428668039579335,0.12560309140454623,0.0
636,32490787.65802318,5826654.96142601,2105117751.4768162,118361476.61348286,0.6970483928233056,3750.6814542819325,78.7412042464204,0.7642859391156043,17.329032044410727,0.24198919392107662,0.0
637,4411514.49130067,459561.8047877767,733339057.026237,23038637.551818762,0.6646899864231768,3940.5113462728386,11.047121659083436,0.06924494878026408,4.884157909104232,0.03133847230199107,0.0
638,10184794886.744541,3599855342.0101385,88427798127.47908,20501331879.37679,0.7502065762736047,850.5902511856044,28.15728814726908,0.08796112352489702,6.206538965524326,0.059968226033547324,0.0
639,1280626.6373880599,137292.45550579013,156882761.58174753,6106796.811572008,0.2895370128232823,4091.2165524293428,2.3366510136973773,4.061990863271364,64.94633562754805,0.17856172513190785,0.0
640,576320634.9569838,261523985.50490856,12760792642.00262,1266967087.8325622,0.7114593502078479,2263.9538926558844,15.215391917218092,0.11916093188024499,8.511341923451095,0.13736267856800816,0.0
641,2973.099168856132,617.9186498847461,1125165.3048013332,17634.426622873743,0.6474110771367225,3996.0958673408713,0.37731955566356457,0.756499238334061,16.26044323551367,0.30592572867602263,0.0
642,14777208.618198777,1289464.1935402618,2127612914.686913,76888850.94884327,0.2072546062760084,3903.846618931133,9.235016568686548,4.161326698633977,72.62582179907977,0.22119740215199588,0.0
643,27863.144022016768,3586.2993097914646,6111923.5274676,149147.2792478426,0.6543994575573238,3582.262014245336,2.4755272108133815,0.19007018634062528,12.567578403866678,0.1429222814434603,0.0
644,7669.097044261563,2473.5619149966824,1556484.4505400509,34319.71279097705,0.6766110547404685,3569.972615412064,1.1623425176153106,0.08748393083616843,6.32326220042202,0.2729879985614279,0.0
645,593777.936052784,154724.55242082517,69663463.15471648,2522289.8193011433,0.7388902931031851,3452.134993592056,6.010527460939439,0.09317275590153695,6.816924172503289,0.2307018071996774,0.0
646,12521287.579305489,3352028.2884157514,175627106.48536307,30170018.612191148,0.24471860607175805,3459.676035780885,4.023733767793396,3.5050206699769406,63.1110612430532,0.23538671510121412,0.0
647,133771351.20943606,44340104.61971478,1535843782.9024508,284317920.811295,0.7116333221314426,3310.4554497735785,13.521975020729792,0.04881686220571089,3.5898298285960495,0.22780955442961143,0.0
648,4041545398.151506,1643581493.3250017,33924979359.355186,7583913928.283058,0.6777117227086186,326.6066353979654,17.354766861709695,0.14405606240463475,9.621782928212081,0.0780583096498385,0.0
649,3669241.2692957157,825834.334430658,208456627.8156288,12144148.78855792,0.6367658336727696,3967.06938179139,1.9051686163902366,0.13024399385742652,8.654081477578131,0.18753570081858176,0.0
650,3214919.250629429,684974.7059812996,192794778.97949457,10764201.121633211,0.7343491361669134,3759.5795728738735,24.50040698847742,0.10722139332119554,7.608832278186748,0.1906715884837608,0.0
651,3518540.627163177,602128.9783207795,314647295.9441509,14009487.962360347,0.6967036400185169,3979.5449345787306,8.387144659610216,0.08096067306971966,5.846677125469762,0.06937757308317084,0.0
652,16896453.29529518,6057081.006380899,1002012029.8142989,57765591.460657716,0.5452030484030134,3359.891367793218,8.245247526667466,1.4771728428723565,30.775938700560214,0.2697584365557939,0.0
653,22963.19462274505,9083.150880960786,3236360.824982442,90591.19112674595,0.6316664793261169,3838.286664816954,1.2159267148762112,0.08182299277618688,5.897882194741806,0.36982688419438353,0.0
654,19488532.62086607,2144410.984400233,2093842809.2822526,89162731.22756347,0.7476330464632726,3676.7663241514692,15.931193630571714,0.05718335828273755,4.141799811677591,0.13851957630084658,0.0
655,50323055.69332124,10541003.439677216,2065227148.6144226,156498613.71891123,0.6856008504033928,3997.9891280067986,6.042967552362069,0.07746360096503553,5.668164316684484,0.1903987974616252,0.0
656,4807642.071718306,1133610.4017882212,342057195.6239297,16575382.439754957,0.6999999437241516,3253.5855027921243,11.299833220088164,0.18580285517019474,12.965118359197044,0.2830241858187539,0.0
657,12739501.617311837,2338200.1589358132,548403909.9409981,42581426.266493104,0.7033163738364965,3703.4695993697596,4.830604755901753,0.22649329522588957,15.275681992039159,0.43164342765532004,0.0
658,2870.173424227546,424.01782184560415,1208717.1912582638,18464.285505115353,0.6434728972717035,3898.400491726772,0.6480614349008553,0.7579212291261609,16.43271261094788,0.4604766886845117,0.0
659,192970.734285143,65575.98215359575,9682533.106684987,542032.1002676472,0.6648658364529635,3720.6618190051613,4.314269113060553,0.7837657159792628,18.42957029617147,0.45261535657071345,0.0
660,1578737.0341407296,119176.5318899597,496511498.31079674,10344704.497851562,0.4363429329901063,4035.09862899753,4.611999339318781,1.5526609502504245,36.10378850352604,0.3604391097405813,0.0
661,16777274.76405789,1823654.1080003008,3165439384.790059,88606686.45740846,0.7645276709620397,3359.1230600511844,74.45631701320377,0.1148461166246614,8.563034219639508,0.3172141525874671,0.0
662,44404.823400373796,9153.462429515099,6423677.331932957,198897.31419953043,0.48576959039825746,4211.457661079461,2.113173519441643,1.499618009753295,32.37562521709275,0.3592401783357082,0.0
663,64406109.721981406,9783182.074385257,3920677918.1244326,240394986.1348905,0.6493307571679612,4085.31478452191,6.981402909234961,0.1058202374021234,7.671283693649714,0.2418658542612194,0.0
664,484184.5271911869,59202.502696532116,64814892.998648666,2238597.0931975315,0.6559472614098919,3564.848269522441,2.217583364076232,0.052957556152317495,3.939930452616693,0.15822243209947323,0.0
665,10693.528550031453,1636.8960168313524,2722545.884545949,58652.38512191393,0.6668754017122478,3641.197623111784,1.5439957536608466,0.11906883852757781,8.183515405877753,0.2864510651262862,0.0
666,10395874.533743309,2128953.158625284,480652130.64263314,34262967.53696355,0.44307531330457894,3376.638506577496,38.01913468266956,2.801150421914,50.278690904904714,0.37251685116728905,0.0
667,23903376.89607565,4818755.849162682,1417693273.903912,84914372.35609438,0.6767738534990112,4241.9647119010915,2.863067295619069,0.12688542518886886,9.122260493279589,0.1902887230619109,0.0
668,13558142.973381395,1331467.4885596146,1977921107.870462,68678951.00019047,0.5888692066865329,3929.7221802118224,2.4975352800910997,0.1425489571897379,9.269602320590424,0.278711315978663,0.0
669,143773570.6070944,13620003.81722165,19326677197.955616,722686164.9628357,0.6909775456235645,4159.509657552528,6.969146061645871,0.1746101774799688,11.9049576193542,0.13461926936494045,0.0
670,15792.20131010458,1843.1817975795173,3832280.6094002747,86761.03309587127,0.7323190875599856,3666.517526690603,2.3510807612202953,0.14470938538622696,10.301401562517913,0.1343263822557955,0.0
671,15855946.286002433,2036869.3448806708,1901400398.06288,71180386.11326247,0.13802157391136194,3576.776641189335,130.4259491780295,5.518666502540446,94.77899181816743,0.3100816418136843,0.0
672,13114442.600046046,1824641.3504667454,3395826309.0425396,74478469.0201716,0.6440142080838422,3313.892037162882,16.22473503839893,0.18650317948829692,13.556514665633665,0.37345398980942884,0.0
673,64643455.348509446,18648613.31789232,5038533053.533243,237298079.79595155,0.6604205376785587,3792.885154927153,3.7703463442315956,0.09769496861090979,6.933210688761795,0.1364057927079015,0.0
674,11162608.577847041,986781.1653776945,3194168241.3119416,70530226.27149744,0.7186116737464907,3209.59375682438,26.238975325741897,0.1983027396167155,13.549171611465908,0.3314749075097087,0.0
675,233342853.61121345,22882307.067649297,28300378952.291664,1139775292.3151395,0.6114606186639693,4043.081543594556,6.386980176376762,0.7953963322490517,19.042050791273297,0.17270627031762323,0.0
676,5388.171142825071,1483.5394883170634,1389451.310796543,26534.46524982067,0.627990876627105,3680.9329105383913,1.120312041663119,0.7604627410139027,16.900857030736706,0.06077344388908948,0.0
677,13493207.825382952,1086831.1419803582,2644826164.7621408,76907331.57453683,0.7789169807328161,3147.8695108503252,123.81981391890274,0.14853774963230784,10.762476418077053,0.2204742195626041,0.0
678,1559575.2283965156,517384.9709135455,31817109.53979252,3726175.2892618543,0.7042290790129477,3729.82324396276,10.006401724083219,0.15085155081922103,10.763626521335924,0.2689937705766701,0.0
679,84945.24193466533,26045.668571670074,9620359.071665253,332840.48077373847,0.6640380948307032,3648.1978145670737,3.76697875064518,0.10622997705417063,7.610655107649182,0.32841484853812297,0.0
680,41953356.07537063,9769561.098390786,2531581510.5965157,146096042.29676983,0.6669260689081167,3842.0151922881564,3.384038516085758,0.15910063106763878,10.722833997009193,0.1036678386406215,0.0
681,165021686.8098113,47536995.76883559,5648340058.014996,477885297.2102826,0.6230028400599985,3850.346743311774,7.148291101650893,0.6910153532062386,11.844411615164336,0.09975854038044725,0.0
682,5762.425562270435,886.5716259998762,1684436.808691717,32060.918632821886,0.5993730543618279,3605.461503511854,1.1063762226564016,0.11514519515504454,7.86679022268095,0.2548966052497997,0.0
683,31901103.62800609,6242947.72497171,1250293998.6759374,102921299.41828048,0.6693962099275557,3640.7715582246083,8.26985503778018,0.0703093865433245,5.171015417348597,0.17908047638321972,0.0
684,14709063.167251667,7351208.58030504,70676430.91386972,23501836.36476109,0.602667059340949,3723.4049852341604,6.227859335982437,0.17852707014925384,12.982622584039154,0.04981664323707177,0.0
685,187382.9945332271,51932.63134279513,12369662.529165547,607333.2400213628,0.646053261717937,3866.2803117367043,1.4448599812785636,0.05142920587513729,3.5326375756326653,0.11639795773503979,0.0
686,7070848.033969457,480637.6498213806,1823773695.874101,44405612.616365716,0.5509337931706171,3306.395711084756,5.627143056144267,1.5069214380578118,32.880993507015305,0.05539660774701714,0.0
687,13227565.045105275,2278681.53575761,563346107.6057022,44949391.66187212,0.7500440719994403,3720.538271594515,9.221058910609727,0.09084238554450783,6.6220116523673,0.43625418449484465,0.0
688,41782832.478336245,5786121.761921691,4164199378.173793,181745076.5362485,0.5909368369352153,3864.5636872771424,5.5024631371474175,0.13423161462119831,9.195694570941608,0.15733538446028505,0.0
689,137560691.4890985,15988498.569046756,13018622224.536098,608628208.9723643,0.6392828182212111,3584.7234008165756,35.39932973781593,0.1805752390157463,12.811027432223074,0.04793805489851819,0.0
690,2539118.1200678525,661622.0757481464,211701547.83238024,9439500.595802512,0.6144578233199256,3769.7347429336146,1.9813619484778868,0.12710294428788113,8.55036836000293,0.20386530993676394,0.0
691,6341384.712491255,2112961.6827931786,135802325.34049708,15629975.417896252,0.7199709072937801,3413.686440512416,6.662690506575694,0.10049346453765633,7.3378647868514,0.17586285415450478,0.0
692,24689.15725853199,2343.1635067941716,8285898.751947025,159757.3123394648,0.6490637338987366,3356.0901144174304,0.871878962667272,0.06657985192234159,4.449905285891364,0.31721758920551846,0.0
693,14604.221076191272,2349.3031512588195,3495535.6294170753,77037.6335616114,0.6523391415414526,3570.5639747757577,1.6250021104693875,0.16722124623467788,10.55509572825002,0.43710905123412114,0.0
694,40349.472031012294,7215.035547199455,3348252.7257901793,162113.2067544739,0.3897699081006746,4109.115420220078,0.2358149161423955,0.09515691324392428,6.284009447995056,0.22253288330824278,0.0
695,897492.7484492991,70106.47668726412,195544174.28113618,5234853.176331374,0.557335564705056,4256.146554943938,5.923124327984001,0.2439619211637572,17.03125705722469,0.26210642968534004,0.0
696,3811255.0380248786,628992.6853111957,366624221.7267116,15542294.47345661,0.6181388263362132,3716.2924215071926,2.492278819355564,0.1495190948102608,9.83185147723531,0.23100416523686543,0.0
697,4516.928379556358,1241.8353475727627,820467.7791591666,19557.736073078813,0.332374973058257,3535.910686374372,1.4890757632951404,3.462274493403071,60.18245445560225,0.4238537873547486,0.0
698,4760.2830345215525,451.9116403843856,1621392.7946120822,29717.114976522338,0.6801560491249712,3926.6051429783097,0.8386468992203889,0.08898006052983601,6.369784185673825,0.18885954504335514,0.0
699,54097068.89394963,5877537.919683524,7432907535.935194,266365936.39756155,0.09635796987498077,4220.422597653256,4.615651250545376,5.44562929150089,88.93365657276912,0.1869605970757803,0.0
700,14356666.37760948,1138888.9046024787,3112854783.3560586,84278242.8782984,0.705996622940449,3294.153721807027,88.98493830684933,0.7312936793567981,14.954118961677437,0.2503866881401301,0.0
701,1934978.5020081147,308921.1135742309,325044863.2509507,9399684.322437635,0.7191211134351272,3282.0434568859823,14.74781996215181,0.19437814337818357,13.679133636584618,0.3031395154418677,0.0
702,9386463.042562429,1641378.492573589,1502440659.6045747,44029893.08366498,0.6998502361521783,3420.9123411970468,11.557682994776863,0.11238772352782575,8.154686656056764,0.15938501807323016,0.0
703,25468502.424503554,4309011.596476297,1150655433.2594683,86225191.4554514,0.7230947760015571,3380.431090798075,42.99194082923428,0.10015783019231081,7.184607324168503,0.20763018123237065,0.0
704,20896845.2923685,2810376.4788804315,1610535063.3387802,86045835.70236231,0.675914046837742,3523.8197166714262,4.57802655080123,0.13522447345523023,9.616162289226887,0.11024809255284358,0.0
705,4375.121011789146,964.9461944969316,1152536.5703500055,21676.54201348291,0.6396862053757781,3737.089569161016,0.5844010911112882,0.03974958129382271,2.7306937114004555,0.23780000269676588,0.0
706,19920053.768637054,1190595.681203511,7472009643.872037,139677743.09224284,0.5503580851858705,3310.7177339801965,24.75086964646559,1.448182157974857,28.55746189132816,0.2528546248595983,0.0
707,3554.7905006006295,333.54412527271745,1226305.044604977,21946.538073751155,0.5498093529032394,3775.9012351211936,0.5470115606881929,0.1244669642925639,8.154980979941401,0.2767281302657468,0.0
708,57708592.16146854,12875946.220260553,3540211165.543817,185676016.8617819,0.7411285086226865,3217.413266483488,164.29857946009437,0.12843145023842295,9.410340272376278,0.24950972293000792,0.0
709,748899.8586150451,84622.6585743473,86305231.4267531,3502740.156804184,0.7470217830058573,3856.4972456331443,10.899455541048205,0.1425127611181935,10.616714515077918,0.34226771291871333,0.0
710,5892953.148066774,1064123.256715152,412598422.7396985,22608753.58515971,0.8784566655145257,3707.15232095594,15.705829567583255,0.06287314189363755,4.6186599137185125,0.15286080281839245,0.0
711,14496538.551334167,1148397.0423901498,2604855283.6327467,80639347.06593442,0.7554170308070789,3345.8227360568935,11.691757748084061,0.7233223312620817,14.30590142746544,0.20360949123287433,0.0
712,4767.6879440924195,1072.6655829753868,1382772.965026192,24614.76059201389,0.7651264536123155,3565.115532898387,0.7682833990773053,0.11769566868363635,8.36626885425272,0.214132697918187,0.0
713,19574634.18773375,5660542.906315027,242051348.33298856,44821400.519484155,0.6377831357714647,3833.0522863995757,3.4570828647054817,0.13538450364510313,9.599459488888295,0.0825704834663177,0.0
714,14962736.361286227,3088168.8780779876,939586067.5426381,54523954.710564874,0.7117730971030851,3561.5276586266473,6.08232899419275,0.12048660043495403,8.621205469507704,0.18480680837854058,0.0
715,49877455.927910335,8961178.199922185,1875136992.994292,161982322.04920286,0.5667762754729193,3650.3918676920757,20.527998162750244,0.038155266314550663,2.7386456527593723,0.06639882959591902,0.0
716,2760.110973795154,287.2061382965197,1089174.9581439965,18515.683339626266,0.6091108558862304,3797.4352976598093,0.3904051554013558,0.07835385893290292,5.304541941154031,0.26692307522231984,0.0
717,1857.1379052298103,332.27145418467217,779911.7449866349,11862.471096283047,0.48453903848837376,3774.1051646573587,0.9516326622155752,1.5896335350296094,38.4828021855188,0.3003572427952465,0.0
718,41119.05907640116,9803.3737456977,6256138.057808106,174490.91143168265,0.6979788872504268,3542.9084009686785,5.131010285851315,0.15094408883474086,9.872380868492863,0.27826597069064113,0.0
719,18882936.89734456,3280956.063443536,2017883950.1384773,77573055.34694548,0.795034042202208,3349.3448198014885,32.96634191030659,0.15813731612549634,11.279570389074987,0.20636784119605325,0.0
720,42263392.28892168,4618563.596173602,4934113964.392224,200131036.78272066,0.7530622079713111,4269.476600905873,8.717120251605845,0.10287052181806518,7.74872357072492,0.10855976768315737,0.0
721,9006635.689209606,1591240.2304812188,581203791.4953415,34277618.499665685,0.6682038823904388,3689.034754523906,3.3045446659260387,0.05014001694402213,3.540490851897387,0.02061485429667734,0.0
722,131126011.62667532,39316275.22270257,4062028420.1641808,368460705.2028555,0.7077872304698972,3632.2568921158536,7.366987545662811,0.09909054285335381,7.178919915199434,0.11945398351609784,0.0
723,4209891793.9315248,1357678066.7510257,209108443883.32904,13141429647.846304,0.7666041885066582,334.7347052378477,16.48155505525227,0.0844294877403347,6.054708990230827,0.11831957821862671,0.0
724,24522553.717950583,3136175.644192955,3054342416.338044,112704640.08350877,0.4945538278714645,3621.7277663801524,87.07769353148248,1.5334245216025753,34.89018553408109,0.20642362028412445,0.0
725,22234.563819958603,3068.907809711833,5159337.116653888,121235.63682021372,0.6284939222393834,3893.496190928334,2.829141116513819,0.7768722534720408,18.14201572515268,0.2937267647633188,0.0
726,54245.154608823046,5071.851005039888,11863778.045309167,307887.8890133388,0.6310058678922693,4212.169970441957,2.014419858322151,0.10649475559794741,7.086338416672014,0.2264373307528236,0.0
727,2566462.129096652,429946.39530529623,97928294.79903914,8493508.374840094,0.729549590111479,3526.3660816219926,6.5462404875127245,0.09369462006613043,6.724631289098765,0.1175959358035438,0.0
728,112251009.2979826,37900338.50466743,5150498185.928231,329551264.6348675,0.7035245606866799,3351.679080515394,5.030297932140271,0.1271834372015249,9.275268652562122,0.011212856807413338,0.0
729,12912.200414499506,1795.1744608217225,3471541.1947119557,72282.77428146217,0.7276302544313555,3371.817509839905,3.287176636155765,0.11771708935888228,8.509085312480645,0.5817762165355839,0.0
730,35571090.590918556,7589082.908028943,815577254.8869877,99817886.56626451,0.6565321226649153,3525.795705171103,5.207544020705491,0.15919932020575409,11.404648704746865,0.1735290154945327,0.0
731,10064.957406837582,1612.0648214891928,2214550.252086916,52207.227615546246,0.6966194176158316,3434.4000502273857,1.1205104763475153,0.07591851070438001,5.585057038967655,0.2367490798663479,0.0
732,6420.9842691202575,873.4377441200319,1602948.4923442681,33757.81013496743,0.6754198917632991,3793.7661895468154,1.5062118644957097,0.12525734447660888,9.134748198523788,0.514708456266495,0.0
733,15582810.4444628,1462246.155624957,3705878227.837819,93058389.62199071,0.4997069383538431,3196.58747799349,69.83528179934743,1.5249202122665078,34.452599828190834,0.27479512908648934,0.0
734,912343.075938241,143683.6099938568,83589349.85502523,3662051.273153913,0.6750093989715045,4140.439408981169,1.703596089034815,0.1202801063192311,8.243032279363494,0.04026036906939293,0.0
735,2568830.7048265277,1086013.8403943535,63764053.255074814,6001401.883110886,0.66006797552626,3873.655869601951,2.0728753128644324,0.11207823064748572,8.190303270287199,0.4631928407954646,0.0
736,51275748.073438585,8046698.170897588,4293439164.106488,202065340.12290603,0.6018695596553154,3709.2320391960593,12.558071093493794,0.1511928238412919,10.720424846024155,0.20912267226062048,0.0
737,155113.9434268308,101074.94569744072,3356319.5421453295,266253.84800997627,0.6457625227858352,3653.4537933919883,3.8285137422221953,0.05955589744222491,4.443243530514953,0.5898217920603539,0.0
738,47103.81799367086,9570.562103830196,5716828.8127017,194061.263633967,0.7088848498114714,4143.906004060344,1.5637315419593407,0.07726405103913718,5.58495153393096,0.46277591293862863,0.0
739,13481020.21298543,7119655.761274536,302195887.5858225,25144285.489949185,0.7633317591793312,3304.549984780442,50.05713314291321,0.22206011068599044,16.014385484136984,0.17310309449651606,0.0
740,7113211.969767439,2044816.4181168512,302651056.47756976,20308125.64586143,0.6935369150631417,3885.192056121996,4.496120536811457,0.12634910503106084,8.939924450672612,0.3235720728810519,0.0
741,4118.469534261148,416.2460582740312,1750816.5450686072,27869.01948012797,0.7261325690977923,3737.4414786492675,0.6695854669445169,0.08115777471406291,5.85015681195339,0.084326653620772,0.0
742,3215964.447601425,562268.5075349625,267582946.04023632,12545237.343950126,0.42740804527451504,3818.6026333204286,1.9449318725711944,1.5814105110851278,36.97620820728448,0.15860243432295454,0.0
743,940886.3831513871,584240.454414188,16917884.02909606,1699019.3907564133,0.647578889637501,3862.7440204805553,1.9318947373819577,0.7512200333292849,16.236524647323296,0.24083219838565142,0.0
744,3485.4568021940004,836.2405906182178,966485.8328058477,18126.435374368426,0.5143725755095232,3585.594440234015,1.0684644601282276,1.4566398026709302,29.28761421443901,0.45485325572184376,0.0
745,30679.198531584458,7196.932268098647,3696754.755499975,123838.84835684267,0.7261032067743167,3615.6728931902453,2.4523591123367887,0.1779422235253268,11.94039634159025,0.2614578323885612,0.0
746,1885414.0898415246,220858.562143807,407746173.3561864,10230299.789464012,0.7120950631816716,3727.620131988274,13.043308747484092,0.1969373638358613,13.742536283660991,0.20459899683961869,0.0
747,20200.30359259887,3317.492822874604,4563061.017935457,108096.83410813966,0.7414379082301307,3796.738062201951,1.5504773701691312,0.041182541022134346,2.5927680219552585,0.3065299679430602,0.0
748,15437.131738976774,6457.5661289278905,2119342.9513879744,55864.49601949893,0.7580293056317189,3206.130164071952,1.203653459199032,0.048113630474301415,3.6950451499440478,0.1881437458621841,0.0
749,29061.44424255433,3620.3174750466933,5953311.156693935,150672.9327156411,0.6252389685143108,4244.041260436941,1.4933258341784732,0.12199522053185836,8.423045331937201,0.32506000931337115,0.0
750,2040712.2429626794,566744.9933457446,148894805.7116577,7433399.776458812,0.5933638448189709,3611.5473796423703,1.1762167071088274,0.032687077358258335,2.2162396985291295,0.2842735067976818,0.0
751,426.21906190270937,20.104706179007863,296638.01601888577,3625.4919322840155,0.0968812608870891,3558.9492173370204,0.6214182342328936,3.3889920957430646,54.304132726197416,0.3478555916009809,0.0
752,284123797.176811,56667067.20909454,20569128410.016968,1054467354.9116637,0.6974166704815735,3490.9518167146357,187.5058845484325,0.7850760470942895,18.78047545552431,0.13820951248079164,0.0
753,71845273.92809516,5865448.716112905,11047426945.889751,384053016.76258546,0.7615279742317191,3589.7897688027765,27.545560385984643,0.03903864233444141,2.6752700952263426,0.11838597615067584,0.0
754,3560.8204199206943,1167.1542187028394,935178.5224650011,16624.71721709308,0.6672141955216457,3535.437064365062,0.5485324101960848,0.1220940433942106,8.05003221334984,0.31604794001138214,0.0
755,31834373.53402988,5276273.616548134,2772211094.487375,126003717.67442966,0.6391788732500927,3453.9409219635345,44.99780594893888,0.7524185229789512,16.31409114968588,0.30299641492701657,0.0
756,215589531.71992224,66614814.91209587,5934542400.63873,557281148.0898466,0.6542015474022016,3994.2550538103806,5.803772980101895,0.16296404846436258,10.847137701050654,0.119284275814612,0.0
757,32243.95219568247,11631.888332148983,1688099.4120710655,82843.74900318778,0.7770037197992857,3466.9322028405886,1.8547209315372222,0.06473983493390474,4.542107658680992,0.3615281869890746,0.0
758,181855836.64592865,49550575.171473384,5870376997.095245,503402435.6687993,0.6728561959928465,3346.4205771307397,53.37966132527394,0.0747406676406726,5.5905055459775825,0.2478609850535187,0.0
759,11765079.810792957,1399852.090167269,1122225855.376924,51769484.29510201,0.7254257690325379,3775.0179830967854,78.7714594508352,0.09919532395975814,7.012908025250242,0.23426980808231213,0.0
760,21328881.553875625,3781703.5095963976,1600724447.7292943,77921974.93395975,0.6445905231176107,3380.072292916184,82.29525577262059,0.7562806766159429,16.641792870300844,0.24360972446202375,0.0
761,487488.5110147268,36909.06422378691,134134592.5171752,3048140.3755916595,0.5218205643320021,3508.108123308337,3.186147395143537,1.4892982995359787,31.57600483323252,0.41693931425048447,0.0
762,32547926.029027045,3579238.2194124935,6088290524.791842,170952336.36836147,0.4955421224738334,3829.7254159498693,33.194827551130075,1.5986412346296126,38.4421292329193,0.272542944006968,0.0
763,5999.12565989049,626.1116726153097,2066250.8399462528,37350.584763272345,0.6472017309650201,3912.907038070453,1.6572260680854713,0.12264295997310137,8.597910291389141,0.40701367541805616,0.0
764,160325687.5110742,11265344.63730828,32864533775.217762,944532586.4251664,0.0882583937595189,3939.728634778648,23.545770416689994,5.51952954698773,94.47087912243734,0.20954600094305925,0.0
765,228131.17252133368,70970.96739958257,9626747.81483554,643564.490392957,0.6770706473151701,4084.2637964221494,2.881868752106398,0.1129100206072251,7.50653158644114,0.1708558310637251,0.0
766,65134.81018890898,17675.788261195255,4423406.638939599,205664.31004766992,0.768766869327655,3509.8244580337887,7.2751047560055015,0.1126651408839913,8.150672050764502,0.23718479105541995,0.0
767,8296055.847423819,702112.3224623436,1428653717.0440907,45347221.87441256,0.543284007968735,3086.8743731471513,22.25607450464654,1.5078179098191447,33.105443805638494,0.19578988417757448,0.0
768,177091.98521163836,85064.13538073361,17575780.7884641,615339.9122756639,0.6923584190003198,3795.6209457417863,2.5462571409904426,0.16176789310295508,10.952339521712318,0.13501959926873716,0.0
769,506861.58554621285,38957.3907895657,133048395.69130635,3114389.856942311,0.5399512163284809,3668.577021772977,2.8174613488710825,1.4419580995881414,28.01253597322985,0.11346649154522187,0.0
770,73175607.74229993,20025048.041526817,6490292298.451003,231719427.74143878,0.5010535920823967,2893.32456142556,97.93243082938444,0.7735499492591359,17.916452573734517,0.39308210198054233,0.0
771,6512.231225782356,731.0454400248611,1634338.8623574444,35731.59267620052,0.10448058290208655,3805.4997318490196,1.122235365025835,5.432985154548669,88.2732212026626,0.3353951458509204,0.0
772,31426294.133708656,4498615.565930269,3785207906.0302954,145023332.72622317,0.6781717048236449,3579.9256992611136,4.397916837739568,0.19324195851754222,12.742529046768249,0.19470755531594755,0.0
773,2902473.792009342,551538.3318609872,192839918.35818022,10865323.256656658,0.7752806583457105,3175.567875791501,17.613158462310036,0.10560062228155287,7.682829945329895,0.06455090855433117,0.0
774,25900.167223145625,5899.122842683667,2507710.497490011,96932.99369639248,0.6541292058391515,3893.3999543589052,1.1689556515206365,0.14445079504829428,9.868937305644568,0.09459205470288064,0.0
775,9771238.1002149,1028699.872351951,1359190830.9732156,49135094.04394024,0.7641359642706665,2697.6737954244477,54.57095884878155,0.06751788823881588,4.769621190652893,0.3399659663836832,0.0
776,117269961.36288342,21748752.10720284,8015000619.052091,444232511.8633283,0.7713251806340579,2974.030336622776,267.02584085118787,0.11074500652149481,8.02726933857786,0.10327287015785985,0.0
777,37154815.750289604,9537691.713578265,5244530804.057085,157395435.5858063,0.7164418026414341,3421.8336322488767,40.54073082124022,0.0779420244262246,5.661636438670527,0.3312631932365552,0.0
778,17637458.440463357,1810335.8995438225,1785242592.9375777,81660377.62084004,0.6186928936807605,3690.0601451568127,14.728693695783457,0.7467122727712494,16.060948786134173,0.1861556451425868,0.0
779,6488885.252276965,526027.3102104164,1041351225.6400368,35037141.21073206,0.7539193199999781,3715.102803079238,6.134480325918666,0.06829561560263517,4.914458124198553,0.16974927458525327,0.0
780,133766869.27085748,44340013.88166401,1516775965.3091254,284240039.9053725,0.5112353777297041,3544.530431927342,10.72209094702043,1.4565716198935377,29.057212005790568,0.2024722939667958,0.0
781,2924669.3759630946,563183.5174861607,228162971.0590067,11140332.944802424,0.6516265520018104,3847.097717887147,3.5515281716879197,0.8423427558205013,21.868274253505504,0.5311698900414736,0.0
782,162442438.80851555,23066735.766609166,20939296734.060707,770320465.1574132,0.6388975885061418,3707.6090459523775,6.927247904661226,0.1689982111826093,11.378978210667592,0.20736328502692697,0.0
783,11822786.01355108,2340659.9921951964,814488561.24317,44341183.2706951,0.6559547981893857,3607.410850043071,2.811154336687487,0.09984810642511092,6.969612168076395,0.1978847853793566,0.0
784,35737.09887232969,13332.550389467247,3550465.626006826,121897.89750301531,0.631852391438761,3827.322455480321,1.8504485004281763,0.16120860551121705,10.798023381113161,0.529656144884607,0.0
785,33074751.759235334,4487671.742568696,1844443949.4024181,125651007.05593994,0.7273664442632105,3761.4993532766302,8.972998460973956,0.12524965856020387,8.991419486808367,0.316503206251351,0.0
786,91033867.33545116,9883299.894789837,11798458008.452602,441624442.96538365,0.6760133458465862,3817.941991645532,7.846793630314938,0.08230110957487594,5.720130217809007,0.07835979350500227,0.0
787,89333.47674870488,20011.5579382883,12146140.985751932,367829.7941090597,0.6368910951436468,3631.4016406918263,3.2662297363863226,0.7451193354149643,15.72984474013868,0.3109214861848395,0.0
788,13648001.986049596,1024480.2000850916,2938531637.3649135,80380236.34720719,0.7682490160298059,3161.856899910226,89.597239652116,0.1130495550131485,8.143326463202017,0.24717241584646907,0.0
789,1351303.5483868797,241382.37661929335,70115207.01886812,4689611.807763911,0.7424512872785882,3756.792574177199,10.101509413114288,0.22179955520926092,16.060027452260663,0.073610195577964,0.0
790,13513.116745023592,5901.269350558085,2191314.962744235,53158.58390305346,0.6323526493061478,3344.9139948444845,1.6431826920455574,0.0515114619361877,3.7540720984543823,0.4928113349604191,0.0
791,20533.678632916708,5906.0013487636415,2387584.4393990315,78090.10157399788,0.49190606063233844,3565.3456219959344,3.4131939831406926,1.6096472452519222,39.765526624370395,0.39251458056131017,0.0
792,53181346.713279046,9621628.477269921,4555142733.497454,212218672.21666998,0.6167387873173615,3742.836183324648,6.206114351529553,0.09903630517857867,7.27197898969103,0.10965736714399488,0.0
793,28679592.29051754,2104696.0938970842,7210822133.734827,174753204.88068712,0.2765411942349022,3441.2142602277027,68.50842018784908,3.628996198560042,71.39746868817788,0.364744144489027,0.0
794,11344370.399538865,1862251.1138789114,662479686.8021154,41519019.72809138,0.6579275666792042,3646.418789905926,7.185417748546927,0.09597129633422492,7.090081263958846,0.20342724982296137,0.0
795,12460147.566321757,4079881.798408515,1767359742.090773,55254690.97389662,0.7228378919872778,3342.500222164732,37.062829772355045,0.7970873403145863,19.429596529982966,0.1999709897887768,0.0
796,159819706.26360923,10463842.677118469,37917151575.715904,988161243.5253671,0.6540741108566356,4189.641719476149,80.06381368594923,0.044323969425862496,3.3532889501228866,0.24239246367014378,0.0
797,17048653.527026657,2116125.697738739,2850350275.75644,87500835.36558387,0.6723410833564315,3510.644133338852,4.552484567776229,0.18500200985130294,12.935412591074726,0.16759283467638456,0.0
798,477060797.4622041,116193751.17306788,11678910050.611094,1279786931.0469832,0.6761606200772803,2536.223415772838,172.53319245538736,0.18584451037895544,13.349554936826404,0.24229133485520626,0.0
799,139168532.54829153,49393580.21882589,3734429980.684233,347224872.67693293,0.7313000274867291,3613.016434448313,46.288872840110116,0.14364735789172425,10.16372832171198,0.07455367586837972,0.0
800,58661039.11955874,17256899.47347241,6515469607.055021,244586557.31577975,0.7202320219323002,3317.6071949811303,16.03069081886734,0.12962071149506915,9.059653564567508,0.20062281640365742,0.0
801,3050.5195528572813,884.7366912773253,1022870.4567096818,17004.77595075552,0.5585963229044941,3508.6615097126414,1.9359885836817432,1.5123597584608321,33.39596634192513,0.19645851522270796,0.0
802,6894771.026339261,614271.8580407357,1001324886.202009,35710838.22093707,0.70756949161485,3275.2275137401357,64.73742448813756,0.8064777583984277,20.462496013241907,0.12855318063336368,0.0
803,14650902.102935612,792077.295949804,5631767534.219907,105509485.34791307,0.47488254969343346,4136.183848830113,31.222796021615732,1.4815959847615936,30.684751029465076,0.4025062250599182,0.0
804,8293714.373434126,702037.5289800023,1420016839.4330106,45296600.131162494,0.49249880862630047,3462.487429770974,19.59307773486234,2.1293159139148736,40.040993103950726,0.2536710198860462,0.0
805,15756885.388719711,4691894.957423749,394756075.11910814,42505493.36243571,0.7239698375671747,3371.3743695545554,6.885752145478175,0.1298433955988508,9.427345882214038,0.15599020660100252,0.0
806,190341420.59075528,185779251.9355579,605494037.1960945,207382917.3470413,0.6882982263107096,2168.9252049250626,52.90191825890088,0.12898254069647236,9.479051819116533,0.12666324506519797,0.0
807,20066.51588347794,14431.893634488491,1532287.3369545706,48418.73398585111,0.675296891573891,3391.704007248927,2.5699646927912263,0.8049943130215922,20.19858836458483,0.26552899757916476,0.0
808,98592989.45797154,22714014.906037863,6342192306.492965,354712396.69783485,0.6065279603711694,3868.8361972362704,7.868088998161103,0.75774966732993,16.66051603658639,0.16116684476425827,0.0
809,96992604.03569163,15768317.45249015,9812110449.8455,414032655.43604434,0.6220624460590052,3937.640498787434,4.088521834527642,0.1508318025747048,10.35104711973494,0.2657751096671132,0.0
810,3348478.344720568,1519125.6267939976,19566702.104768716,5726295.1139265075,0.6679621767688383,3550.4807014959474,2.5827346935397935,0.11886302221707874,8.580219784577226,0.06054213467938405,0.0
811,7226737.678564221,1617501.7539774969,300361879.4236238,22127992.682116386,0.6706498522016681,3780.0253253163264,2.6639201872257323,0.12802761827080947,8.821161438223442,0.15980624240808827,0.0
812,5103268.534690463,984874.9066532567,203836481.48099992,16558569.86071378,0.7316655518228401,3970.9697594732293,4.578440638162894,0.1516258361884489,10.750536949944713,0.11441395741704373,0.0
813,8711814.187940726,2722747.8442724524,256838067.42740163,23588529.105896298,0.7499950293202452,3526.47649562527,12.69930978095141,0.13211439048553003,9.49652761068467,0.09619627654825218,0.0
814,27448.358206102723,6023.4561208192945,3807111.0803241073,114392.61619735867,0.6363285124200517,3593.141845048457,1.678197712779565,0.03587552383136501,2.72343272723253,0.18621690568727786,0.0
815,5139.389415681854,926.1848731293697,1584099.8120307387,29073.208872706786,0.6374036067236506,3498.5826023441123,0.6277708915169705,0.04711721018850055,3.446025876373511,0.39099668008135113,0.0
816,2982.7461853100954,662.6271014357484,1107625.966608128,17609.169771157533,0.6589376083605392,3942.0105680446386,1.0123147567540787,0.19606497238404214,14.063817768978998,0.41876665889145154,0.0
817,464717.4688469913,237222.18771729787,20690690.8630718,1278248.7830160973,0.7444347890740153,3749.219371491272,4.1078506933929635,0.7653153489712261,17.329980219547274,0.1918115504102244,0.0
818,4788.905680391695,1026.3038588762527,1307608.5908402463,25229.697786809054,0.6330936286327823,3632.17006708858,1.2372098287512217,0.0889376928638769,6.2994257226865455,0.4051779614481703,0.0
819,8986039.459820326,799471.4622009434,1206820471.7120652,45725801.96593943,0.5839669019754814,2686.2381959418194,14.380552980553967,1.5254671025936353,34.01998526398862,0.14680936916744944,0.0
820,986417.9799374735,159392.3242778417,75174624.08222198,3818480.134979804,0.691923017819466,4020.8858385304507,9.247470383024215,0.10566627168429399,6.7544098488942526,0.198415527692385,0.0
821,28329184.10845546,5535458.148033634,3374101944.279954,122015043.58361661,0.506132280579221,3429.7407010322227,124.68774157763875,1.4667915102908415,30.010327211469853,0.027019133353299668,0.0
822,99920.12892561327,53907.99490513744,5168177.139844453,266570.9686083888,0.7439211947352704,3873.7017491517445,3.371469899863859,0.18816494768376443,13.181273538189041,0.5708691398171495,0.0
823,35684.10560841748,27251.477224941664,1620130.9439373217,71213.39033388442,0.7350832070607733,3674.771808488369,2.6400005015936814,0.21810641470325676,14.14085243415417,0.2650788733759115,0.0
824,11295259.520333417,1474151.5313551887,1806356083.2384102,58035199.665047154,0.6723772598342467,3773.918434350249,18.59184829261644,0.1526685893948553,10.713018419850728,0.2298092189990619,0.0
825,7073175.743409227,2034704.31901197,195969791.74330288,17500499.331335753,0.7638241883233334,3396.861235524456,12.240020727729998,0.13206931522500592,9.482438634306906,0.2942203222718961,0.0
826,1007064.0302144566,305245.5564584772,19878924.80302528,2495319.319227637,0.712675706975577,3867.754865787755,2.9609569787035825,0.07754293307449264,5.6329130741037305,0.4358610427341962,0.0
827,7143678.417742208,1121004.7306310998,380623450.0844899,25860966.40939834,0.6755770905081956,3771.046928324694,5.460833250123599,0.10911060339242411,7.777189222490939,0.1399189734733202,0.0
828,453887759.74774456,140458689.08535063,9783232041.37052,1095154770.7408283,0.7167278734297964,2667.78172956075,83.99323130795898,0.17167856450361593,12.761391348761803,0.20387600995924174,0.0
829,37007.83287618934,5291.080340873377,4142560.902150859,153203.0876350332,0.6457792606216537,3844.5475197843666,1.6054564552800097,0.20897447422990503,13.57057071904527,0.36464172566444536,0.0
830,82614530.54638131,9651936.967246456,8396945066.375468,364146750.8332616,0.7393303220235504,3122.1403501514583,132.8850452334126,0.08241690244651786,5.618019669484738,0.19646359226954527,0.0
831,17454650.006788146,2869052.16269232,1240276630.997665,67387782.56597017,0.6524700246909791,3708.8040322290262,5.685408834462925,0.092581370725547,6.307201123294233,0.24948382330441246,0.0
832,6682405.522712627,545970.3429364718,1878573881.5965958,42495141.5612248,0.712559367553948,3212.3790315014003,10.416510420159533,0.18530991235149658,13.693917062892059,0.2938025940856809,0.0
833,36859410.714675434,3761232.114833829,3585479028.573377,169175418.81224608,0.6990332786342507,3794.529930954078,11.159563831715394,0.09919898575034543,6.949320397823788,0.1315893895186486,0.0
834,42924.05154403336,32954.30632932042,2085678.9383930727,92647.43515423185,0.6813339578750652,3341.6456593616517,3.274429956098476,0.08723301160687891,6.159726936806315,0.18299365704241255,0.0
835,76656422.04823938,18634563.93383552,1323556768.5688682,197075449.12711886,0.7430761521040953,3743.3483978859695,12.27491465818251,0.13897048989101587,10.218766998529142,0.04907957507643375,0.0
836,16205125.28484143,1498824.6014504868,3951017511.0777655,94063578.73516433,0.7363441067739301,3614.831311624066,30.450955283537887,0.07997580363016406,5.628153948185816,0.35400842259245535,0.0
837,21862020.006205186,3094341.0148650217,2847689119.9344454,103581664.63708499,0.6550900027396662,3649.0612270318866,6.3601612523135955,0.15782634965190062,10.98750425488186,0.21799984515835263,0.0
838,33307758.108480733,2585559.1077435883,5639535834.8813,183785781.31785494,0.7419624366597363,3628.4606671438714,9.821497490568545,0.03508450470097779,2.343064072182216,0.18562608516718873,0.0
839,10714114.910255823,820745.5975468613,2399491894.8483667,63397218.83445998,0.5814036670998876,2166.984419996965,133.76510878321852,1.539692413360274,35.00993816915595,0.20787895219536093,0.0
840,12030574.381943567,1553239.926937752,1032626792.6500251,51508088.78806074,0.7716007374338769,3565.4676892986117,16.23721476816483,0.10851511425685922,7.298726355886998,0.1038454910453287,0.0
841,16894345.075013705,1216646.213925717,4443168164.070444,105070027.81113736,0.7859642877642002,2805.9017696342826,165.38184736271822,0.1198744274142097,8.765143258761894,0.21566750712444666,0.0
842,12001.155064732047,2653.2777533052417,3096485.163612836,63605.619207257194,0.6778761180630105,3521.893578971868,1.5779519497724543,0.05813593351088384,4.188375163488871,0.5682667643681162,0.0
843,50407438.831054695,4390082.021076196,10225251378.50211,289657604.0485072,0.7260873637740828,3151.902216162973,1073.7458776934825,0.11697445895858535,8.81398636182153,0.3996870650990631,0.0
844,78944947.40034877,7220870.690934512,13900430452.586105,427443365.87810624,0.6280185659559445,3963.7800664681363,10.234125662003189,0.14608048954723135,9.846714516191991,0.23300953737975885,0.0
845,8683169.890088264,753639.254837281,1299666108.4783757,45515480.631375514,0.7283346735439491,2940.8892773117113,25.77871568495802,0.08139269615176303,6.024338997317349,0.07831209020097038,0.0
846,156801977.28563878,154011798.47894916,670778134.1113824,181255184.446613,0.6870142170410666,1779.0803159474294,4.461839677341909,0.07116660394273752,5.073273762750714,0.03409991695132698,0.0
847,10514874.39679875,1745723.0694701425,1304091911.4121325,47572827.451587185,0.745413064711025,3061.6492170774222,87.59001764525165,0.09767796401448807,7.079123437487054,0.17762738435768705,0.0
848,38488670.25474447,4698075.855055082,3443229016.3274164,164512771.42482302,0.7491654504167538,3819.4144846425997,47.92639352798684,0.1300097796798018,9.37091751454017,0.15155829245728755,0.0
849,57909283.950540766,12443655.668512374,3563298942.1493406,205001059.51083755,0.71841021865301,3513.746992587844,6.974688373751823,0.05917514785559223,4.049357691753369,0.050281384613586395,0.0
850,69423949.30387643,11946172.670148097,4326163328.801604,249709250.32485193,0.6376819944303719,3604.9374202597382,10.909055927891117,0.1511487488551401,10.803310153035559,0.22672608689745938,0.0
851,55220983.87574092,6075596.924427316,6029952084.686251,253144716.69173852,0.6803580124352769,3588.5824948209283,20.371383613968998,0.08318994016258871,6.1874638978542125,0.1603952014928439,0.0
852,174057080.1234818,49700066.50283487,7557049978.816432,532621253.47649014,0.5052725364707319,3168.661603521158,129.10859669642198,1.4322160080114195,27.62336253785105,0.1562142515549737,0.0
853,6956207.848284043,1317376.8051566877,304371076.27940655,22970951.05293868,0.716364333592639,3593.6697060020847,5.972102077844817,0.09918010311391567,7.080479930033168,0.10098926914046572,0.0
854,89545549.99172798,34037529.11837902,3264443127.5696993,251952617.944031,0.7306788455195738,3973.8436819047843,7.9592475821857995,0.15226837015098002,11.421381843921477,0.12767133445718096,0.0
855,8082.990497204781,2707.13084369582,1944896.1595132104,37990.258882260445,0.7120244902224248,3852.924995748308,1.2055979036707618,0.05015095352004284,3.5597989525608282,0.18074158246718297,0.0
856,10837.660607893862,1344.530853537174,2937266.1980241714,61738.35860065227,0.6663565251963062,3620.394055373399,0.988520340967274,0.14287223149167608,9.620316332195815,0.26091681333203015,0.0
857,19817680.6919116,1243340.5389883548,5568842523.821591,128478190.12922104,0.5699794014149571,3447.5610546228036,17.852706300393656,1.5264045504430537,34.41285181835722,0.28341734781855465,0.0
858,4852.561693434947,330.1315818879935,1964139.0117648211,34174.86797380587,0.5965231142699953,3879.6463554979855,0.4336182682897365,0.06991690803228909,4.796922834347221,0.34744467750471475,0.0
859,7319.0155492474905,1890.0867327906897,1487904.7366606607,34689.862735684976,0.2941586425335077,3784.786017361812,1.88223445790802,4.0556025819277775,65.28950974843403,0.5472919985140208,0.0
860,86274.32379395353,14498.659156739875,5197215.378524247,303147.8522244892,0.7144660794086696,3574.71648005629,2.898484660116756,0.11892456472958948,8.835982412298204,0.374060053545163,0.0
861,26404845.465091802,3292843.548922787,3766059726.1126914,125454333.0506806,0.6904025008458243,3616.636754628774,21.12192673691128,0.16416685015129007,11.257579638460749,0.3878339116119401,0.0
862,20867.327574035906,8279.319860095933,2517820.5110651795,75138.33948683836,0.6018719581149586,3509.7579331119423,0.8166270045437486,0.02755691919924539,1.8873124517429958,0.17663564201543663,0.0
863,78946032.16731921,7220756.240989995,13872747147.615814,427355412.555257,0.6211506222983161,3788.538492163348,8.442605867943916,0.17951201335023156,12.406020588162127,0.23201600177414722,0.0
864,68286684.55394544,23882100.437593896,3126454699.813007,199503160.103301,0.6967861446976797,3276.306234101663,4.784745415645036,0.05042608060690652,3.6221325425772704,0.11161312884724196,0.0
865,5194809.500522572,1038691.3011861744,234643914.80663115,16324368.29826121,0.7091241710786449,3437.0509024400444,11.452989896135458,0.14398653451195703,10.378740541656509,0.3448839727646495,0.0
866,1563446.6872736327,959346.8712099928,21378627.14765443,2690463.8261510287,0.6511730537138714,3914.976564906191,3.725052328765991,0.1453044837778692,10.842122014321397,0.32741691039741566,0.0
867,80717688.37879205,14069991.999248162,7945287755.109233,320185667.2489845,0.623811992352312,3658.104095440561,17.98582539483829,0.2439309914229245,17.249400862281227,0.20947631555957819,0.0
868,12595754.52083893,869415.3628457714,2881449609.41823,76527580.84858415,0.48845498888335526,3334.2118375638192,48.78286646828351,2.1741244028765534,43.23013644491939,0.32561592035937403,0.0
869,6518932.0507545145,691230.8325087882,590233831.9291089,29126507.70222224,0.7281139681701772,3778.394264955191,3.881819681706871,0.04377471105716983,3.0558454325656386,0.17446535689677772,0.0
870,2071322.8750671379,305654.57320067676,103394764.4474339,7491099.015472206,0.5445008918632128,3257.053772216218,15.092532201948845,1.507789728797043,33.224141676220896,0.32734354060767673,0.0
871,156669.26130984206,34249.195103981976,11906780.322062679,557457.6657154877,0.6628854198066362,4097.681422771726,2.2502477456939523,0.1473809174575079,9.443297237915676,0.07027072343473358,0.0
872,368910.2393375289,104713.19915843246,12751751.06131947,991293.3740421359,0.6716212928190675,4023.538379550833,3.7027365549690825,0.10116055507642514,7.129162296444369,0.151153341085134,0.0
873,14154588.578226984,5104181.083196293,174469481.1692614,30963107.91264363,0.6847948975385884,3387.8753806440536,4.134094783146382,0.12952475646801834,9.423572134573181,0.2818118632377628,0.0
874,345875810.5206634,112882140.25617139,9534802263.892475,878593161.6050808,0.6964550065024392,2674.1373235250653,10.276013473276981,0.02602139937910177,1.9461701345764708,0.1269786465522089,0.0
875,7068605.021777083,1109909.309335383,295402000.78231305,24368114.86733388,0.6078666597493639,3724.435005533606,9.8735041429208,0.773240384587447,17.81682322692175,0.09836796669410253,0.0
876,200611.88598154142,28091.76370945283,20183199.385345235,854361.1432201657,0.6731859902395669,4135.963366053611,2.978745281662527,0.6902193132572532,11.907270860689355,0.46000645382900224,0.0
877,50494309.03132161,3559486.7710937993,11339521932.439095,303953138.44285405,0.5672616467545021,3265.132249436456,528.1733155013367,1.5473467902228477,35.81328342149484,0.2152032891362032,0.0
878,14492868.384502893,1359448.191598495,2060725359.7066073,74216639.4463399,0.7253566811223742,3704.501233752924,74.52655823873204,0.10569128327946035,7.663249350845558,0.11058609097993619,0.0
879,6480968.772224839,2189777.722433933,115401698.3847126,15392198.367940605,0.6829472014525944,3791.5456272270753,5.21793653623232,0.6878937560183187,11.707929212965514,0.07701645982316692,0.0
880,12770684.023010843,973210.8368130699,2732518724.3609705,74815139.44509052,0.5713387129987022,2932.142549676527,74.95599761457359,1.4709086754478977,30.096604077890344,0.1797803825282711,0.0
881,8151789.098022553,841405.4490396592,906640598.750206,38567974.13690154,0.7247553136197695,3233.7200747427028,16.747953593855485,0.7981054449925477,19.796606081295284,0.13800940016990643,0.0
882,11518496.626119506,3442089.159859064,359973809.8333898,32629737.167126425,0.25424413065830714,3400.963673226383,7.505928357862701,3.541422642337057,65.51372834085058,0.2567759903541729,0.0
883,96116646.66766873,12540779.30469038,8709251543.837896,409889744.9784014,0.617979542762129,4110.618364887041,5.847738281790236,0.11280273852877025,8.364359669537539,0.11147947538430136,0.0
884,190430478.9575046,27428712.284673028,13902326777.042337,758090736.2489707,0.2877474378574677,4043.6287840623263,6.689480869756468,4.030535378868891,63.619224545430924,0.1779464510740366,0.0
885,76227351.50132379,5359014.834120182,17866320390.068134,463905787.72765225,0.5874474787907362,3975.9060320634744,4.781312059742255,0.1139751932863489,8.266651667755992,0.19086721011940913,0.0
886,10002.288237524113,869.8236685899041,2437230.052648678,57265.31166299888,0.5554332283935013,3975.1371348788293,0.6752569726299935,0.11126783885573452,7.902289686687871,0.4195659126860108,0.0
887,23751115.29689901,5420544.302421829,3940609598.0115166,111060412.17043671,0.72315634719048,3195.9097641147723,22.37161521018205,0.06154980594883437,4.244049440981359,0.3624234716855112,0.0
888,254761.55661825844,43549.45179040333,27781059.38210349,1036340.9146528539,0.6856821169949755,3950.0190274226366,6.22247202919722,0.09746557519959378,6.834141425665431,0.19667083798649684,0.0
889,8077011.821742709,907136.2162420936,743874435.0817626,35754539.803194895,0.5710875568801304,3887.3018682536995,5.194019282773705,0.13818182859558387,9.798237404135813,0.19597867594138169,0.0
890,18328539.40364152,1971080.536716134,2389124447.541782,90196924.76072106,0.6871779890415785,3848.212389979024,5.186717719594339,0.11479800465152108,8.471660684595767,0.0783632831702161,0.0
891,44064361.02830688,4734615.9357104255,6536816579.24736,220303556.5272537,0.6591907242707662,3427.8133785519876,45.339501843561735,0.15122864621143134,10.462035955955061,0.29965273290570565,0.0
892,5730.786695869379,1390.8819337938553,1317874.2868823851,27628.94790226324,0.46597375517443806,3605.8004159122847,2.2691956347804503,1.586132634230595,38.86820909573725,0.1308495188360044,0.0
893,42028966.52174212,7347352.39661092,8833365857.094246,228002746.1342187,0.6942160033545393,3089.924245542193,112.1936064826669,0.1811397211809173,13.301096307374973,0.3345702372103195,0.0
894,238930339.73895225,49938826.294438966,16269417987.526241,873501355.3000968,0.6807714476120572,3540.022039309828,7.750006704576139,0.12270124920818057,9.021208729080785,0.177440140773767,0.0
895,4963198.190883982,736777.1822704388,505634160.05552924,21384420.56104785,0.7693885871767991,3052.0514410742003,42.93859570301179,0.14076189799714472,10.358903902090297,0.17114866157009936,0.0
896,26078935.56922546,3391258.9064898416,2205066302.8994207,108635197.89704251,0.522985063572531,3500.358931775883,78.93149203328758,1.4502287548489143,28.746674601512137,0.14261839831164824,0.0
897,20028780.216796283,4273915.4504222665,455963931.11188823,56161396.20218668,0.6567015376544871,3691.1807399652835,8.02392875943951,0.19664910073320244,13.708590687477852,0.07498396425592878,0.0
898,8244895.643587229,784985.0890190522,933817741.358304,39687897.29184265,0.7222028044756967,3920.7495128721175,5.08241570415976,0.0767883496468393,5.2805584610276455,0.19163862056272984,0.0
899,7123963.960112031,711707.464080695,798979069.2480495,33606429.122983925,0.5179107459721056,3680.1594473701084,17.182158964409272,1.5711094541176198,37.213862748899636,0.2212685479312292,0.0
900,10218589.55091221,2711813.488863106,689872573.1377017,35520231.73984348,0.6838353275821385,3504.3331900409257,8.871769897918817,0.8485827307555855,22.77842613703167,0.23658435794305246,0.0
901,710299.4744658866,140551.8689074679,90621313.02300522,3297221.0499491165,0.6227768941258379,4162.4624729963125,1.713729114390819,0.07350930819890333,4.938314926557416,0.10644032554638849,0.0
902,19640937.52262836,2731890.468582951,1942096372.6298814,84353444.8380566,0.7272447752328141,3776.4432028232022,12.055590309338655,0.16565565144064234,11.155495124311205,0.2310833334405402,0.0
903,38101.647689652316,5401.882257779705,5946654.631748429,174375.0911241116,0.7009425753958938,3704.6901957466425,3.8750018489365026,0.08603077114166213,6.286713030635497,0.31325311291375996,0.0
904,22073.119468239707,7503.275430527506,1467908.8400482968,67321.74207726687,0.06322305992564232,3579.0437549094104,2.3711225771259374,5.523518796756052,94.75746134279733,0.36951209651247563,0.0
905,73732743.71205081,19104211.222648006,5121254339.26424,258815580.02351484,0.6386254408517325,3649.115491273582,5.08032311013112,0.1253290712452791,8.174506451888657,0.11550386316354651,0.0
906,197164260.442643,25482560.026266333,15313408829.2776,821528429.7455406,0.12430400511167397,3759.7251605104966,22.587865759874095,5.52897958930067,95.23702539389967,0.16123463783009803,0.0
907,12480156.308511844,1464190.681620587,1717594185.6816134,62087276.16564052,0.6874122525614877,3532.4322921658895,4.077750727575807,0.10313321180734558,6.986356112897331,0.21513070994595782,0.0
908,166361.01840002232,30064.426057002704,10906543.820856942,606729.9439519916,0.572148018395598,3872.695303868618,1.563012285315064,0.2075613462551317,14.457284250890433,0.1174921432586358,0.0
909,9753438.823842458,1148953.1747828522,1061277186.2088697,44647073.081350096,0.6747122488028658,4291.940544847203,3.4362462671190315,0.16299645703708351,10.943517588099454,0.1846686980931946,0.0
910,59943779.76177485,4900281.290115831,12025148840.50779,339480069.6883748,0.5897480270135186,4013.041633083139,4.246044984461701,0.13370059508752022,9.046519292339461,0.08593680305593401,0.0
911,6011.0674088453825,2465.011203933275,1104465.7603296167,24577.219678732166,0.6601538680436596,3519.6448376266535,0.4236936784815144,0.07693530751845508,5.507935283921086,0.3457758404146153,0.0
912,5980.048926108706,3228.1170389126873,1059200.581397032,21836.709831503747,0.7040970597772191,3787.1949347630753,0.31850482054702633,0.06149390996673256,4.32865097734358,0.09504503558331119,0.0
913,27565684.735346578,6967620.792444105,5728944109.841658,136405043.1684161,0.4976500250016593,3371.3971508519144,124.8344015464366,1.5461484492766928,35.50097626725979,0.3684188797338783,0.0
914,1374897.0569137828,266642.0560246623,72014316.31311955,4733070.039363362,0.6239245386491594,4012.7003584311287,3.4777013380142576,0.160391608446871,10.758843398972312,0.15798417609843626,0.0
915,2838.76822970567,545.6991831564807,748814.4437153327,15141.282763956304,0.29931730134222084,3996.0174080517436,1.4317865309029485,4.102094773671449,68.10855231124496,0.46191993832598405,0.0
916,3067783.3469761745,390163.99018894637,326584528.29057896,13729394.302672144,0.6809800525288685,3693.0766650208757,4.806121620926741,0.16458398024093562,11.15776023600986,0.23884448589966437,0.0
917,22738.67395158186,12726.90925370537,1743886.6499993932,61686.277429982365,0.6123858993539498,3089.392036342172,6.940521921607445,1.5722454180381962,37.53696458816569,0.3746049595721826,0.0
918,338837943.0508337,45721602.68422918,37038454371.537125,1522667132.398584,0.602652369497629,3857.2179579514905,4.020635555550423,0.07876454025078602,5.648951216051529,0.15477044179549856,0.0
919,21574776.23532117,3015629.4989153706,3914363325.623938,108530299.08934534,0.7294718100189974,3453.5909666849934,158.76603947197026,0.127819991828885,9.304611420880281,0.21916031418919174,0.0
920,8159508.084558693,1044498.0383371295,722225049.795471,35325688.03541214,0.7004345227790032,3225.797174562018,16.744600218773275,0.8084551933174453,20.574119878048702,0.14918174832199463,0.0
921,9888.614137924687,3385.4745544526245,1764609.754084954,39597.17913791188,0.7376806099428307,3481.5848759140563,2.3188667537005934,0.19698576502784731,13.899962990475093,0.30668212704214065,0.0
922,13742107.814387739,1245014.1665789434,2487787137.2070646,75235219.1079614,0.7117305785506656,2975.5946120793587,102.74064817738258,0.15071315387718184,11.040070913537363,0.13054491128454523,0.0
923,7580371.703891809,744533.4149625864,956736425.3979352,37365985.42811413,0.41767654552283784,4165.898147344771,12.907261327203127,1.59969774096892,39.4279759942667,0.046085459638524055,0.0
924,53353024.13794912,12866542.548454573,8816922076.858774,260994728.95395225,0.6751908219753096,4115.351320431585,3.766377525009914,0.1664704424945433,11.652756215104414,0.09258549489978152,0.0
925,5677.649746772498,780.6178960204667,1624105.295785562,32357.5102396601,0.6390174544780403,3710.0963337303324,1.1472958739054515,0.057411467768625005,4.178508224777991,0.2349693541058821,0.0
926,11170138.448434455,939283.6399866734,3173857390.552631,69787493.01956894,0.8295622471047805,2758.359290563466,72.18965670666569,0.12133893715296651,8.59626144118211,0.312476534182288,0.0
927,25761711.212196793,5419919.694159394,915235898.9579014,79963330.08050866,0.6347144729066724,3875.2676295015435,5.615049155199721,0.7767837965111734,18.07693912331884,0.16180465993711718,0.0
928,7820.339312553665,991.7695786813414,2112783.128085927,43948.75529964479,0.6470055367103469,3668.739215371829,1.2529813277310122,0.1519015199327578,10.469576570819921,0.20414414119126362,0.0
929,1481858.8667861847,460512.9700656465,48575384.789115846,4206259.600481391,0.6606199301661713,3997.888375023669,2.3289568373050695,0.07770706810177871,5.648744970664737,0.25129473987974466,0.0
930,121479800.24589102,35306965.31046116,4135780732.130404,351134381.2560371,0.6861624636034759,3909.2266194178305,6.539038251825958,0.10960757395846228,7.969283702670093,0.04219927551355148,0.0
931,3410051.750202091,659297.6772399286,143071373.55144787,11379123.740918536,0.8021545322917841,2691.8110348711316,36.67006387866305,0.20662106742590075,14.902912042625882,0.40151294057694714,0.0
932,8773.740824218967,2727.2569898881347,1578418.5659720574,36209.454918406016,0.5967425616310715,3703.250474296449,0.8146333701673351,0.7629810558297222,17.16987418118723,0.4636343316948415,0.0
933,2156900.12579053,160704.4570837512,485620499.626268,12831809.74236928,0.12782212936324266,3653.523829634567,5.424980326457633,4.104261157467041,68.21442867008406,0.2590992682581063,0.0
934,6396806.462889399,673586.5300089705,800820426.9465587,30836498.378722023,0.5558463615864919,3410.2388884893644,21.3088144887833,1.466764009263784,30.086719104633765,0.16509828767159043,0.0
935,114043532.56039989,19712828.836435683,13511794271.787384,497986659.08359146,0.6838023380644774,3729.346613955141,11.394500696876365,0.0981525840761603,6.756661294779329,0.2126750881878005,0.0
936,961203.9860305646,80617.6259839497,204529432.00052541,5548067.429529612,0.6965839038948458,4017.6131315150974,7.052968863587005,0.20298822196636862,14.160592785455112,0.2561180907208211,0.0
937,8502727.58221281,760203.1665199264,1385105058.0088239,45613595.731740244,0.49521761611896087,3434.9327633548455,35.67511558052262,2.2291638669199325,46.05404973196421,0.1292683475219283,0.0
938,32344611.642163865,7132632.276221417,1596489121.5365229,108841537.67626743,0.6682082106285488,3714.2973571324146,8.036831243979291,0.05217556802625003,3.766555752322381,0.251348366043627,0.0
939,385364165.2053759,141043585.75126347,8267131191.0811615,909219644.5100836,0.7736323100525444,2355.4089265671596,39.70873631147069,0.05676146849168804,4.233686537445722,0.09634765846849883,0.0
940,937725.5282876802,260514.42049155672,34183225.07991919,2637154.585129642,0.650222502385623,4149.459961832347,2.9161851779425327,0.21181984535815354,14.317324565701535,0.16204553553827028,0.0
941,13634.72717936178,3749.3154680739563,1925810.288851472,54046.72732013026,0.4813266270265741,3459.7447675462486,3.010021522409975,1.545414879509202,35.70143502992581,0.41801171214750993,0.0
942,29478259.606740613,2150627.836196122,6024611408.723349,172559761.13483888,0.7419391567041614,3810.549247330932,12.248082240713984,0.14604291937001915,9.590635428217814,0.16398657510384598,0.0
943,198135993.45688352,72030553.30131774,5770090499.785715,477977349.9484091,0.6700311980555835,3719.7597324973376,60.72306465731391,0.1348602326236657,9.604274836506615,0.2558384868253851,0.0
944,18810354.72164855,4942303.473508724,1779466131.1855419,77635461.63895765,0.641546758543093,3535.7812330454417,4.9231735742301375,0.13201464519111736,9.486962788442032,0.2594357799446389,0.0
945,705582.6981154631,206978.43845764492,33996839.77380214,2223657.5125166965,0.7137321985988516,3884.9925647118234,7.394816107235316,0.12117588999979353,8.692900535429425,0.458206156966243,0.0
946,10801.345636366765,3355.672932877909,1881692.4999662365,46229.686556117646,0.6440231424560272,3459.2535604627165,0.982875523875393,0.09971151705513526,6.994860055355552,0.20681636207136248,0.0
947,230497755.0863983,70074706.46482326,10762669251.734104,711116552.2008713,0.6554712133825192,3604.9938674814994,6.403025565420393,0.16410902704434055,11.255954912858888,0.049817601103840946,0.0
948,144759.90311070048,81048.80547633485,6920179.041951734,383489.36986253364,0.6575428516979496,3651.7752090135405,1.9539827753637964,0.2706790378737596,18.424825443948684,0.18001003742473504,0.0
949,6168084.103759507,1173861.0844889176,306360942.5499846,21438292.68123107,0.7587526604195716,3652.5180664276213,6.822633288334077,0.08053680118340703,5.819961192390686,0.09118605914561484,0.0
950,2007.6925045715857,190.0212377920844,775205.1815668487,12996.481475079354,0.4314800948454006,3828.7339201682807,0.7078876852373807,1.4937881251985625,31.977145513842608,0.5742323133510787,0.0
951,53341417.45863192,9841024.52113158,1832834547.064792,169728012.44841793,0.8136060937076026,3545.535652323272,24.600552554487347,0.10344819584778042,7.810343098655485,0.24446291783612883,0.0
952,6135795.264125771,983911.1523724764,366860457.1332276,22652051.971440606,0.6710827158951077,3466.0183895692007,3.2400147910924972,0.055990843203780026,3.957643843657037,0.13823495028307367,0.0
953,3482452.7518088035,366982.95876283094,364822446.6288034,16138251.143110175,0.386820798212782,3946.3574426872788,3.153520435240916,1.6054045161087642,39.02814787051805,0.20400396127395337,0.0
954,84425775.03408174,29467421.19178649,4541029117.2529545,255616070.72236314,0.7192647187104482,3251.77812887993,82.68929997379388,0.09441513717949342,6.986460920356639,0.30149501220934355,0.0
955,13564097.79206017,2239084.6031487733,660246446.9617126,47557004.57229897,0.7026135754764276,3687.258205798612,8.986898182318903,0.786981836956994,18.97094998390057,0.1293193068205394,0.0
956,397852141.751253,59996433.0939372,25561922343.231243,1523144596.0619473,0.49010372940344915,3071.700547942044,131.90020637618383,1.5586126336668562,35.749347085732005,0.1533473209242321,0.0
957,10051726.261219487,1498918.5030031991,671641814.1781746,38703041.89259901,0.6137509841446372,4383.053757086383,4.475704185105476,0.7363544934222682,15.248795860584476,0.035067825585023985,0.0
958,103444.70525482974,29293.674176403758,6478194.158483503,310730.15742581355,0.7930732361187214,3369.6558715447336,11.264702248080072,0.16236173626466002,11.749841409899563,0.30979690285080846,0.0
959,555836.478275736,132897.35683227525,15483826.729214951,1527959.327067999,0.6943436293537977,4211.948462255942,2.8669057509188365,0.15278343848426684,10.412872105863165,0.46248878167920504,0.0
960,448221405.4144983,219199602.51064008,16530752962.196331,1065307173.6356287,0.6721104804746024,1989.8073272686597,8.655594685420049,0.11337525357249607,8.014723144853646,0.21484513730608243,0.0
961,18141.57052151461,3973.8181491995674,1816658.6688758633,69200.25590954452,0.68067327461048,3577.979948690651,1.2319723205489608,0.12026227852672103,8.487546588826705,0.3732411535000681,0.0
962,4112916.9379925006,670825.3089566428,188807593.15788212,14367583.694006804,0.23782313953878909,4314.490436230246,3.872249255284069,3.503864528935453,63.13594517551936,0.16004960675769078,0.0
963,14283.85086527687,4467.030820570479,1994406.5534394816,56963.20543716846,0.6263336030832193,3844.582422849405,1.1954203251963114,0.7549222401496697,16.448204579189092,0.17702088230176138,0.0
964,363519.1938329565,27817.17195689304,104708276.56418668,2313678.810688685,0.43946041795737195,3729.504393399324,2.3498183169308904,1.5825904283015237,37.74601276797648,0.3371065039306535,0.0
965,10184792946.764614,3599855174.2208776,88438996620.66272,20501342225.24023,0.7374709515091429,276.15618914425636,19.472024792452128,0.09358028543181511,6.709494677458553,0.02494183719483074,0.0
966,8133457717.695976,1898583263.6399636,242054978394.3636,23253474715.24384,0.4913163955132279,1062.0531544003302,61.168813442516914,1.4771537775158994,30.654391938221643,0.08601540309672515,0.0
967,24600.84742592251,9965.571208896035,3907522.2672338737,100587.02508020673,0.7451280524576875,3801.1092316887803,1.837460901164642,0.07977286362250044,5.792440583388459,0.21923605078216213,0.0
968,35854988.869644426,2750196.6721718935,6438795786.486892,201122129.55026373,0.6482727849853714,3971.4365860930066,60.25166464131179,0.19299379195916702,13.39410903189767,0.05930413029246853,0.0
969,37217127.432467274,9924143.16770034,531759539.46512806,89990252.28767598,0.7357111873925972,2744.998692195517,40.441184780639816,0.1188517610906894,8.441834128346148,0.1777743306793308,0.0
970,35978038.48413382,5568863.772992308,3864267552.288536,146675755.09210652,0.7541731173706018,3374.243763656501,263.32607331367467,0.11642767809825197,8.479359100174516,0.3256859238650959,0.0
971,104776130.5451099,15050709.979480546,9340609064.053003,440363127.991024,0.6820284477306139,3697.3859083083216,6.727416071230883,0.14265297684470593,10.562587777699578,0.0846702514209823,0.0
972,8573976.02357303,2449999.5086576114,593847562.5684087,29285647.09806321,0.6397330400027418,4111.357677844442,1.998519953660503,0.08124391738646812,5.775848600674578,0.2551123590892782,0.0
973,56152815.48171872,7420513.730442299,5996674967.127039,246726268.1094203,0.5090926414535062,4135.795161952059,2.705299477651722,0.705131811313388,12.814769059222504,0.16449385108437356,0.0
974,19798.18069012829,8699.742163924308,1301101.9777980526,53066.08454684197,0.5176161262808369,3546.1070845043696,3.843367416804295,1.5660838780808777,37.251053493304696,0.4199476647233807,0.0
975,12880736.076999519,1160041.0116011682,1763652521.0065029,65891721.08966669,0.7491723640104918,3606.5646945487088,4.161825761121874,0.047617970818582656,3.367530688426579,0.04369082079555659,0.0
976,11230361.878457848,1670387.1298656154,986861785.3691345,46484571.284171715,0.717702221077656,3620.534958427481,7.70349332339022,0.1690755062857086,12.104596742731468,0.1293606641280353,0.0
977,3232.988824606709,647.7797599217669,816025.7560417843,16687.270793967655,0.45227743891120376,3743.158191820457,1.3263265540013838,1.5627805134405823,36.65013913168882,0.1216653381960123,0.0
978,393544.451033465,40188.33000202004,63227317.385751106,2011085.663224491,0.7159775344313964,3825.611489231499,8.264559723233102,0.11012341470623052,8.00591667358624,0.5585988711052017,0.0
979,156648.04836408055,28674.6083939085,19836263.396505035,691042.7739775225,0.5379438887991967,4125.688809730495,1.771573253343641,0.14890003194162799,10.386424717543552,0.08957701103022037,0.0
980,7757976.709242148,1448005.6634728224,633607232.453131,30770982.512572933,0.6901643686849985,3401.4491807498107,6.958212001580156,0.05639717858744042,3.987604066392778,0.16863472284153605,0.0
981,239768.08854037835,54768.53863746432,11760218.605882008,731935.7313504976,0.7141235028884435,3954.709072199689,6.055432555103118,0.0479512234010608,3.3937151189953765,0.2012414545134518,0.0
982,407046.1002551519,47733.307266774704,58391994.110925816,1924999.8248890792,0.665191118963398,3742.1307303118115,1.957799108990019,0.7357999674619985,15.2910798203223,0.48793072228299755,0.0
983,11543866.098946182,1122720.7824055501,2461970968.5221243,64352189.89646795,0.6895853120130114,3133.5199430205757,41.3300898230356,0.18377698403031123,13.0771775359517,0.32631000065821647,0.0
984,2242.60758009696,323.15711656869297,790856.4107152057,13687.849477578557,0.5894515490752985,3543.3653429522483,0.6000079825351298,0.7457254669554537,15.718680556768907,0.09994821824637408,0.0
985,1763867.0431329298,280079.1240715672,448413597.06000745,10419249.669226144,0.6568201792793406,3784.9890541426803,10.416479289067095,0.8005064263048378,19.759585939111155,0.390309765089945,0.0
986,24621.2829021035,9077.457329699291,3352190.434614963,91006.21301585497,0.6659174062691443,3586.8477482269977,1.9888222459382032,0.16601790488580184,11.045337199316112,0.14935597173947285,0.0
987,37927779.39000037,8459946.960122032,1472942215.642425,116732279.49898107,0.6911650054452606,4093.1409067279124,4.617564295663396,0.14139799408168888,9.352386350309192,0.13799310424334474,0.0
988,49377.24434733063,13021.3894565338,6543399.09706717,196543.0134984223,0.7118023008681001,3890.9250152635477,1.9867185367877187,0.1146068561873009,8.123053948287538,0.38270655922016134,0.0
989,34344.01595821969,8392.506183966154,5352477.077612948,152831.60738123595,0.6365287196342496,3589.7162099746342,1.2847955346831617,0.126720827498111,8.531618481924792,0.4497588820852781,0.0
990,114602.57931274905,22485.586205060677,7529823.121578239,415524.42738650163,0.4515927826234898,4383.592529423932,1.932312461829799,2.1136833279774474,39.388574070224635,0.1247077876939186,0.0
991,13375854.584467035,2284831.799779604,679698922.3421412,47320222.6620669,0.6782420265910758,3445.7450562776594,5.616619017174367,0.07564710821826352,5.5419623706061305,0.097682919656428,0.0
992,895868246.0142593,157229713.02398905,71500584774.00874,3430146990.2501855,0.5852771404131463,1902.5962556736606,4.429315143650534,0.07255202301792414,5.158684693961139,0.20073822249353185,0.0
993,38285.76234803963,12931.318419664194,3254934.049949954,125605.30179931733,0.6791848320445206,3697.549639724792,1.2502515684542157,0.08234167348852264,5.775391391125275,0.41247619243986045,0.0
994,4599315.19699383,1486570.8304433278,129692208.56913832,11823501.427951423,0.6382590114590867,3605.8448806288397,3.176345004960363,0.1520148843616144,10.81667697986151,0.3062938478970001,0.0
995,873539.6128792136,386359.9008018273,9453336.27633513,1589003.4420339032,0.7155411575813654,3472.0099291028055,5.8478094903346705,0.14571022441971468,10.39596937785718,0.2602011908794153,0.0
996,9622655.107775312,1407858.0981706148,672928818.4907537,38253963.5786388,0.7278420993966315,3538.3559807328706,38.09016009779181,0.7363254017869542,15.6758507854562,0.09076058628823098,0.0
997,13638334.335121095,2097440.7997984793,1516202053.4606903,60951791.55385651,0.6779579341207956,3471.862521142792,4.512879835499937,0.11167001272049389,7.448879785131721,0.17178786564982884,0.0
998,84472003.68893749,14353369.36237137,7312305310.817751,341211975.65551245,0.6460278223828546,3824.393011890731,6.417291601446531,0.11985301270570811,8.70451460817197,0.17590716056488281,0.0
999,22540967.890951745,1716253.122645459,4387713777.1901045,129185843.46776548,0.5437174809656768,3333.3356537780237,215.07573282839644,1.5121347932549427,33.37545701334402,0.0706904289611895,0.0
0,600506.7418992107,37463.82501430095,205739420.06325012,4098957.2629962885,0.44455068648344653,3923.520273468345,2.8057002151075516,2.1375383231315364,40.43215708668364,0.552376583497748,0.0
1,169971008.60681266,49596329.559967086,3554600625.9384127,409328820.7095645,0.7134879814799742,3533.8151238251057,59.289186846686505,0.7426001161945655,15.687541615673245,0.26291075958136045,0.0
2,214481.3875902093,23885.910114042512,54796354.66097076,1247985.9001999947,0.662227041298545,3404.494785789833,4.844453335866032,0.12064947987723249,8.732631473442606,0.38241247121876226,0.0
3,51840002.30942603,7785992.329793018,7749390357.325816,245893259.50552884,0.6893905459391092,3348.25150106812,33.50409765887197,0.09299722615329245,6.63190948667625,0.28548035374217845,0.0
4,180832578.68759894,156291562.55585858,3369788971.280954,296930170.88515615,0.7169409645657006,2328.2063082885506,87.28600990592095,0.12775788941452051,9.091049855975482,0.08619696577570475,0.0
5,418253.51648508734,29942.076167200412,90527334.54124227,2479040.2417650553,0.0971824377947544,3868.24044467516,7.737114863998988,5.510353668585163,94.08097499256097,0.3431018271296891,0.0
6,1603896.3506337642,93623.38619817627,582141475.7150137,11216726.506916279,0.6951101128978144,4114.38851051869,6.834127450891308,0.23201286921380132,15.84187627369225,0.4108501112900941,0.0
7,22029531.08104042,2369489.78884919,2526483229.180208,104448601.55026232,0.7345571115110378,3857.1643465383722,34.58686460716093,0.07528067123829647,5.4791128484093266,0.12903562252135445,0.0
8,959528.883261087,181616.8460066155,73787831.1436065,3629279.136855258,0.6147474466626575,3796.4782346154643,2.159619429913037,0.10346699842851192,7.497458350944403,0.32743448433060734,0.0
9,2970713.11276218,554385.5699336145,140369068.75884485,9659708.380373718,0.7491754467796287,3423.195386701584,12.68244242817027,0.07069810790587816,5.133671863624739,0.33606559300947214,0.0
10,28761.921084305115,6232.175462979176,5589253.283170782,137131.71975854924,0.7618787308009372,3884.275466661812,1.7461441495988466,0.07560890650566207,5.711865698462502,0.4176061397386707,0.0
11,19091.99612632716,3328.3840839946774,3844693.779236281,93547.58112349089,0.7422635376213642,3660.865084705236,2.11592406018462,0.11093574865301577,7.427553308468177,0.13344428574481862,0.0
12,50488180.020100884,8088662.038048069,3029240103.19629,190470058.76286808,0.7013293976870209,3672.8827899107623,7.502660999199346,0.09344708297012394,6.701751049281432,0.10019140953772002,0.0
13,87320113.98666401,35693831.13090675,2924799576.5262604,192976208.38778096,0.7124860597473678,3796.5135774861224,38.62540236988267,0.209767380751596,14.406989625808553,0.2939590288153787,0.0
14,95087.99073111256,20607.273020047498,4491847.770168546,296443.26647402556,0.7057610991074441,3601.0119783935233,2.6933161094631575,0.10244075079489781,7.533364322455325,0.0817299171477451,0.0
15,62877802.74792363,5267275.410033053,9237798968.519516,330643953.7815356,0.7883930692810882,3776.619149000905,149.1316802223989,0.33937787630091754,23.102868363534604,0.1126915549287188,0.0
16,11285.127679872627,2887.792007286541,2304548.5497321775,52460.58110639822,0.7556569241821383,3639.1049082173413,1.4650446991903545,0.1252324738398217,8.783084374270434,0.16018199300576888,0.0
17,1968784.9492984791,658738.6339801146,21211994.034433395,4116621.756675341,0.6967301495704739,3455.442086093315,2.916118916141561,0.10273618084446393,7.6074654626966645,0.21309567744705424,0.0
18,127368.64375497462,62724.30915733243,4367280.051643467,270087.27123926114,0.7280907479168983,3388.750722970813,7.056769774585162,0.1288842386798251,9.09285507068779,0.3035335215908125,0.0
19,47067794.2505275,12152715.200601723,875889168.3660438,118937041.14471915,0.7376511265198447,3848.277945594472,97.79863699214644,0.2505578501873688,17.910075669589922,0.13199323913197628,0.0
20,3649180.8512405045,870503.7752725128,110682632.53112511,10403914.399825383,0.6555008717405724,3704.7459382864995,1.931473804914464,0.14559603495053838,10.240972894833861,0.2240914281266706,0.0
21,5375.642729086164,604.067768969169,1669949.0784536456,31483.003337354738,0.6416121240915936,4243.08718251668,1.0807545883911522,0.1224380277061277,8.151565533912887,0.23968812940023795,0.0
22,3607.5026768402495,1822.912058456714,388775.3375109631,11676.012853800781,0.06214572682291245,4219.573771442268,0.6216538006671785,5.423572855782521,87.16612932761505,0.38360793322979037,0.0
23,7807532.805908099,877383.3402020177,874691534.1559734,36087633.24453357,0.6990874420194657,3760.876853940613,4.076282257817976,0.15692144281269718,10.649980729117171,0.08771795465099219,0.0
24,23290505.34829566,3185640.900638406,1686311941.994648,92442678.71183343,0.5284829977139128,2726.577567087607,57.182219468600344,1.4580149596025218,29.228485385652494,0.12752622913929718,0.0
25,4390.1716526420205,470.5429869494471,1675851.47181055,28158.913899977226,0.6750153443603865,3665.842844370217,0.4751057045334223,0.11338480384090728,7.796489432698247,0.11331136398545762,0.0
26,5141.63886860087,920.985742697615,1430290.6305816832,28237.386399167193,0.5712558069308912,3711.484624543521,0.7914309398486322,0.16275180043232557,10.41997033518034,0.4192008640037723,0.0
27,629653.749407294,38503.65442950825,221754185.52302623,4337759.387006575,0.4841743603368787,3505.9785699791582,1.5507727603305932,1.4745638941319672,30.550013912027147,0.40712509695732835,0.0
28,986901.8813918841,71588.2238577556,195750104.91323394,5693540.948630052,0.4645132613578766,3889.2160088077035,8.031778982949147,1.601671874579965,39.17200136158022,0.016804503207872665,0.0
29,14069332.403810536,1159408.3063143843,2331498738.032116,76280467.22129028,0.67999129886864,3827.3416277938486,4.2249717134487295,0.08937357462475601,6.128374833314358,0.21297781649127223,0.0
30,128492505.84465571,53280614.28327985,4787530573.552173,287244038.595013,0.6778446883621277,3341.32296909077,39.43985305299827,0.12833900577091964,9.17467617913103,0.2976247206902947,0.0
31,6300605.686096233,980325.4871027535,330217337.51571125,22966119.921537574,0.6239302895246215,3697.7758205785717,3.6447495601786364,0.17689054816781552,11.895581512956017,0.243300486165832,0.0
32,91647212.32729624,15305553.581945036,6751666109.118041,359213137.5355154,0.6862636556591055,3936.3944286781775,6.765026648360419,0.10286817776682922,7.543466245868158,0.14918707812161586,0.0
33,1038281.7228344816,238570.62796885683,38887711.22029264,3079676.8922487223,0.7543325280816876,3742.7502227690593,8.685623618680713,0.12368990973559901,8.816131978337285,0.28636159493811225,0.0
34,50945.020057763344,12903.58979892508,7727584.459420842,217588.16251061222,0.7112362101239803,4200.942049588445,2.0880607185745577,0.12306115651247876,8.708165306279131,0.10787738919121413,0.0
35,48279458.24978914,23844138.503092665,1900663994.0505404,113320678.6780428,0.713914193866133,2791.9383583842564,138.0717164026927,0.16236974222010794,11.734453807143996,0.1992859132115881,0.0
36,8736841.757205904,981881.1031721575,934542791.1368558,40152011.347117044,0.7197509069859953,3539.04848798549,17.924801918722515,0.8646509908410351,24.300240196661512,0.15100530111109178,0.0
37,6159475.320262884,983868.8645351079,380657817.391994,22926632.136053354,0.6909470938386305,3861.3805140852937,5.837619344801962,0.31091944435743074,20.319224004412202,0.06331457552205912,0.0
38,291195.3246048956,32936.352248643656,55052911.475080684,1514487.2243373697,0.7052214997822166,3441.9993782179376,1.5329360316826404,0.09263923618222289,6.097653741768677,0.4560433246352787,0.0
39,57708009.011033475,12875858.71050835,3535295312.248563,185664808.49115244,0.6943001211833946,3904.4907212944754,143.91707736447526,0.12758647132074383,9.393022179804579,0.2067109537690378,0.0
40,9701.778830959096,1687.1942737995166,1312014.7624559249,39344.76581681467,0.2585511012757103,4328.820482202784,1.3661867286913885,4.053555151604057,64.84602206755547,0.42355974764157334,0.0
41,125301812.01428816,31820497.08920359,11555759660.122448,487493145.50339967,0.7101401835261641,3092.459186290089,128.97093574750704,0.11249066295423704,8.305312740116317,0.12059507090670596,0.0
42,81390915.93781988,29792982.55105725,2272971779.558987,213765688.35194483,0.7484427499099735,3661.548995655843,44.43814590773769,0.10826113326218963,7.821943706096709,0.15518785239225993,0.0
43,9882.732053197858,3540.284860287735,1981586.3119032357,43522.06677577733,0.6847044498832631,3657.3442976229753,1.4810582025610437,0.07638428951493959,5.596685658799271,0.449274555378391,0.0
44,16483.692888520793,2892.7298641849397,3520368.9584919065,81637.44395159147,0.722622381863234,3652.146487471944,1.9779229992910141,0.08352570707485292,5.9809030967964745,0.05044328092714394,0.0
45,44355339.47106888,11459211.260537999,665507725.1087902,109376925.9836766,0.3518851747312528,3547.60810935521,5.141305627205403,2.264201716375415,48.952094563599566,0.08368514955128474,0.0
46,8373971.583537845,1260553.1586532716,609817957.5111903,32507839.344725974,0.6723025624748475,3826.8606004066305,3.7237494260346966,0.1702633782494698,11.493240995283275,0.0644502626938587,0.0
47,27095023.92188739,4175334.9660124457,3883818395.253816,122430678.84559233,0.4929684598090954,3389.4376536813143,30.567585824737083,1.4518211984576905,28.986387558860997,0.25315934002116103,0.0
48,13095.399387940593,3402.71146739064,2147490.9821214178,56554.7798643227,0.32027747890631986,3595.7181773732327,3.1724305648608735,3.578839400800142,68.18711859664045,0.5226379769015067,0.0
49,7970.542781292877,1680.7666559596255,1901015.8519405848,41944.52123604482,0.5742929079041713,3644.5150547263274,0.6473373568196648,0.05774079768849143,3.961840233674846,0.35794372660667817,0.0
50,874958.0076278312,283393.9597668833,35608984.07424182,2577098.2607505415,0.5296478322565645,3921.3321012526785,2.50130966335863,1.4953665153585938,31.891522595705574,0.14034041987082563,0.0
51,3513873.110275653,416723.0015401008,387358031.29041016,16324524.358236318,0.5816172134394355,3471.3275249260187,14.82935225574698,1.445212215503973,28.480705235012987,0.343299339500063,0.0
52,4458.257396017519,1762.288447536508,1159524.2590532429,21099.827160743822,0.6944195749110265,3589.5312516903095,1.1679521793465437,0.10521771103138411,7.498904221794467,0.2105583824407862,0.0
53,346066.4540138943,31683.673309960937,59788538.01174796,1866113.9954134442,0.6839375422920784,4249.930690409256,1.4813052932884607,0.14110209187308537,8.849040933524899,0.1647978884183785,0.0
54,6666845.4380389,761779.9711991241,763944427.4270818,30977960.946314313,0.7509893316283442,4163.055337949311,3.9226406606732866,0.12547141009766918,8.728973030473476,0.1684046768813287,0.0
55,4505087.17831653,709828.4261227965,249362470.10232678,16519611.928203264,0.6771272333211616,3683.387804411361,5.913664089079569,0.14453194639327754,10.565775071664998,0.09322300523869245,0.0
56,2675521.70482867,880713.2692913106,39817394.554411665,6246838.727310201,0.22433101868556893,4136.531756294524,2.0693359069939126,3.457637213745822,59.710410990027626,0.0026608899741630025,0.0
57,169751.98735131597,128956.60487939298,4760277.631501034,312944.32369130774,0.6737799256205396,3461.3382432417325,2.911331942605181,0.060048533176623134,4.230375401127354,0.023593604691487642,0.0
58,47998713.34347324,23821996.774858583,1840072704.2617638,111919615.5839202,0.6434644350105917,2283.013575696083,49.852436552730296,0.07766498261740944,5.626816751911127,0.14786949629913979,0.0
59,27407.054425430913,24744.492659971984,1391772.174325269,49868.820788572666,0.6909163085067065,3878.1365661509267,1.5402325642177965,0.16420768383796763,10.865032010563786,0.17140586824045442,0.0
60,9844192.039182778,2500614.830065228,170698542.07106805,24814091.621329643,0.672198117426186,3525.868845798138,5.738151926178127,0.14430214368474797,10.492680824378308,0.34257152861857726,0.0
61,55318346.082155004,7223589.674210844,3709748011.241918,222626715.44383222,0.7645555259173582,3502.032883831382,135.0943331969431,0.07923792292579464,5.855693877398205,0.0818761053987157,0.0
62,638262618.2542386,185170575.11395723,21825625964.44459,1723942501.9008985,0.750082939185631,2613.641204686316,14.543261489939713,0.10976991178283849,7.9391975573018,0.12154465062074873,0.0
63,156808665.31019574,154011966.57929367,672534331.3073055,181339008.5124683,0.7140795844258812,2103.597119761539,6.795806279113888,0.1120768565572682,8.04877962765907,0.11139303427409704,0.0
64,13283062.329041261,1291879.0246214252,1789089201.3488317,66455924.901111975,0.6806103543980345,3940.705218929609,21.359165852295963,0.17362535237340992,11.642527452872844,0.07739698986994686,0.0
65,1004703.5183667431,195739.9278468324,47548922.375841916,3370373.8816519054,0.6795016990106608,3635.7916302517147,3.5457260530457955,0.12664287732862228,8.905092758506154,0.23100024752335344,0.0
66,55375925.67171748,10369472.204590369,3122116936.855561,197695791.68231568,0.6440648398428984,3299.0909711842633,73.47609615746772,0.15303669114059087,10.672098368319912,0.17996413285323454,0.0
67,265948426.97530755,111302532.0074785,6499246235.783507,589517807.5622765,0.7490497465534907,1858.7015364457188,1829.2655373118305,0.2141634176287411,15.008568380897469,0.13325558133618157,0.0
68,4897771.151990071,801562.3858546205,385875829.67717445,19603035.24273522,0.6537827414763108,3621.5765797636172,3.8023137278304286,0.10399570386469596,7.4468754763849585,0.2183650597412173,0.0
69,67384113.74637613,10496356.195766715,5470586596.124014,263139828.55510378,0.6800567632155353,3077.0027973024958,117.16825480107104,0.12727730402722032,9.274815972784817,0.30366792678652615,0.0
70,48706386.28816158,5074295.39277642,6520074566.780218,237637061.10142222,0.6168706052820581,3949.9557553700333,3.3858831801532383,0.16558636749415817,11.514518567586899,0.11020789285184232,0.0
71,17701925.559257835,1480377.0527918017,3521536437.5053916,100541518.70374595,0.8176649582953038,2942.462635545404,78.63227120283432,0.19243121654208756,14.037243027855379,0.11623595325662787,0.0
72,20513.813306142365,3669.692500907297,2856738.6088605863,84469.88371234883,0.7355913951293154,3838.2533284063675,1.934369407326618,0.05414196593622789,4.035382183157291,0.12654256281651005,0.0
73,16492990.081326593,1422564.3352503192,2282546769.184117,84986330.44131401,0.6555485349241548,3837.2414896770433,17.51550350387457,0.15096171464398891,10.13676903630905,0.17363903822603619,0.0
74,12475.216595807815,4632.6920667206505,2011498.2438187818,49973.99600212094,0.6641980112911746,3986.778340635749,0.9866264849139853,0.06822073979660308,4.63938070487499,0.28453697241363113,0.0
75,11122727.928002704,1881522.0303448152,1112066819.7043304,46846213.98022034,0.785131124491723,3306.58729389211,112.30643294161786,0.14364236582904777,10.51068347586714,0.12237997836869005,0.0
76,8630.647168288258,4407.474741994627,1003157.7551312189,25686.697150233762,0.7331276093474512,3390.394156798845,1.0198060687956998,0.0729201130644137,5.4314857852519065,0.3559900239031236,0.0
77,7070152.426204711,479828.24250099796,1828177328.968459,44409694.07084361,0.5136417566929653,3808.18153264175,3.9607697757480858,1.5283995571339992,34.46764758782917,0.3080607889890554,0.0
78,17113194.5708325,1915552.1650043563,2863061728.7187915,89586747.85400195,0.7220274062737883,3025.607480226571,126.33185714145758,0.09105232244556909,6.729263961746629,0.22527476054940868,0.0
79,20775290.59975592,1672308.2245540917,4815823571.161497,125543039.31733687,0.38576556357219594,3326.03904979729,41.582072709492124,3.608224217841567,69.89609005288924,0.25387534443870774,0.0
80,7894.2772993531125,1298.8842773381207,1698815.1552957154,38577.21348793732,0.6578722545666801,3620.1637816618286,0.9598199360702184,0.12145294732857055,7.686615210800616,0.19399797667358634,0.0
81,56210610.19447019,8305190.033144416,2917694424.660283,205252317.11589462,0.760240272151274,3078.810658290567,115.1455744509732,0.04553821394107471,3.3373402130941727,0.08613750259849738,0.0
82,293411.680385131,199901.8449007985,3875028.9474952766,449007.9295783042,0.6442292227642312,3669.3012536573306,2.091201174982827,0.7272914132266618,14.305573318809186,0.45172896915272753,0.0
83,15527004.281946953,3203946.7627919693,546127123.9642179,46987090.71645279,0.5792580720517837,3935.346421677707,6.580793383809772,0.15413575090769252,10.456698103008714,0.12038400079099769,0.0
84,283514.83135663066,35742.898761629396,28628373.799866665,1252758.1848763837,0.639395935487391,3944.616952609583,2.2951819425486812,0.16426576183788147,11.617245333830613,0.23699590258826692,0.0
85,53920.86243357449,17290.088011235122,4545486.132131044,171328.14789992897,0.6784485538603794,3395.1286545664457,2.325397344412543,0.8186229351430109,20.978457493013074,0.37037485460548764,0.0
86,4775554.336126906,561376.7128317486,385370922.3580107,20212414.233220644,0.22944835734193325,3558.845339718009,10.428171883149043,4.198077144730812,75.16745674821928,0.12583823067080044,0.0
87,15322486.336805444,6622483.085160745,427378758.25408,35857401.29152908,0.5983053523013558,3770.2576407593697,2.066537291617454,0.12178031561958527,8.08548823153402,0.14779963221636283,0.0
88,5148.235509232584,1620.4850185610771,1236010.5072723075,24380.703173960712,0.6397507780291614,3731.4264683062447,0.9497190005025228,0.07643440524693164,5.340476180280061,0.10741138094995605,0.0
89,85483.81281406927,15144.72941362934,13683510.345259383,409842.1030051686,0.6420743244410329,4121.659997499107,2.701503602264066,0.18204536308997757,12.589729293113693,0.2323464887013227,0.0
90,9103.84614356305,981.5756696075703,2124920.641032342,49541.38621242605,0.09424102074355745,4006.0354351220967,1.1531166328094957,5.479419283832746,91.63729297174318,0.49010243533917786,0.0
91,50135014.81770873,27150762.406878926,4518684063.214765,141714172.82144225,0.8183969209473991,3159.77011456224,68.21666086988691,0.1675709988368915,12.460250091080521,0.3589594337319654,0.0
92,28161.000712073397,2112.2938235170705,8444957.38456874,175564.16603369938,0.6158004946028405,3996.281769967593,4.29936911306811,0.1338932076104701,9.368804084221223,0.11250731196085628,0.0
93,12879154.01164493,1159603.3027077022,1750588203.7425873,65869160.88989735,0.08894534530988685,3945.7001246408017,6.175636096936539,5.479907067162625,91.60084716088951,0.14229332547408927,0.0
94,6188926.711635932,624111.8142225172,653288921.809014,29008352.85133145,0.7445755055306651,3835.624349362593,5.489885588518992,0.0572466601623506,4.059813171719187,0.1259075319922386,0.0
95,11413193.352456056,1321516.7926978183,1732706472.8077226,57334538.3441114,0.7327878094864518,3567.6980894794715,56.4375647475087,0.13842136081650072,10.138352470691888,0.24971276267126014,0.0
96,22855.48880513024,13986.0259831951,1935169.2127017584,61382.67885718071,0.727431250763539,3468.2131910658954,2.2394799068581595,0.1090911153126485,8.093040560668884,0.19426642892235702,0.0
97,60563263.701930486,6814866.492563022,9604324479.910849,310425935.15833604,0.6424395079338636,3730.511666230378,4.409062579868206,0.13642796233565582,9.229683865157513,0.05336936714101728,0.0
98,33967597.511876315,10481474.836545948,857397031.4996675,91369343.20504174,0.6347422394906411,2999.4036972455165,92.97035244609509,0.8214715657322376,21.55282196756331,0.10063956375528049,0.0
99,79124448.32027726,6263499.597327417,12859274006.43255,430617321.54227275,0.7450494719828342,3584.1547515200814,10.966115007453514,0.0762769151260481,5.03444503674424,0.1689355796101681,0.0
100,11663.108342524667,5990.2791628215655,1193487.0207194346,31560.940266685437,0.7390007321158867,3608.537805132649,0.9625746663622231,0.10325190133381197,7.681051668795132,0.07262796316559719,0.0
101,30518803.784388103,3685892.4779006476,2711335212.7114716,131288784.57195966,0.6418016488076589,3642.753109684806,31.279603819567534,0.0924512574387764,6.765898921467935,0.28799143064543686,0.0
102,8269758.117610401,1132019.43652951,917160587.6224304,36097181.707051024,0.6235248602510481,3671.132413456014,6.830187621575947,0.08542041052179447,6.202781685672998,0.31244004954447807,0.0
103,24772144.04280553,2930165.7533826805,6835699704.735101,142739042.81600308,0.6422450917715683,4065.452129572041,13.893566424220186,0.7327411169636326,14.894349440681765,0.4131021451165249,0.0
104,886446.0029280847,75644.27591879654,205447217.14984217,5163351.752410015,0.6466087983353799,4115.76161424988,4.395884584901099,0.2389970751723956,16.805598922714257,0.2377703565563906,0.0
105,67942697.2000795,10535122.65622833,7951414645.17079,299322640.2749774,0.6064586800186135,3718.242594710218,4.503512919496651,0.10975267751303405,7.8673692067580046,0.10386806995600581,0.0
106,7261938.822473371,725091.3873049791,738852957.8555672,33865442.31821432,0.2887255591401682,3749.0103252378094,12.722225615113112,4.125240958958841,69.89356338383526,0.10541575144728361,0.0
107,14533.694456393638,13442.328924881696,715107.1788998505,24446.897226297093,0.445903759241362,3731.6473800236126,0.7563700256086858,2.1413792161266962,40.79547400253145,0.2953921253711035,0.0
108,1981088.176403297,352048.9091306801,87027606.04787982,6648769.285670242,0.5954339447750953,3792.520102986592,2.0115868056673096,0.10518052673057196,7.512235470406854,0.09285891452358261,0.0
109,4384.915374448127,1646.763875576206,902623.4598983567,18238.007609735057,0.6652872184180911,3811.451935433567,0.7215329162812029,0.1523639605952801,10.75497630336897,0.2894981682676392,0.0
110,24228386.331695445,1538121.2304603527,8549411086.697612,166315870.22515222,0.4629960258601022,3125.7354851185014,88.79304662368064,2.1903454894732812,44.04580286212971,0.13833447210405309,0.0
111,25786892.578849956,3709597.3977618106,2096710869.872781,105786372.05981824,0.6620543022536273,3904.727805637758,6.643143940157234,0.11557575300994963,8.566603092170807,0.1567069736607892,0.0
112,3754464.305971599,1759195.4778763566,44455224.79037642,7119153.2930284245,0.6924629543320759,3392.167461484286,5.161086423547515,0.1559697066823677,11.45712010715362,0.08687742333787142,0.0
113,21118.5185540595,4124.5998969706125,2356856.7931298343,85271.52756007403,0.6787048855794324,4147.015018053558,0.7868818500739203,0.17161250051814977,11.730675534514141,0.18190442245014965,0.0
114,1921.182663051311,146.3919888557514,827504.1307484469,13189.713653111283,0.40900259244301473,4076.9739195054162,0.7141590415035395,1.526361166942117,33.483355765664164,0.5217966062385365,0.0
115,13135.612630729662,3501.550567736462,2363846.4202874596,58148.72318941592,0.6253054911915583,3330.7862401619705,1.1676819859164567,0.1145807535338994,7.247860078738617,0.3501361972575621,0.0
116,2174568.8422676553,500362.13180443936,54616369.34711484,6172572.750534614,0.28745672646500575,3181.460191194851,6.464283231769985,4.238383599931219,78.04653161887525,0.22332422209342684,0.0
117,14038643.503959179,3199019.187246869,844953763.3290759,48101220.79679363,0.6003698430671234,3882.791575808775,2.585419945656399,0.09282131893617374,6.740186290364863,0.12737778438244324,0.0
118,58092.11437529799,14883.615729811101,8932697.890232107,254894.46356078004,0.6823441267637931,3860.5014099656973,2.1957067933189016,0.12474630705317517,8.454191686676094,0.11638451717112878,0.0
119,3169397.1638575736,496374.3270915191,136094863.95182812,10958018.7739382,0.7043522284837057,4090.5132143432206,7.7287220258497795,0.07072813393418649,5.212822027820712,0.33152108069773367,0.0
120,36500717.54083579,9136707.124747247,3150136818.9508333,142830392.0780675,0.6471221872723452,3608.3238691016977,19.617709746860267,0.18496700015663015,12.219950573871433,0.1920995053820661,0.0
121,4050082.0424188836,536063.0255832408,288471122.38296497,16369682.494488996,0.6881280039126578,3193.9844527677906,23.00617977669246,0.07667549631494541,5.845532033811898,0.012867977895306125,0.0
122,27104904.99922067,2612346.2968185744,4383077407.783653,141352718.45697075,0.7532027327036589,3307.8083186402146,529.6183267274025,0.17174926900393944,12.89551386397946,0.2413135143127566,0.0
123,23866943.716569938,4732203.025458017,694786447.3658248,72409225.3272522,0.7044512380898262,3699.1712256805113,6.3033160334186356,0.13653325407987502,9.349831757987435,0.08421585702543707,0.0
124,72271962.2353138,32124051.53014177,6475064206.110183,262974922.77866882,0.6031615610428498,3673.0911697217607,4.696512988478959,0.059736455869286956,4.333648509756685,0.01963510006250963,0.0
125,711991.5427885393,153090.83394997419,48558689.77927376,2514897.73539555,0.7488495290352498,3750.089023078571,4.443460303074573,0.15003697625031673,10.191868444111067,0.3859974905383076,0.0
126,7955966.854057874,3976559.678492462,38594055.634590596,12717075.20749793,0.7519927339310266,3463.0656417010646,8.314922106802653,0.10388885153123617,7.609208952923295,0.5258078296555837,0.0
127,24008573.06354662,3734650.2471039193,1301177937.1569343,87562630.91003671,0.7212250302652422,3447.9545257480413,10.643429812210549,0.10793383341059011,7.743455694553435,0.062113411596307594,0.0
128,110782593.05187175,40401772.31377675,3580573230.186612,285646131.4196357,0.511067740907502,3571.620879444456,13.694944627578485,1.484095761068285,31.124764537149,0.11949748747431108,0.0
129,104446.20767659537,77196.93156946862,4378533.882176672,235351.60236227684,0.6701032978678448,3862.9569783273146,1.7420929161480851,0.15621836202200665,10.635036341599879,0.24377218944663903,0.0
130,1796262.4335150842,239469.11549170833,197046168.76732036,7953749.276397298,0.7575684813187641,3505.5451317622146,6.583534149085132,0.05419456344382798,3.5783113085401,0.1906664441952683,0.0
131,10758356.24221545,1167387.9068126301,1362595991.6523175,52011829.62814821,0.6958190832951555,2817.3429353307138,102.21577132441107,0.15075723502183455,10.896319349011343,0.16881402409853097,0.0
132,475572.85782277427,41504.64912004661,115300036.86869231,2812818.509473947,0.480058369002254,3669.287232034709,2.9294241773723706,1.5399050062279278,34.373138410285364,0.2533845678154143,0.0
133,19479488.501369096,5960749.33234706,1344358281.626453,66463811.10154621,0.6524229513590082,3479.059197947259,5.217852219842708,0.24034905770739287,16.03250235746927,0.34244944896192,0.0
134,38937364.125183865,6813969.007875206,2667464613.6468215,149543166.06609395,0.09191662561053818,3881.6775435930817,5.579206873528555,5.476663560588827,91.42665891630402,0.17654834118146281,0.0
135,4723.552996440073,1277.573291032742,1289006.8232687428,24135.795728224242,0.6273145449067625,3718.5850363408426,0.5733573110230791,0.06204600259517816,4.114066648202853,0.24610323003500398,0.0
136,19042.052428355364,3166.9451216229377,4674137.549631758,104283.19405918325,0.6600404458651495,3351.8592211270716,1.421638346857911,0.09169841013420763,6.35755476400991,0.3566766390634243,0.0
137,1839.407758436683,152.28502704573083,995791.8931083701,13941.871557858287,0.6759293230977707,4232.993036790687,0.5794369053387465,0.07331205724988576,5.222768919794217,0.2623639313280973,0.0
138,24182.372305510835,7364.901686053844,2525787.448134263,92718.15775730496,0.20183912518274552,4086.997631885872,1.2561454398317151,4.157022513412753,72.03219137501335,0.41803271218600374,0.0
139,78043535.03942522,8630937.80413618,7552184086.347966,352587962.696047,0.6583730452330901,3523.884437455987,18.199293257374627,0.11664154066110335,8.40920565051147,0.050504145339739785,0.0
140,6497675.864624096,673016.0925668762,851011126.0848745,31751778.819960613,0.578568349652339,3022.005202576912,20.163027799423556,1.518797149866599,33.77826586829175,0.18467151505983304,0.0
141,2734118.4508921686,640856.5117226638,100596751.4287403,8130334.913241331,0.7180337852727229,3637.856072348581,7.779441536059762,0.08474575443730945,6.182738770887248,0.16083879508689203,0.0
142,23165.94382863553,10949.34525461491,2587459.4600113714,79526.61324620368,0.7369180635972473,4008.2952939184916,0.9093170381513944,0.08182383988993021,5.877243382109728,0.2417411671344994,0.0
143,125650162.95122275,9756364.67904843,32328287854.406384,772656662.4872496,0.5286063557733772,3992.8436269901645,4.021311089301673,0.11825410482186519,8.299653774247414,0.18679979408155947,0.0
144,5817785.92835501,575594.317808586,1207843731.7620816,32140450.00020615,0.5510822452156938,3615.009845187192,5.875482332752494,2.1763682437008556,43.244479695478034,0.27918445760134664,0.0
145,3823197.098095504,377737.1478350157,851355557.5080554,21595922.004620586,0.6183313341939949,4031.9168016985486,8.732948156466163,0.1373848422120779,9.660743218316094,0.5333531437466603,0.0
146,12077125.798185524,2060805.7036640458,846600810.4483268,46479685.98652688,0.6344192986711251,3632.7564347617767,2.9178524176003098,0.14128994688323376,9.469357220865605,0.16583714903315958,0.0
147,7346271.486988934,2006348.2142305751,382421421.7722963,23764781.626167588,0.7361465498951043,3535.157061587173,9.967241670486915,0.17844246425003388,13.298991758246322,0.09015615185539064,0.0
148,83454425.04172948,8215838.740755002,10392050079.514824,409248739.9973742,0.6182884562650257,3823.3998762269534,4.140287073746731,0.11525291762524645,8.297797251362985,0.09395997076116107,0.0
149,4696184.1830201065,1547489.3668672782,114184978.72942856,11533102.551379312,0.6203650835337527,3576.7180458296107,4.475750521980099,0.1563565082404156,10.57866175727639,0.19683654634707082,0.0
150,16959.640452617678,13740.749522132877,1096075.546647983,36977.1917919252,0.2551626255198566,3574.504571405204,1.5602464150793602,3.439409865586897,58.183715435393694,0.6555787791867564,0.0
151,3792.9143847798637,447.2886407703293,1355203.005212408,23525.846089412815,0.683855933334246,3740.931974606723,0.727346368017056,0.13592893331584258,9.330721088236416,0.37429530385004417,0.0
152,294785.1143231045,48087.76470884246,34459338.123391435,1328877.8412204154,0.6980125836153104,3790.9909982770296,3.2993589112130137,0.11305876897861226,8.211979978449442,0.23563882257552693,0.0
153,12853024.056708694,920297.6895980932,2633011374.62398,75450553.39878826,0.3804432256182842,3768.1988033785083,10.24252705879663,2.8732921438073484,54.696431547686565,0.21254787463452282,0.0
154,24385.085437899932,5056.706475996769,3069502.893884824,100506.29792431775,0.665986803858867,4012.717262068256,1.626783039365696,0.2340414054401861,16.262529893498602,0.18509030320261963,0.0
155,118300256.9153445,19604410.104755517,11191810082.247807,486240633.8359977,0.6972484159076323,3522.1750857590205,35.694566167830956,0.07548659629223761,5.474531306640823,0.26284831079038845,0.0
156,196110788.23125824,76395023.6753472,4615865091.625147,413006722.5442821,0.7680222672721584,3392.2531562977174,216.2120367230568,0.0746909433972645,5.428028610481972,0.3287100791814635,0.0
157,128543662.15259378,9661922.696608912,23011128117.688637,723280478.5571556,0.7136340917654473,3804.9108110756383,349.67890701838314,0.13997712668283252,10.1564966222218,0.17861142730830812,0.0
158,6858050.751794276,586051.787434332,1225456047.4623523,37748104.538992554,0.5774292138757694,3007.1214649356752,40.67102923783482,1.5187956164863854,33.81493300764282,0.11040477799086774,0.0
159,12397252.005877042,1032727.5467900152,1903557488.2978637,65841278.69639792,0.7467710853142135,3773.509838324206,20.001589720616533,0.04805170976985087,3.288551408444083,0.15758576386958836,0.0
160,8785463.772117442,1476623.6170344315,608800454.1894662,33803486.84891496,0.7389806192537386,3252.4287767266833,84.69695021929822,0.7295970046810675,14.833848137474202,0.13320940601804931,0.0
161,14975407.493343119,803229.9810038353,5817081246.779299,108246697.90485314,0.5026238024390822,4119.901213656951,27.547846829269588,1.5408217718614563,35.06992341278844,0.4096810117244506,0.0
162,3993339.964839189,502923.0890815387,488473544.24597585,18349739.518200163,0.538742090071284,3716.950387197393,14.145985735090873,1.5257182433611145,34.182146796957305,0.21787125631819274,0.0
163,190407634.05529493,17878444.45340278,33546484304.971203,1037839538.3395827,0.600987368683476,4010.2956589074356,4.860894671587574,0.11924057523083746,8.101232494854425,0.23896820506866115,0.0
164,3117093565.2039537,636560355.7595813,76384359847.0882,9011300337.897104,0.6752117029387616,1392.5416374482104,99.1529319080177,0.1999820314769126,13.277671989752246,0.1317938320963092,0.0
165,1078238.0760416512,241144.23266920898,38183683.162597254,3269273.6521511925,0.6895301101574749,3396.5424615072943,4.955666486006961,0.08982400150264284,6.479382899549741,0.21377944149464123,0.0
166,12419892.116918052,991833.5442404477,2137746279.532882,68437130.12952092,0.6896423420329054,3621.5271719411985,15.651207006110944,0.7771641063693029,18.183707134047367,0.18491905908391543,0.0
167,5184826.304194929,1477569.6949993928,184679724.16187876,15231420.105018843,0.7114423179397822,3294.389174034448,8.715476150892709,0.08080200017626708,5.253168857185445,0.1251799690804822,0.0
168,809283764.5687472,153167160.1471163,29256236692.439278,2582386891.8520346,0.6774860425180884,2843.9370462697143,21.554484215122237,0.11341495850083963,8.370986468256348,0.10256493794107696,0.0
169,3189145.1931860563,501212.3062745392,150894897.77238715,11107061.054015914,0.7732809280732528,3348.719042777503,9.989797333287468,0.051679913626045605,3.5771707178926206,0.1450510940428309,0.0
170,7341354.422234948,2004395.672702181,376098998.95716524,23723262.87881497,0.5599028929019072,4259.8895103414525,3.1068329691244667,0.09969236557501242,7.174693815639941,0.17064453532433596,0.0
171,798909.4079204185,146519.9112440515,31634986.94057461,2653592.685478561,0.41353229636382804,4228.028665459106,2.173475792649673,1.579874608773967,37.43252298885169,0.09655102832048833,0.0
172,1515358.0697922688,307954.36376563564,215360842.93237895,6409629.77204554,0.7130281681983416,2983.4432009661045,7.027727450798176,0.11287224557760131,8.231260835161693,0.31821085126537396,0.0
173,26952655.58181386,9876218.39010876,897419084.0576166,71591248.63334209,0.7138376113980438,3955.986336208559,6.302640053331527,0.16802877409304856,11.289423984029835,0.1945658593546305,0.0
174,4398379.916618459,492838.14767958206,362481280.1903259,19093534.940494556,0.5894794083224209,3849.602624569813,5.874380290680356,0.8032214432465089,20.02867520500417,0.22182697386238936,0.0
175,6436398.167096533,1087718.039695333,460035458.7861695,24186700.845132533,0.6635029699014513,3965.957668335487,4.333460581116216,0.1119425461392873,7.80489840233694,0.1388615541932934,0.0
176,1836383.8295991153,443816.90241256764,37904771.084154315,4781267.564003417,0.7271632130559164,3594.3865114355044,16.83467886536418,0.1702468679164256,11.872012634050327,0.172188851766542,0.0
177,12744308.215833433,6009022.187576678,243521006.91142386,27738602.588450838,0.7133420894478897,3687.8167101446543,3.792824536055444,0.12971425908040457,9.43178312686852,0.1636412734161354,0.0
178,43975.61194700245,10040.12206031322,6128375.045497145,185107.3298735617,0.7425361573414522,3611.0835645421407,2.768405865849458,0.047914931532521535,3.398355957255407,0.20677063987505337,0.0
179,6045660.239896404,1906588.4897236195,137459602.81006682,14744070.86380587,0.7059248917800761,4142.604549005557,4.17280965848766,0.1001852456819952,7.117012038700797,0.4899065474337794,0.0
180,25347055.866434693,9161973.512148645,822739396.9275982,68395914.28737879,0.7202964654769959,4046.083922446588,3.882569856897333,0.0863577552781873,6.274819420624564,0.18231536999769202,0.0
181,5132.066585704064,927.7016551149834,1356726.7066852145,26944.377304716432,0.6468502826572624,3532.8674140189805,0.48637627132321576,0.006868808982228547,0.48066614586598033,0.33714499500881634,0.0
182,180944649.44196028,11556749.99998236,44641741060.2519,1133810367.9471009,0.7373037119288124,3883.0380107901965,36.55576523051605,0.07126081323863546,5.262694997995732,0.24829805806845237,0.0
183,40004687.64652071,6005163.825091531,4513983198.158827,182250337.93097427,0.6348372293452809,3615.4924980557776,3.1526560914449524,0.20006163271183314,13.931294840088947,0.20349351701277396,0.0
184,1202.5449534173563,73.92330019552745,770747.207507332,9830.226540086549,0.6047857956374594,4010.8659785920513,0.5793868483730916,0.20027084723653346,13.971401720626824,0.2942442664914397,0.0
185,158990270.3190989,47965769.251372665,4232877720.425428,419803159.4872538,0.7081632495880417,3773.697675475044,8.394293658267044,0.08174068998177617,6.072508464290445,0.19693171991884556,0.0
186,11346.623132311115,2917.8850465474006,2716543.6410533963,56547.61852327748,0.7704142560737017,3611.308191571322,1.659740093112596,0.04921651959913982,3.3637115818974737,0.5022331452150891,0.0
187,13984.968025117521,7894.655585275168,1817611.8569198009,46114.71148283929,0.7434160973521117,3465.215979347481,1.951974392474146,0.10079251333868759,7.350483765994538,0.3388344439309821,0.0
188,4773866.521405216,465078.77468259365,608706381.346542,23691970.91580545,0.7025593009801012,3873.436251482023,15.214516018783147,0.15394392855445477,11.288433058710622,0.30320344877603267,0.0
189,14164811.192487681,1176393.0238705561,2238019555.9928555,75819779.23646817,0.6540486404940773,4090.6503172081816,31.365430876441344,0.09056257587598582,6.60196694711698,0.10259276798802253,0.0
190,89852300.71420878,74844263.99458417,1475784573.7641428,157422441.93705386,0.70190495155429,3441.478321836506,14.167979925319834,0.15672575172499953,11.304302457703098,0.1869433999523793,0.0
191,53100187.21470234,8775680.018638548,3591324117.2440577,203922760.8743555,0.09362250602456469,3992.1245099129387,6.803157740796457,5.4614085295789145,90.36257839422106,0.1521046999321471,0.0
192,140431307.55346417,43876210.249454886,8996140262.313862,439309372.599648,0.5000460364976499,3300.2047544610386,58.572718566109664,1.5128815665134103,33.31798704034405,0.050996261043567824,0.0
193,6777.913165737262,889.6978146705918,1828370.1238136538,37030.14173799182,0.6527501407088507,3689.3027021930325,1.4488796924350913,0.05309592182601168,3.903512888237826,0.3152995057760557,0.0
194,62197757.29700102,8657893.9751768,4891101615.138313,254352361.3652668,0.7100205100994674,3665.1379990532823,11.376905176240848,0.15409411598760103,11.117516475464104,0.1399362701290682,0.0
195,18362514.972959522,6050383.00048366,411073585.0852955,47275956.35709285,0.6971774613554395,3613.684730865288,7.877550455108536,0.11334668497987455,8.01800169862755,0.07883954779483067,0.0
196,51199416.354446,39261045.50450215,1086214071.2745578,103055176.43832894,0.7342349836305591,3496.9414625271165,7.339384222166054,0.1853997543425005,13.635776864490515,0.1918801168876308,0.0
197,389855.3956178073,39563.983538663975,62338451.6973814,1993056.3768280824,0.6929752022681219,3921.2695180178885,3.780882839636615,0.12260257462265374,8.643003301791266,0.30883524252312056,0.0
198,4581245.057370644,490720.17338106345,677442345.0712963,22775779.455185555,0.6231775479213146,3972.2678955249044,5.8805905280053015,0.10028061020115944,6.308633612087533,0.14848176051039785,0.0
199,15950509.199999547,1568408.390408148,2073774511.1535995,78704927.09037115,0.7687405482818018,3865.036262301725,136.72844006531196,0.10706471317689426,7.8486812612583545,0.2853382250299665,0.0
200,61580122.0452144,5852962.113288155,11820978673.918589,338384662.8313885,0.5882776883667429,3904.12754553266,1.6174114315247166,0.04919660980860181,3.296071070749643,0.1429349724390928,0.0
201,18623.920059712113,5153.754869370145,2418532.867451818,68076.71594709426,0.6761971535807755,3567.5028650235136,3.2139263556520192,0.08713195626276056,6.30712345100375,0.3443215980023105,0.0
202,8123415.397704494,3485442.984473764,426006343.06505394,25367495.37098799,0.6860113969745704,3654.905349300273,3.734047130788032,0.20616300814631003,13.856566766325074,0.10296101854223749,0.0
203,1040275.3912808902,75281.41336042501,309842884.4628644,6668246.977023626,0.4830633615674749,4008.670377017723,1.400920952146854,1.5665206299637087,36.10666163994502,0.30023827880791276,0.0
204,5411824.086244483,720215.3307969683,422766188.9864191,22452371.642896995,0.6651300964059608,3644.9382751642333,3.7702446055533274,0.17784038354618711,12.459709957544968,0.2323456694374461,0.0
205,38280.020950640195,5297.19687649854,4538727.227413932,162380.57565696302,0.6300600168581034,4244.944660758845,1.649599322771936,0.17453450147830019,12.57018071213309,0.16411393814733685,0.0
206,12666908.75541543,4794269.584854672,482226953.93172854,37164934.91463558,0.7149351321627709,3250.8495026928617,9.486063590191803,0.1296229390890395,9.285284928276488,0.08795320080140234,0.0
207,17308835.771729518,1499246.2476836275,4295628307.336349,105090432.86829336,0.0952357658783576,3401.714288551078,79.36926059736055,5.525627229311761,95.22118759771854,0.28871057421865787,0.0
208,2405925.8094548015,437171.2841729602,129877076.58343974,8417367.023782825,0.6121766414454213,3631.0567472317243,4.909348431964316,0.08940268044115367,6.641553318018152,0.1418716184206743,0.0
209,4030443.909371075,1303445.8319229402,388113844.1105314,14418875.325228538,0.7454051092645131,3510.884082472123,22.586233684933738,0.15580946734734802,11.391646074174632,0.3130337709771509,0.0
210,40408051.00037421,9658955.255582912,2038154393.44612,136876768.107245,0.6615555049826833,3357.9729841877597,8.650361612689686,0.09832717791519104,6.951049344198914,0.11247543393793394,0.0
211,4389913.021205911,527700.8426162761,413026858.20105535,18772436.34738665,0.5392105134494907,3457.2311013072413,14.736059647390961,1.4785488294859686,30.866604207171974,0.22831713258457925,0.0
212,89833.96849596102,28681.423069760564,8663533.521745851,327428.20882645954,0.6908606190238893,3486.262820030407,2.127012376388711,0.7296269329501113,14.612358949477322,0.2717361844450911,0.0
213,3269.6461963793604,362.2774405948565,1396434.1366926746,21526.631543201016,0.7228198345914494,3868.2960782144833,0.4812121541662406,0.08339267696765944,5.704155962192758,0.20172546506719174,0.0
214,41299756.71545306,5955220.002869872,2718005865.1296635,162031737.1396009,0.7172644387119199,3634.0910245666837,9.06060017567138,0.1412639426208334,10.26088514404712,0.10440611254596974,0.0
215,1943074.5736012973,224300.76500541245,150707441.08611134,8204538.428874761,0.3700159701536946,4067.7118590464443,2.701118479924752,3.5193408673896007,64.0258888350632,0.1589523867524464,0.0
216,5261.507127720382,1915.0225552379852,1105958.9251564834,22884.2525920625,0.2344037746364956,4069.682823618259,1.2525777913008926,4.172065957218,73.13550333400893,0.5019700218931201,0.0
217,4254126.42767063,1175231.3319872573,269393919.34682477,15128776.520790303,0.6847157757609236,3657.836290318821,4.0653854871851465,0.09504604075531305,6.494461053597851,0.16718649260616184,0.0
218,57910176.662211776,12016493.402652822,6276330970.596588,241883331.72045755,0.6401784157342798,3564.3996554431687,2.445610643839269,0.1135777871730399,7.496977108904336,0.14402326567233711,0.0
219,21213678.554077998,2132229.36861698,3906246498.8555856,113237729.19883427,0.7424806682632662,3416.4225349632957,163.511881139221,0.11163221157110223,8.377738891035534,0.30236536909284656,0.0
220,12957856.595338888,849779.6132644794,3122794486.5993037,80468716.70707564,0.607207741820919,3885.1941838029206,2.3290441291230413,0.7674935421681978,17.104388024388463,0.315962444191244,0.0
221,2612799.2415717533,450788.6793224245,125625677.67553823,8869301.805692589,0.7112087364743759,4069.978513317864,6.355124809421604,0.16052307575574504,11.745925956579468,0.25899895137678797,0.0
222,4954233.443865354,629595.876774777,354329940.5574352,20110226.052550815,0.6231203537573258,3962.735330159243,41.121238635984724,1.5043177516434982,32.4940076325076,0.1298926214997812,0.0
223,4238732.335142112,1498945.9180289689,38915382.121855035,8519898.683842879,0.6872542452771243,4051.671435346644,5.670373237821091,0.7875297075060521,19.18862251878869,0.3365565455050457,0.0
224,29083.499267227802,16774.447777514906,3703936.9924447075,99972.2083166623,0.7627825146813146,3731.2329138276536,2.8318989849980465,0.07624440738538274,5.386926075264152,0.3534873815548427,0.0
225,17293128.012095712,1569512.31185539,3056890793.8208504,93048847.05980754,0.7567690444456381,3152.96429719933,72.65751864615507,0.07229977242108951,5.3821248724541135,0.2697047650022275,0.0
226,38840850.13050511,6323971.2441384345,1528869621.3208833,130671280.00449407,0.6528338569617378,3837.3736167447696,6.921393183323679,0.1127934606467024,7.905206570794599,0.17150354923790123,0.0
227,3362655.421147575,448925.9374751036,205337169.4681317,12973954.273170909,0.7550556412815743,3675.1024791932778,3.414692116792298,0.06411589259156711,4.319144352075732,0.13212527645750452,0.0
228,3600148.4361001393,702193.6938459746,207847734.88297376,12485953.701798476,0.6790465009662572,3908.5735372671547,5.152763690024163,0.09735158310032643,7.07046247987507,0.25008297906492516,0.0
229,365726426.2070744,107885714.92760614,5275734141.755195,855644967.9905349,0.6131492721757159,2396.8834722000283,5.107441287439112,0.127448369850089,8.813282083684395,0.06316194049234654,0.0
230,19500848.181156658,2313975.2126037055,2454862680.4315953,90876020.85212792,0.7489613637760424,3170.059417240933,137.28798752261784,0.14368527033638046,10.440565413615525,0.2641421752409476,0.0
231,123126.47613480916,55669.17229151629,8743043.546625745,382349.5537899118,0.7365260467972891,3934.6414782169404,1.2345918800282545,0.13338087382231495,9.78653745354039,0.3208332743319339,0.0
232,8087455.697085073,2304935.480140774,134279501.56622547,19852897.561948203,0.7284301793279137,3750.7276896035996,5.42709078085612,0.17018450887946698,11.582185749855572,0.38272961756834106,0.0
233,152765773.60793614,26992378.530282177,7722104274.306356,531036775.37438,0.689064064051698,3479.61068164671,8.56113522897215,0.09843432620251011,7.065969156788883,0.138509458850489,0.0
234,3117.287682573752,444.8101252923574,1255723.6285744836,20184.86653488263,0.6327841128518257,3546.408341829181,1.2542013096464906,0.13102179017924948,9.339328146889725,0.44662467008514256,0.0
235,3943.33032122186,746.974224364468,1321214.703035295,23054.43545805269,0.6379379209282627,3713.019659423268,0.6789756440380126,0.052075496656321184,3.6008676339896026,0.2173441884635507,0.0
236,6446686.74943083,619623.6442885323,721249789.727509,30907815.164911706,0.766916956153987,3678.3560717422024,6.38337850718029,0.08728963112396163,5.957624836241649,0.08601875390429982,0.0
237,9174.699698167995,1473.019143564075,2390880.051771956,48937.014924931886,0.6680331804283474,3658.494633480108,2.650205902437248,0.11552401075358762,8.324992689308328,0.11176919832264591,0.0
238,26544169.873940945,3784097.8535184525,3836683735.8298645,129195463.10857788,0.6608087336822512,3605.4307362798677,4.372352835463319,0.12936920067504917,8.907208471175775,0.10447096833247461,0.0
239,14737781.129944008,1647712.728172054,2383614340.7531047,76666666.97799543,0.7541868452783207,2727.1781178665096,356.8021753738247,0.1748541570763563,12.714324560276289,0.13495081824158078,0.0
240,13391.74640873042,1456.2307822503142,3261441.605033214,74951.79926329039,0.6957637102364949,3616.1405014012516,1.1511008893644308,0.06749307256445096,4.902798529793998,0.149941538203045,0.0
241,12034.151536255402,1155.0096829296342,3131794.2027783236,69138.01665784568,0.6240296225044958,3749.898880384141,1.1383999563612612,0.7254003477138526,14.621432682016936,0.19111345917123157,0.0
242,6262128.583098772,650667.826314597,712449766.324213,29744448.620339878,0.7390072565450143,2520.5084438665335,47.907620728047746,0.12279524319577559,9.269031949004198,0.24150543052028486,0.0
243,30473.064005452452,4861.522406700279,4211077.573525121,135238.487445772,0.6027598514111041,4458.726313682859,0.9428621558158098,0.18068306404001264,11.73781263032254,0.07539562104400419,0.0
244,3072495.255892988,2822440.8567284737,32698379.35666702,4378859.424048665,0.7394038341650702,3772.373705834181,5.97720967413058,0.0709950227818946,4.921409189129873,0.23825241137956357,0.0
245,71287.94342103536,16236.572433234393,6490732.372205636,263791.97006092174,0.7201784953918275,4115.196507145893,2.3859461416793764,0.08586283356882998,6.320251795956679,0.3457323395815515,0.0
246,8350263.599379839,1348837.7731153436,821150159.2382387,35275569.93707873,0.08708922060942334,4033.576989675161,3.642082430996973,5.417569218870448,87.63211752103162,0.20839330629426694,0.0
247,19819442.701070715,2895362.1167063755,2005134391.0206037,85325589.5063061,0.681224547759941,4141.584582500313,4.711845934682791,0.10859047594610578,7.322612003542618,0.11787602631635695,0.0
248,9069.251084099524,888.7768308196682,2910814.694187132,57070.75578849522,0.5991195343273005,3835.2170842558435,1.0610799810581812,0.11604936028755244,8.046746852696323,0.18764109795391665,0.0
249,71763140.49618721,9242084.65689837,6949002032.543381,314474197.45611274,0.7357099878130018,3330.423003834655,151.69483079404435,0.14701215039094073,10.797707697682892,0.04387998384672039,0.0
250,42258855.775441006,7708808.957122673,3669110521.8214064,159876661.1053192,0.7615662727016972,2908.2224035640625,154.01278793855718,0.09562745685528906,6.91490066026967,0.19827568545871066,0.0
251,9893.227591163703,1042.9387201150591,2793141.4057796323,58181.8279870364,0.6268936658177698,3609.9328719345776,0.8909371781804828,0.11561637153400257,7.864857145178798,0.4233959055137811,0.0
252,6429.186626028918,2453.1649754936693,1294793.537934308,27371.062927377825,0.7108706451242122,3597.847612114603,0.6823877451035674,0.05898240873962886,3.9867287511605,0.24234840020946094,0.0
253,3104.4812996636897,376.28470412913305,914794.6060963096,17764.902616804346,0.4273310408762277,3827.495675228646,1.0383280630349567,1.5140018665948551,33.270694818616434,0.3164287904678366,0.0
254,21572739.45038969,3015513.3281382574,3914795487.4629607,108511845.24318047,0.7065468469569386,3456.434656082284,103.71500734711198,0.7328824098836271,15.12519503148909,0.28225611707563936,0.0
255,10392.988856643391,3772.845556960664,1919489.2882700867,42999.61297866312,0.7209470490213848,3836.250765530331,1.6239581257067204,0.12672346793101202,9.292791229377746,0.05330094993164578,0.0
256,15628530.600144953,4349474.622006929,453133745.3195535,45190300.14827767,0.6924598378233758,3340.5547060806657,8.996703990540116,0.0802411373687213,5.489305741910423,0.08352567135851056,0.0
257,3261594.820676309,516415.20296293806,344931691.08727396,13832416.575980123,0.08478049431616971,4123.962465587024,3.24239680015741,5.42208093773946,87.86994970800204,0.22350014454248887,0.0
258,40295948.99706422,4646828.003991274,4455537383.332048,185580559.61733237,0.8144476966266296,3302.6478300328235,125.93044693612431,0.18505879205368111,13.514326622038237,0.3811692902819305,0.0
259,81098524.70437245,8219806.07313549,7974238363.662033,373491900.63758206,0.7564259847586008,3704.615716266667,27.391238181984697,0.08042067761062466,5.56236635661701,0.17265981329749666,0.0
260,140925454.41681477,19666481.252723806,13106683366.379744,602675467.2123791,0.5442374735462245,3951.990292211846,5.379018330735872,0.13759594692292704,9.954278657669708,0.12791209545278084,0.0
261,24233666.413497273,3372736.835906358,7436296447.417491,145415620.2267307,0.39398944874137376,3681.7509805262475,41.427411558114734,3.467004863880071,60.351707029792216,0.23620736280335078,0.0
262,23784988.36342028,3733521.3697992526,1106074348.0258186,84357988.08682226,0.6643386520551938,3581.0473790687806,4.0588530349230725,0.09785296090843473,6.830986399121025,0.04801280736017193,0.0
263,3972.9133887816,1000.9774424206796,929678.7808049547,18927.41234774192,0.6298793818206925,3321.029906104904,0.41577676858370033,0.022567233934680787,1.5948902828643028,0.21990314099528924,0.0
264,3400763.777926564,252974.03323232103,752083939.0763208,20414341.668669876,0.25036133197017235,3755.4213693696984,9.301062481928879,4.072675446432938,66.503437651147,0.22795110623057685,0.0
265,428547.0917299224,133860.7737414699,49475920.06180056,1772620.4535502172,0.7360495143045587,3816.209147334467,4.703005833603371,0.14937930774862185,10.344748889284336,0.1469583079670249,0.0
266,330667.57571163273,108887.76679365216,7534396.78783269,799912.7400033543,0.08605447643556297,4086.470656074508,2.0719681148367117,5.460010114341047,90.09350263764081,0.09868336373987263,0.0
267,10495.332131120074,2183.843284636279,2321252.1680862266,52259.48131105597,0.6478265595479291,3404.528560386802,1.0366652866615764,0.05059458394877545,3.505585494816131,0.10942304894666555,0.0
268,4794.843647273567,1495.6992499907162,1442166.4779405787,25400.07412133657,0.7360574267507337,3621.3856995913384,0.9637155340781435,0.049966746332400815,3.672411586570502,0.14141463567192422,0.0
269,2721489.3569448683,434543.5838826811,174292621.1439564,10054397.709431894,0.6450707635268879,4322.653435939716,2.8091703839864577,0.09203992936548504,6.445502930324766,0.2876122281358811,0.0
270,42872774.27305407,13465412.423922956,890442275.4164978,107784139.84024894,0.6528712016155269,3888.4779569316643,6.2712724068288015,0.1500061133233511,10.703364208299025,0.34615728337732843,0.0
271,9504239.300895352,1433484.2358419863,559662880.7447357,35393642.46454771,0.6809676715006165,3393.5548390148388,8.913528837880085,0.14309684100042946,9.84401233987727,0.16483848796006184,0.0
272,65302.16725163539,17663.610629148858,2141309.1363647375,175562.2635040877,0.45631586249922895,3287.9865395709667,1.8257441163525716,2.273743899349989,49.63591755546716,0.5006624675776296,0.0
273,3535656.0036514504,753759.6437310932,310219569.0015558,13667767.36164109,0.7816959992461436,3704.695634982225,7.8391701247289145,0.1525187511453053,10.797516378423929,0.19293385822304707,0.0
274,518112.4149460305,215693.9125554828,7995374.732593092,1077120.0180411474,0.7778330161836599,2984.00342455129,8.828053265633196,0.8079847001876752,20.3346047695381,0.5485235486200807,0.0
275,7548275.597257622,1415138.0278956702,625896830.8682855,28738163.02267909,0.6968231823238855,3748.5564750086814,3.811557676521726,0.1385997763057188,10.018323348979582,0.3057615526690861,0.0
276,6017066.94387953,1752670.8131288383,169194743.59039414,16333516.856980145,0.6758950177947403,3710.767768760599,6.9248885507316835,0.15440320874800398,10.846908349973207,0.09335847923262922,0.0
277,7586.313944578831,813.1965333350837,2442335.269722988,46060.39386390686,0.6919305594877999,3833.7874784759033,0.9133365366793951,0.044701700055122015,3.053020959701334,0.1228399689801701,0.0
278,52896146.26786114,10032786.523529546,5065338548.705276,216786860.96088058,0.6482539061478779,3537.040327867475,3.8237730130705447,0.07031400568301951,5.175966369614841,0.15202884600969974,0.0
279,22354756.95513477,4954513.485061096,876664855.8823941,71343748.44985852,0.6785094540943982,3750.6862279251027,4.367418203658166,0.10318607390970351,7.100534458673723,0.03510483894473952,0.0
280,42338704.49244812,5580715.73839042,4129678831.576651,186524229.80682123,0.46841306044264447,4125.779488822532,29.98905987957618,1.5695257761252928,37.30514481582474,0.19215355272175005,0.0
281,260033753.2072897,91152083.46904798,3459553891.5592484,549245716.9730134,0.7265896683032249,3250.3327714673364,19.690888361943024,0.10159384161428849,7.346795304999975,0.08120676821268463,0.0
282,6779491.522820118,3511528.1125087207,98859382.9574714,13159350.76985266,0.7151693833990448,3936.8456432745993,9.551473301742996,0.08858101557399536,5.550599680320067,0.38663403638259825,0.0
283,69461.53437080907,11291.760113829103,7188403.748475658,281623.27165852644,0.7553808573963651,3722.1397912645843,1.9766573756956727,0.05787571616656404,4.296260567734433,0.06851352390547537,0.0
284,12115459.649629172,800645.9216645899,2789927419.525971,74133551.95734496,0.23538571626881738,3846.8013172023516,1.9255780883735307,3.507227108167821,63.10869287295007,0.2635144940526815,0.0
285,92487.39139523865,80292.0647723678,3613381.4114031396,178123.9316736409,0.662856746873684,4204.95236976442,1.7431399593506227,0.11102691343882354,7.189171227770113,0.2382282522192478,0.0
286,3627798.9298624857,329829.5122270999,470377446.02115756,18264224.57829861,0.43913019890233346,3795.586505378764,17.278586217115183,0.10320310946078175,7.487780460544789,0.330266211578085,0.0
287,33173495.40937656,3579727.081225502,4530176821.852289,159509702.78492075,0.723671475273869,4144.28737625421,10.40429982842803,0.09415307288878641,6.9966876148548,0.23018615377065213,0.0
288,25580.50433980952,4202.829221412621,3735604.333825309,117054.45303454853,0.7595805666513551,3952.456494663269,1.5473803771985581,0.2062922104147428,14.261473042978755,0.17859100235485662,0.0
289,1851.666370807286,351.1895147189839,797199.2927598564,11787.244516742872,0.6553983380416443,3475.1629380838003,0.7198177206056474,0.1398627146446227,9.825416728532513,0.15773921033889593,0.0
290,41890214.94312562,4479262.968707626,6218574487.29257,211666396.79353324,0.7032624175863104,3538.6360866104187,18.13506113184801,0.17611350985852292,11.991841259002587,0.22407315713070994,0.0
291,156025367.4580196,47337280.36311465,3761785914.062851,374542472.3159821,0.7013243020785735,3266.1944852674637,59.698564648258184,0.16169307340912925,12.171699669959526,0.27067662907514967,0.0
292,14265.693332412862,2215.157086938262,3573820.019538407,77389.33912642037,0.6727945127804518,3478.7963631602142,2.201659996297691,0.14479775479558707,10.05904522939367,0.40406757705430707,0.0
293,10514868.463222606,876442.7350003805,1534055849.0100517,55130876.38085477,0.4149094027645366,3744.186628439389,8.470351471097679,2.8548250584692583,54.28589061906628,0.05426070526402464,0.0
294,31521.539120480895,7202.716995880675,5855453.54854642,148185.92649260763,0.7327577489703428,3887.069072266345,3.006927415008919,0.20219225102451296,13.407189297656165,0.20759316937446975,0.0
295,29771619.330110677,6287927.7015123125,762803480.2154038,85741412.97752279,0.7206576371396551,3641.9381834360142,5.873347360186639,0.1023890209216308,7.179040604858675,0.07950451696204956,0.0
296,1444217816.633022,344566050.30156195,78122236659.40465,4626436279.972149,0.6609004303194465,2296.2334191271702,9.591364580459295,0.05693111965306104,4.041588593404723,0.12184733575747193,0.0
297,14077998.404636022,3783701.668579781,454148361.6506516,41505610.35948357,0.7282661362891207,3442.5153275699076,5.689172766742128,0.11673919704435773,8.517943801536587,0.0421673900235223,0.0
298,38763224.32997687,6040855.599800387,3328681269.097587,159719109.7981414,0.5986958047290724,3684.6044526035553,2.5126844397583072,0.08752929896521681,6.156033109865983,0.09618228472395578,0.0
299,41049.56621146775,5173.968403309317,6134990.256886778,201047.2556539555,0.09630547731057959,4346.773777716845,1.8777515400654963,5.476073471005845,91.1096891207043,0.6259840818761414,0.0
300,10364450.638453413,820917.2656626205,1929850013.226377,58424304.89872873,0.6520407019564367,3705.9369005688814,5.839865872156628,0.03567455451584767,2.4343201689753657,0.25254878766392386,0.0
301,22149904.82184235,2270775.3316112435,3122898901.4314375,111287329.99402305,0.6902530871571996,3488.122551112671,63.426989724401004,0.7647977365031174,17.417601886511804,0.16673835578510707,0.0
302,8714516.373180505,1372287.4251343817,903027321.575606,37405371.32772022,0.7250807849473797,3397.520027991863,53.1170424157039,0.09768499228760952,7.208647340123051,0.17724791444090462,0.0
303,2198920.295616161,381848.734691471,145182168.3558465,8031890.619123678,0.6511621680058918,4158.706515530509,2.347911221874325,0.1055438761877392,7.597986274118566,0.0464253023276681,0.0
304,11370.556570392157,2927.469469569793,2689543.9659290896,56768.85105244098,0.7171869291517496,3603.897042150335,1.7404539278141735,0.06709221507562732,4.291053067746317,0.20477074551192523,0.0
305,18521201.660147183,1255696.2147704267,4123016940.8095655,111907085.4394521,0.5224515445886814,3952.710637944014,32.81042766899529,1.5332448095970383,35.28205863091169,0.13002829228655596,0.0
306,4357.008273033202,2373.5051474293114,1002419.1065426382,18082.73053067846,0.6426895271200734,4029.451952855693,0.4905258747215048,0.7636959611719863,16.760336010940502,0.19964208032856967,0.0
307,8740806.222309474,2094958.1288269074,156293861.67964008,22811940.45425695,0.22852316745374218,3558.4437615115353,2.3298550073074864,3.5240810416793296,64.194778083486,0.14212162900119946,0.0
308,6918219.787010001,749055.4837734185,886278521.72885,33757514.46415364,0.7616411720139246,3341.3334020914353,64.17030708851634,0.1658570689950037,12.31271878851385,0.05538219119114882,0.0
309,19127.753819858634,4881.374803048685,2572802.445861697,74903.70490788724,0.6614263741307009,3668.2582735230676,1.3314550544856296,0.06805714087343447,4.927684252907225,0.20810752395305906,0.0
310,6378720.404191988,1194619.644464062,318687732.16895413,22184863.631391127,0.6705856944314548,3737.1689294149787,5.640591491295967,0.10084558729476774,7.0647221419563335,0.13583162975453617,0.0
311,8639.093404306157,825.8583968895011,2481825.093091194,50662.428995484996,0.6938171601848618,3610.1452089917284,1.103211386930438,0.1595636861348786,11.252602696234685,0.33768529620249316,0.0
312,427243.31639411906,106685.03056382966,9121479.439366307,1090954.9324228102,0.49512864834319503,3320.378667047683,12.26447904709176,2.2708068689243137,50.02307381049686,0.12081203304662318,0.0
313,6968541.115125554,600722.0073391189,1283187373.1795535,38594720.33097216,0.6653504295295807,3763.4840454161986,5.795523030792122,0.1547434091600972,10.04474265601515,0.21331021074355477,0.0
314,3058689.9478029413,392803.0176719585,275770334.57184917,13134700.344758835,0.6812694884019972,3728.0891755040566,7.45897900378007,0.05892211144912105,4.325953351562023,0.4178427575602594,0.0
315,20669334.619119186,2179198.345807992,2384679957.9964767,98138359.50735751,0.6606410844035073,3995.842090583841,61.70651219097639,0.15288855620347644,10.907964707462572,0.01719489505674828,0.0
316,6381456.504644992,1194929.367478092,314192485.3945298,22194855.054186396,0.7186839611558299,3600.6560665030747,8.175768037896617,0.08780947405466666,6.442596373121525,0.10328148055139869,0.0
317,6261.516005322689,2792.242132480561,878214.7237028757,22218.28311026369,0.6591937724707915,3500.3912443180748,1.3621220276381143,0.20188645411424408,14.615208932781446,0.4372059683850796,0.0
318,4033024.307460851,484828.5063012343,337263224.190088,17222672.850443352,0.766007956701989,3660.0748972749034,7.454518687884765,0.10298743059343289,7.508643837604721,0.26008207371483294,0.0
319,130596.38555256018,11106.617688376891,26173642.633174468,728027.8811192958,0.669094140879685,3862.6953360344173,2.790790498488333,0.09135594908838085,6.382243150281646,0.0583039621537787,0.0
320,5880.030826649209,503.94473283972036,1890703.8956272863,36359.47829258636,0.5965365946555415,4099.638368502692,0.6831344817724703,0.6746919771602482,10.905597190019927,0.08646442435339474,0.0
321,1755726.1690073162,355134.61426622636,315011354.4256969,7741350.403775725,0.6726493059888601,3854.137524573167,9.940901953601244,0.7393537834090858,15.616932099049484,0.42537212632685256,0.0
322,154654466.86854568,21094222.64438122,14092188009.097034,647654093.030876,0.6365575777372505,3596.206541119189,14.949382683784583,0.12960617744122988,9.428067384876224,0.2089284309795061,0.0
323,15800800.904143482,2228693.5338630765,2464065344.318904,76348018.1175573,0.7913652113462268,3073.1800904990682,71.97087578592983,0.18124069182434815,13.049612299823654,0.19777422509073464,0.0
324,28437574.24778678,5271015.108894668,1612755891.1698792,103802823.29051358,0.6348965349697945,3794.511596930234,8.4896140748905,0.7078544940483376,13.37139887123551,0.10396023219143276,0.0
325,28443.212889919232,7804.175197377235,3280846.578539578,108839.290720614,0.7158099274561213,3634.011282507175,3.199710995712889,0.08171442475515019,5.9825558502544425,0.26502419705916885,0.0
326,973794.7364515748,281920.3733740614,64474657.12678015,3308331.984105073,0.7065438076609487,3895.7862474173007,2.129633634603949,0.12775972014046938,8.626774539368103,0.24305683835532582,0.0
327,36390.41445506839,27254.43067672155,1890634.4969711169,76719.3889509656,0.6470056688849175,3554.434062531791,1.4227183211523167,0.08391091536515508,6.104194359196095,0.3112157608142709,0.0
328,29622551.83884845,5644888.35171794,2268347727.6674023,111666893.20717755,0.6628889163290627,3693.3126779223026,4.351133007480377,0.10736331814310782,7.193255984062373,0.13356633941590573,0.0
329,4893549.465093538,624488.0971166987,342897952.46032685,19784814.144564074,0.6008269466501962,2869.953550895247,20.72452985220709,1.558972815132141,36.43913476177365,0.18672433993316814,0.0
330,42059447.3769214,7640923.152819553,1951108074.320599,143027985.795749,0.7666620091504496,2810.6399998669067,63.65883858109278,0.12047353966189664,8.815354686791512,0.13199507875868616,0.0
331,411532.76082564984,33433.80311515932,109669385.86307342,2537516.7363738683,0.49850764138249504,3632.565977862086,3.745005293241764,2.0754774566764658,36.27009212953095,0.32031146828997314,0.0
332,79686379.13042939,13594378.433709284,3963188587.1737924,275467902.3206587,0.6677650120002768,3519.5128936258234,8.828511011097088,0.1285503441697699,9.320097033725732,0.05318478855494686,0.0
333,19674757.341414534,1295720.7941823183,4651832697.660078,121373199.04055946,0.12579541659330812,3368.2762201561227,14.411845397533044,4.163782034765311,72.64724261619108,0.24518868447134107,0.0
334,22315240.5810661,5588735.608645543,357234259.3710536,56210748.88256391,0.15254443361573128,3574.973049866857,4.273458505818782,4.200877611691479,75.17980239133666,0.40612903899224256,0.0
335,35656690.2279285,6118228.782042706,3298903701.2421722,145769138.51965043,0.6588226141508505,3094.945984840859,85.22440101705665,0.7677276616173463,17.094093390416667,0.15725837144448038,0.0
336,123329186.16771123,42072937.77622824,2799789277.994198,303865071.2377838,0.7007933915129163,4028.616611814778,7.555768807904258,0.07947071810840622,5.710741757045762,0.30830162765277186,0.0
337,1087492.3327812452,75126.11877441521,236130572.14375395,6483009.490520657,0.499353112561324,3715.2919786173125,6.763614685920144,1.526242702565567,34.57627152107558,0.22958502081862883,0.0
338,859476.2779826258,66811.42127113286,156506832.9705606,4771411.210127398,0.5121061014692643,3578.6459490689726,8.053876500206801,1.5401160381766483,35.30474760305625,0.2213280858172248,0.0
339,349518.6271063715,54096.68629238791,35617495.02841161,1465219.1007719063,0.7902348498899172,3679.0311137643284,5.051232938876408,0.10244645600858915,7.568418600605421,0.2756180683515992,0.0
340,97076374.7835694,15593835.695632767,4783433077.194926,349145277.8900167,0.6483988234714507,3934.0460365944436,7.767407403068021,0.7272634208052537,14.516355518891041,0.09668666160554078,0.0
341,593366620.1455805,96393939.69802487,43204724260.73963,2271599760.8640194,0.716704844597662,2946.815458562305,26.449280687238556,0.09112074149269586,6.665774403955955,0.1749847835421053,0.0
342,22795108.237451892,1745501.2588780932,5693289839.360764,138677613.64221364,0.5276115833930898,3205.711874514024,96.82830656011605,1.4840746373205083,31.430803790874524,0.13533350220642565,0.0
343,4703108.80870362,1293549.4373124854,174501612.43837816,14232777.18031025,0.10193117309020776,3904.4370478371397,4.274968355090261,5.504049827942984,93.26988114144223,0.12817861219417534,0.0
344,47118745.40726852,10643292.563505204,2164186168.4577003,152716147.13739982,0.7393364171329138,3277.424560499705,88.3719577909483,0.12105760100939608,8.92527193269223,0.05661333661819083,0.0
345,52864883.55250119,5332060.126122622,6923780614.871017,257762193.0068767,0.7305609772526596,3316.374304458247,190.4928829577835,0.12496427016751097,8.877554010454029,0.0828925029316971,0.0
346,13319295.207054302,1981554.401045107,1384532987.7279222,58533758.77887448,0.6354887693975785,3734.355121108718,3.2277138359001865,0.11623775764486322,8.58996637071113,0.13433211319422558,0.0
347,13514.211292922428,1486.7746687780489,4163835.959912315,81959.5043141753,0.7506345801967537,3574.867861007449,1.1033280211571195,0.07208841244801087,4.913647062217626,0.190280983160604,0.0
348,25360990.356562905,2962580.387020087,5056193951.060129,131916210.96485388,0.7230503095508203,3465.114137176123,24.678942501725086,0.1684719726646529,12.516171146852734,0.36753911642421727,0.0
349,41392321.79182209,9626404.540801289,2168635638.1647186,138649408.65202117,0.656904267600326,3565.4700721103673,10.457161267672983,0.13177229677305774,8.770324519801923,0.17268284918482552,0.0
350,4593148.600169567,1027186.0735580341,133772860.05753963,13431324.712292429,0.7307559120282894,3493.361331618775,5.948348178212276,0.16567666294873443,11.692131691693115,0.07824288891267389,0.0
351,82346179.04587236,5641127.109898437,20204349826.656555,508181255.63535357,0.5880031829927479,3935.1175303382815,4.161574536518672,0.21928195772879625,15.217887350778359,0.15206210241318166,0.0
352,22711018.31675012,3703790.56571382,2419514944.6687384,97656165.13124204,0.6688367527030469,3567.7102860724535,7.090203745087428,0.17540948395573103,11.778087473706012,0.11295670631747796,0.0
353,19299.695895051573,1712.6354166520166,5558500.147547377,118704.50890050721,0.6572436957565577,4040.172359617188,1.4522086908320098,0.1444162156637036,10.001421367121107,0.27407760799384806,0.0
354,262025713.462887,49184996.54203751,15181328612.496058,928936196.4212494,0.6932907574897376,3501.8897071380416,11.968112031984132,0.2133267421436285,15.330864945882876,0.09449741566711015,0.0
355,8528.02636433297,1020.519759792777,2582452.2561700414,50220.7018050496,0.6658243624982795,4096.824989492635,1.8190783552125012,0.13959550400627824,9.631594192256946,0.387796692620713,0.0
356,8888175.905164737,3645388.27514247,67035354.46136757,16470454.56627453,0.7216047605513589,3617.197938250167,21.047437627978308,0.14922459522041692,9.88026699003329,0.21421888357719673,0.0
357,120195701.41833885,19852752.234274246,9020778217.3911,478532348.46550786,0.7855417813721612,3171.8610656499313,30.849428520466006,0.16806729246736482,12.579777660347284,0.14314378925703347,0.0
358,17666426.467743736,5006682.130886065,293012655.07377887,42534058.07237361,0.7812727225045342,3892.109729991881,3.4906709597779564,0.07235417281354461,5.1835426644480425,0.07629278622825734,0.0
359,18404857.688407145,4291929.24296056,557641836.172863,52807307.20042149,0.788568001714739,3442.3485320430354,68.00412901421754,0.08705257182059763,6.519496777622076,0.1001900164796282,0.0
360,33164352.0441248,16655581.335655708,1466778604.2036715,93519504.03139353,0.6608978500866333,3967.566371275553,3.394730959445725,0.08108531019569165,5.607804662471382,0.15408927185088567,0.0
361,32979082.983775713,10632558.880734045,1587287435.9874673,98543340.56118587,0.6440475055668065,3649.370204682233,8.594451740814202,0.17214596868006743,11.775757056663158,0.20095643330945734,0.0
362,448689629.5232541,222372725.2601563,2608274184.3886056,748200828.027005,0.700651421822999,1505.2524567955702,7.011434345208361,0.08387499506294764,6.063348787689233,0.05189362081342042,0.0
363,4312.135568928801,838.619214785911,1474320.1731575904,25128.68918834988,0.640718720634013,3874.76216706209,1.0033943846183249,0.7282645705365455,14.470914595583219,0.24974452715371198,0.0
364,13074.435686151632,3701.026116934039,1253878.2291818399,42953.1034069584,0.6057043759037986,3833.9670257846174,1.0399350476195717,0.21995630749978004,15.05087014688342,0.468805525749683,0.0
365,2010240.4609835292,660482.7248132087,65224165.823084176,5586343.183464684,0.6993507776451839,3947.1733100551796,3.907523440033482,0.07878169544210926,5.4657187482636065,0.060626859804627564,0.0
366,788623.0629552577,95891.38138423345,80891161.37480064,3487240.9413500773,0.6489579629342282,4059.6769595410124,2.4088440325226053,0.18937940106622592,12.995269572622172,0.25046448938180393,0.0
367,7060.908965111684,2198.6003387524934,1111056.454997874,29037.67668492641,0.08265755940574095,3803.525609036153,1.633867961236986,5.483655270644496,91.87124036582244,0.1712581418162843,0.0
368,3273.243064456308,963.4115948836406,764732.6308411169,15162.581099361512,0.08530353080117715,3711.025073433768,1.4275221839663221,5.478253098689824,91.60213784084401,0.5118853423570112,0.0
369,15499.034661699412,2518.1880521100124,3211901.502890638,75985.95490013009,0.7137464815404538,3902.7729792668815,1.2303333159710157,0.07404743651151771,5.29246423450697,0.3316688520249745,0.0
370,15152.912881220542,4731.931699320502,1849819.2407472893,53247.96183487556,0.6452393408898344,3586.4252781505093,1.3089145609539825,0.08535172109742976,6.017683480017624,0.3500180277642494,0.0
371,151295342.9802715,15082332.015606334,16380784134.026361,717369388.5467691,0.5271497583652898,4068.2685002575163,5.5192122173966505,0.7942209468194901,19.314788864587662,0.10956107585508172,0.0
372,11378231.887718055,972846.1246506816,1907691444.1205382,61579519.00060991,0.7641583146934259,2978.101582503495,65.84455602050679,0.12795415925603865,9.373578709513358,0.19028496401009026,0.0
373,6371755273.91327,986604936.0658051,272313716834.37866,22235941273.666607,0.6986341400430268,1060.363993271734,415.6649419643288,0.7880820676371353,18.522441867002026,0.049606262771129776,0.0
374,37580.58658376994,5520.271080347387,4971038.231573544,167243.81012616755,0.6720785631596428,3999.174405775634,2.011674546675146,0.12528751672039729,8.89789536693792,0.13481353608949734,0.0
375,97194954.22620977,36366423.90228313,5993603955.583181,258738930.05687565,0.7328901818275588,3066.367844638262,141.48248800531428,0.028288480868400346,1.9995156829118983,0.3374455730428648,0.0
376,3133.0259239621655,749.8338614556873,906334.0188155534,16138.891144362244,0.6160238158255231,4188.483450159309,0.6971107013499421,0.1854904269345421,12.765772155492867,0.11276148866420221,0.0
377,1830570933.4090285,1175968208.188904,7502717381.491434,2618334838.332286,0.6349316281930091,260.0589410458924,9.88703249674862,0.7552925556227069,16.448897338790864,0.09559728794800162,0.0
378,5817708.809482252,591433.1103184762,796623368.5453271,28992513.084623795,0.5357320972045814,3187.6027119173395,11.956714327616213,1.5173987752178952,33.68211801503856,0.1926762486427755,0.0
379,1172020.3060034271,99326.32298107615,198349904.4226969,6365899.2419340545,0.6307595897236565,3294.2249100097306,10.675054970510338,0.13579452310952939,9.656910221845221,0.24403161905704973,0.0
380,31831198.327285804,10492382.406900126,605338608.6067243,75544415.9141987,0.7104223885416834,3657.7944596370753,4.638267477163987,0.09738456475187025,6.904276726368432,0.09746144624790337,0.0
381,16963694.761770356,4712966.84888807,696817329.6765982,45211813.860015705,0.3837745482606693,3758.0004790946373,12.619223961492763,1.5366983388804665,35.05067353456442,0.3312512890261827,0.0
382,5170.279959729787,820.1578236225374,1605597.6583761617,29311.19378006698,0.6948986212948345,3742.188395474269,0.9954356413980576,0.12893092341444348,8.940197856014958,0.31209430021894935,0.0
383,14268.376277841933,5949.738395349374,1904174.1638916265,51422.36583204148,0.7199783219207699,3546.1768756741276,1.224560372110554,0.081040282532825,6.025538165388241,0.315286150910938,0.0
384,9569618.371449828,1272591.6853976427,722132397.7918183,38869571.836834066,0.7425245283868883,3547.1989549097507,6.478328025151293,0.07441427914401447,5.444061222125444,0.05799649512026225,0.0
385,383098340.6310958,44973047.60075344,57459002125.00084,1901005798.7978885,0.661874353072654,3752.179269101771,21.46566593533068,0.25348324178281934,17.50066529474703,0.2041913504191911,0.0
386,68375793.17704698,8334464.881952303,11101868550.098917,344449649.49199826,0.6228532188119481,3774.5545677957093,4.304106268801219,0.09975310682703382,7.037558880267568,0.21482677275007928,0.0
387,9240877.214096706,2403246.5207932256,385340823.7401201,27439486.898696683,0.72316299750525,3634.530726623707,13.680480485997256,0.723110271135557,14.46338414111214,0.1680120018317571,0.0
388,21653.846774105674,4031.665423141513,2891785.2062576693,88981.76406501819,0.747835851759645,4242.905994793389,2.1240943352631634,0.13060275317208694,9.335848848196566,0.22679352233381295,0.0
389,10935.363859383328,4424.213943094306,2086676.0042725503,45821.03037928122,0.6947404709630705,3427.8034650647637,0.9498517336149416,0.04390615550002366,3.0636278577828664,0.15196127552551472,0.0
390,5303.453438824845,1028.8580282279704,1663884.5600981587,30115.279169745307,0.6768820037957771,3677.753896132286,0.9137704974789149,0.10927388424359288,7.34958607397446,0.20912560000427488,0.0
391,25920.06941748411,6822.100975891679,2654998.0320288697,92789.83912696048,0.6731715280577697,3868.5911072581,1.56392955932234,0.16907804290357165,12.17401982080816,0.0786530132857102,0.0
392,95373142.70410916,11035620.898326423,11012301513.180439,441916705.2968647,0.7168137042099175,3648.1533610764222,44.004890165209126,0.16133551782959482,11.428761634938564,0.1180540456456507,0.0
393,34350346.83963953,6778069.847211124,1311455807.9910574,111135696.1105463,0.6611350888598205,3656.5268418824626,6.13501930773736,0.07383620691161238,5.263693963959184,0.08675712012361643,0.0
394,76948467.78945242,11457414.217080645,4540388373.162597,291283164.8958181,0.7295327319772504,3701.2960186943174,8.379246996861847,0.05886095441319652,4.233537429646401,0.11628415166330718,0.0
395,11319571.97474963,1455165.628000113,1858572128.5625787,55780021.19954757,0.7753145717156518,3263.676248238214,55.402978081650964,0.113927304811655,8.271387204586972,0.2781593753215473,0.0
396,5761.485124125444,1308.704700520057,1666444.7153248459,31517.59423978522,0.6733597422431963,3465.6683448554277,1.5457052806702054,0.0731811961985108,5.170880107821938,0.316234649831423,0.0
397,3170380.2899650494,429263.6410369485,203105309.59301856,12431436.800578188,0.5510851929780405,3523.057347459198,10.784103133462265,1.497044210435888,32.41019945833308,0.13434466924284189,0.0
398,13068.35476682408,3422.586054979524,1650901.273700924,50535.887779969235,0.2881368755552643,3662.8693774474427,2.5549816110843557,4.166662853649131,73.08620243425352,0.4582732611252198,0.0
399,905757.114875692,289902.69646616065,13220191.245200912,2051699.457131321,0.7207548824911096,3712.6302955819347,4.747424615904785,0.09292432939470582,6.7166928336349425,0.14997721448978313,0.0
400,12056917.940999454,1460547.8546080808,1516206061.8041248,57001269.81448124,0.6455304924903255,3860.4277624040733,2.6405392044196048,0.14411060754091212,9.183703254832023,0.19335330498429293,0.0
401,8252752.729466466,691663.2660241253,1457666224.6378179,45466816.62416353,0.5453862812144914,3025.4488690418166,20.052757621899726,1.4696456518424224,30.042577016913413,0.12562986483377098,0.0
402,73623225.29613003,8732069.250084762,6788091243.762499,323579861.19730103,0.732297383606827,3077.5087702845585,154.11735375509554,0.13659661910920712,9.85114744964648,0.23041167273286836,0.0
403,3432661.2351566823,660528.4941947067,287433356.58610666,13294396.3761537,0.6369578708472503,3492.579351622656,5.540016014553311,0.17214367065906186,12.110622140667497,0.31631233410733517,0.0
404,22555004.52644243,2976965.4860610985,3001075284.102746,104705549.56755981,0.6208318551312865,3673.9992670018732,21.915619376300263,0.06644693375543671,5.030269195712881,0.233034600719594,0.0
405,9048.645492450316,2868.430901080473,1688440.8837822087,38718.37435286628,0.6463467504646031,3481.602008057978,1.3653415147203751,0.7607887374608131,16.975574811223233,0.17811145759763725,0.0
406,20815335.84598797,3336128.789753874,1226611691.9464102,74744234.89301468,0.5491252083297063,3562.047673325891,6.4803019407123115,1.4281184361610773,27.10044575908818,0.05702236628737168,0.0
407,333745775.1704195,98426123.64210966,16014683284.6442,989009304.6931429,0.6236423939955618,3225.2117174136865,4.150683100501744,0.12692262219735734,8.947005383886914,0.09853792417973356,0.0
408,1008199.981634063,333832.8709478371,48107074.50853688,2914640.0121265315,0.6809280521547745,3582.7568124500863,4.721785189394552,0.1173475806598244,8.216839853409784,0.20267155584415122,0.0
409,87461016.72419773,6854313.159962786,16330557139.362345,493271900.5250613,0.6562606186920416,4184.683501913221,9.065462009413206,0.14669973468955505,10.031624255750444,0.19424887326691073,0.0
410,82840549.21028961,37683117.22056674,2379599314.973652,192367863.02650672,0.6727068411915346,3582.173306882477,8.263490329119136,0.0819116853134835,5.795805475753499,0.25864971458047376,0.0
411,1086049.0681103957,170260.51932113784,78446267.66528466,4231453.5525258435,0.7234951628060824,4163.16733926427,2.756535490174323,0.11070058354569774,7.335088004610208,0.2636359548104074,0.0
412,1481255.1404312924,460490.0737933655,47661636.402598,4196312.337427126,0.6277713749307562,3758.8016007280025,2.0051221266017993,0.0729832361441483,5.243362143098837,0.0812809344227909,0.0
413,2825622.2778790505,537027.0016473002,269039041.3653889,11594242.035217047,0.3529887617960007,3953.799631134253,2.6380106149719675,2.2982021545440303,50.81837809783697,0.22658383929205042,0.0
414,7818500.343794696,1426958.759594593,537114426.0333904,29642335.627062727,0.5127559892326773,3142.6558178336254,60.244479868961015,1.4535470532875692,29.33084282168203,0.08358398110923025,0.0
415,63199.19764547754,5717.015089564242,14107918.317019101,356745.6394965973,0.5906179782585149,4230.173519382721,1.3862303839249788,0.06612940933863305,4.843616971918962,0.07792976639366933,0.0
416,10531079.334463188,1036408.6242380937,1543791657.919057,54382113.83940246,0.7858568282547607,2925.978339031286,43.846083957064515,0.7088708661047268,13.205596699502962,0.017485017510994134,0.0
417,30687.690860005772,9412.465320820673,5637692.0603268165,143827.63405206712,0.6840687742698044,3716.9170777014115,2.9910019691610543,0.14176123509130586,9.406876476202978,0.3312136803935803,0.0
418,7267275.38803695,1122110.1453401144,476473609.56634295,28145873.03630953,0.684861994407062,3420.2401057087623,5.785093311705488,0.09892607225076926,7.221512618709811,0.10441617543290505,0.0
419,6485047.39542073,946446.5995716859,338820263.2626499,23871884.516417973,0.7465627935215111,2818.892293713768,21.4237663140264,0.8081862078638042,20.431828236657473,0.10555435702078242,0.0
420,96953076.57089671,12056697.003980538,6575392814.090324,393307064.33630717,0.60049099320903,3665.964637798523,9.237242128818076,0.7979004078282792,19.44396503187449,0.08429001683977347,0.0
421,17047093.370876867,1354745.0109675548,2903287981.0334034,93851172.69759223,0.7478038375305437,3963.202811745844,19.41169948884684,0.030622042009372307,2.107321724363783,0.08237046263915233,0.0
422,4521.385450555085,1510.9861199143056,1337098.7307413365,23371.23482690766,0.6993567723173234,3768.42747079072,0.6120740534506847,0.07932185223576553,5.478111246820665,0.4429148622531473,0.0
423,1933014.870988914,308743.34399809025,324333420.5891908,9382277.811529811,0.6029162694384137,3910.7662133661033,13.139625099158804,0.8000057970032289,19.6452950926958,0.2624308786153499,0.0
424,8007702497.408867,3020887184.285133,67197945040.2087,15564761634.082586,0.8043341467744487,942.6265913156146,109.93867653293812,0.12700015388618874,9.274454690105143,0.022729635276331175,0.0
425,58670558.9513942,19258581.242361113,4055118079.2143984,194850764.38124284,0.6868542832547325,3573.015289481315,5.091167979395245,0.11234555440355347,7.791089334395551,0.17680321264998847,0.0
426,37361570.34379425,7987820.3916863175,1258342873.0606024,114749381.95193048,0.699570050187351,3442.778777466421,5.099741086078924,0.07549772269829438,5.629908860932389,0.08306141919663756,0.0
427,49840046.7618354,6452209.426502137,6614123625.638439,238343414.9481876,0.5045580079273888,3035.402694453128,107.60277386945863,1.5174672536611202,33.68942156513596,0.1091698795934637,0.0
428,6688.060112111445,1286.0153766802896,1432026.196038083,31793.164598942698,0.6224031329683661,3712.530925249819,1.035999453301057,0.15224279428762816,10.449336687329883,0.28042524739285973,0.0
429,17151.89055990146,4144.25491397202,2614040.278721778,72504.87410354942,0.617313447260012,3504.66938951622,1.3704818920844668,0.09951308549965958,6.904751885201034,0.0730902486040328,0.0
430,3484940.4636475123,754815.0260125895,135613134.80240506,10846701.439126652,0.5743271962699785,3896.636038163593,4.208797847657159,0.1882024779441404,13.419643767497462,0.26914478800265906,0.0
431,8187.57133318349,4108.819431768763,1018155.0295326856,26412.292078807193,0.0940308588484032,3704.3993635565826,1.2730147811632744,5.47782862117255,91.57963737783166,0.413754712151429,0.0
432,8472.57527222062,1436.550631576179,1295039.0782436978,38002.185086328784,0.2564002295039891,3990.9864947044616,1.6909593567080186,4.077417005985839,66.33837621682099,0.3962442990591088,0.0
433,10282.356570893633,2937.3808089273853,2496145.87550771,51513.52406599388,0.7221553959020255,3415.2882656036136,1.547901824774756,0.12389698265196447,8.274826674328978,0.2203873677368585,0.0
434,11851452.029213382,2587995.9932706994,501887367.59435046,36799086.1070521,0.6102620039619315,4117.9341195759225,3.693766899084461,0.6963417137661666,12.262454897887313,0.18286724738442453,0.0
435,6725503.61412224,1878248.1737816297,115144351.12188964,16672397.668205261,0.723838089178347,3771.901642768994,4.24672874925038,0.13103786871544026,9.530577643998116,0.21490745897970373,0.0
436,20715964.187370155,2457256.093216839,3342863107.6433344,105521884.33863083,0.7787562318178534,3102.5315476476335,449.3715357628189,0.13736217610644577,9.935761041943726,0.12010755830029195,0.0
437,19826.759262790023,3167.230240671377,5271489.441450277,111355.98278848077,0.7523516234158372,3803.177531287867,1.285304651516047,0.08202782456112426,5.935993558556814,0.3860577768054674,0.0
438,562951.2119954904,177633.24235163542,17552553.921243705,1555621.9681263203,0.6951782328561587,3534.288843364456,3.7848513727173207,0.13293999918019458,9.719886792860331,0.13268419934412298,0.0
439,8659026.616433045,3277265.736484733,353052048.60690576,24838809.687448226,0.6997211063267107,3608.8023691648114,9.690805132296699,0.08780098684025006,6.357087037524495,0.14312428307167274,0.0
440,8437509.779399393,723023.3402219506,1386199106.9957345,45473085.67931859,0.5568368183678224,3085.842959900542,35.471949695273665,1.5459578589688712,35.59744287649696,0.4014526200136859,0.0
441,4903539.840885655,388566.02392931783,929046050.9920944,27776995.369908113,0.6922628929495945,3094.1208266950125,25.547930822710573,0.26841669121060996,19.33065950973336,0.48089033145182497,0.0
442,1095990.1074400549,109885.98073929451,219226325.56487256,6039979.057849017,0.7556893592899263,3839.3806144942346,9.535942116905508,0.31309988156620727,21.038815981172938,0.32850013767693387,0.0
443,10286.615876654178,1963.3483858293541,1976773.2652736946,47959.333675001064,0.6861697607205122,3559.233014547387,1.6839391478373924,0.08946170876417021,6.388068093040002,0.20787454574332664,0.0
444,1813321.3474172812,227237.17693922893,393967521.0072877,9807818.181669842,0.7099561424393377,3460.3745902730107,19.451861012610113,0.18474857869820357,13.614833531832355,0.3623040166934437,0.0
445,10081.372124069228,1342.7215377848593,2481829.7884460967,54281.56940307388,0.6658629975092182,3612.8810038626766,2.121787997697065,0.10608904127685319,7.736011629043072,0.1515507126608695,0.0
446,6188465.333151577,758443.9530942326,501091589.82482207,26257884.510700103,0.6566639617140675,3286.44512891681,11.785525242823415,0.7923078408299074,19.309574450750336,0.2640219394945388,0.0
447,3496.2885968728237,435.4433361261648,1285452.0357074733,22163.451186399587,0.3331962399698568,3543.517404096824,1.0719922799882187,2.22158755458492,46.538692285215596,0.3811279393399306,0.0
448,6290436.731445908,665168.8124518422,811573565.9151036,30430360.618021954,0.6713609774479024,4309.778851981317,3.8529557648461696,0.16992312636850232,11.867291560913937,0.144502117710887,0.0
449,22908.615753671027,9167.070163055598,2382204.5224289587,70836.63792503024,0.6641067608205778,3377.259452429981,1.6956986417600173,0.033764466311531474,2.5310658680333136,0.13421247996375216,0.0
450,44902887.031910434,5640639.194678391,3129340020.1562567,181931065.91360337,0.7330786506036768,3566.166776820675,195.61420399162554,0.10675730489997264,7.906543653980582,0.21461629104935426,0.0
451,33452146.511914533,7181146.471023662,1919640816.0243034,117438377.97500797,0.6932905142451539,3455.056753502549,10.625842681082299,0.05193102765904793,3.7964124562105384,0.15125802866203913,0.0
452,17162123.715156287,1560821.4066719937,4570917960.635026,102780415.75125425,0.6881695921142033,3792.282221444585,34.71284403026404,0.18666316192126658,12.409320474871327,0.40501432095871404,0.0
453,6248.275877139208,691.5209269100138,1884070.037806116,36729.60881690848,0.7154890962139281,3784.821487976854,1.4143930363986763,0.15536155941715055,10.352592477491125,0.5876072569843652,0.0
454,33476.01985821356,14929.226504294444,3118443.998234411,106803.20440703079,0.5916987174117712,3603.068353653206,1.5205714943348447,0.04951544529812235,3.558259372915461,0.10053147500447175,0.0
455,10679.088649471316,1165.4724663007203,2663118.431321948,59632.61831515537,0.6659014755381479,3417.8077740133203,0.96042744990496,0.13000302944843325,8.813255653650543,0.22066692103782115,0.0
456,2599054.1345898053,446314.71558784146,106005225.4633501,8713834.04850993,0.748739125653637,2658.780466847066,25.15505211160997,0.8237619399941234,21.710957691111297,0.2096665540455101,0.0
457,33814.819346796256,25391.25194787792,2890345.9452205263,88989.86958249964,0.6823536474219704,3708.8701397119066,2.589796088140666,0.14436606811783426,9.540056102841715,0.1870008170425772,0.0
458,15396293.052997816,2934388.20867302,844142264.170694,53177898.60535019,0.5059913925172153,2679.20616465119,61.887672964595744,1.6635938133739425,43.84294202073802,0.13401557907466022,0.0
459,2062.904874185796,293.5592048679353,632983.7825290012,11669.73090432886,0.08785687618208915,4130.238148954047,1.0739383099135649,5.429743364479689,88.63845846169464,0.3690955764625338,0.0
460,171483.6669346335,61338.25923864906,15295820.51490106,568633.4866039661,0.6415156527323798,3557.50403393699,3.464363259096727,0.7943708524873404,19.09162812953035,0.27726078349868183,0.0
461,6395889.883521066,653962.2386685895,746138200.9421751,30821118.686595447,0.7486977424994933,3645.4230123152647,23.236588837932352,0.041528138042872344,2.98253358063036,0.18408328759590467,0.0
462,7994951.88263573,737309.9163940677,1685475422.0477486,44874635.82258012,0.8085380444462805,2894.8156096427456,34.59750151023102,0.16267318008766835,11.943073251618241,0.27676988990590884,0.0
463,213169.35403428847,47929.342208345,9831431.776475532,660672.6237446814,0.6402560580536426,4170.543092862698,1.6156250051492385,0.14564661223201147,9.665798849851742,0.14913469472230922,0.0
464,14364591.974024275,2714259.4180414695,2428375258.550163,66171761.90618893,0.7636872329375789,3325.4906746322686,330.31959779361125,0.1558254346401565,11.101244486275256,0.4126654582011255,0.0
465,519689.51378692675,91550.89811975835,64565495.606818974,2360309.8647737238,0.6816532678005058,3763.1679156258665,6.014949589554473,0.3048645636404251,20.314220955154525,0.21311000397807106,0.0
466,9245597.89545195,1675127.0659049894,369574699.91266716,30160398.782064714,0.5986585501205394,4206.590454943749,2.6582218146560357,0.11665517034204091,8.489709650434929,0.05390650596691419,0.0
467,26539814.34591379,3681089.499188366,1404615788.2847621,99115773.83216612,0.7439517845572696,3416.9518623365725,9.98509451678051,0.03627200161107895,2.512372171252848,0.06567924442545596,0.0
468,596493750.1170799,66484829.42819524,100472509018.57552,3025891718.8691216,0.5437117209749147,3711.648913582463,6.028650926369263,0.12519233572744196,8.933814700522992,0.1764081044216403,0.0
469,11093751.71304446,1979779.811064088,485259256.6360307,37630509.45748142,0.6970520399782117,3948.1130380921904,5.730185714936032,0.7320952807870357,15.060570940228269,0.08213511553898531,0.0
470,24793.428771508035,7368.38681590537,3374222.30795129,101252.6285288664,0.650678713749113,4295.122368076384,1.291341193826604,0.2103391897718831,13.805332966463066,0.06725178986015186,0.0
471,4414.006439441742,398.52034048858343,1669521.8734478783,28652.33499858189,0.6637531889962615,3999.300645427774,1.4095953325102257,0.12755456115854596,8.975740707524295,0.525105919134365,0.0
472,11532864.4240196,1900319.8524037409,490275760.6975478,39379153.346867554,0.6712298127371452,3756.9372844381655,5.307141216943054,0.1707368736425164,12.332013817789782,0.1324896022804509,0.0
473,19944276.989436157,4900882.0729500875,370522627.4746899,51745499.590510085,0.7839043417515125,3528.613987221388,39.47155882676072,0.1275198882063476,9.274773062430047,0.1715451996077163,0.0
474,3724163.429169786,444080.49166233296,706614800.614623,18749195.680302907,0.6438976207809597,3770.1241799174,5.0571004971036775,0.0802181567128133,5.816051483770086,0.39617472525779496,0.0
475,991000.5378862882,162860.35126939922,88623450.42052735,4038818.098833068,0.5795300932087317,3866.155425741852,1.8759777266357167,0.15934563243967617,9.997427460608742,0.09215529642108403,0.0
476,52506989.39010082,4808736.4485752005,9909050741.108501,290438132.30245626,0.6694720685613462,3601.196920990168,9.684777223443076,0.16363754762881708,11.225493735613812,0.23090988311866803,0.0
477,6544343.216709648,937273.05570618,536393948.95148087,27021292.249296635,0.6566168472351345,3723.206933458214,4.423065973143132,0.13471128552536787,9.086643840023317,0.1261829041167374,0.0
478,441150.87409992644,33804.05988095338,127877647.18628779,2783901.574350996,0.5306840524082252,3427.5226188534325,2.6534156360939254,1.4813537803150196,30.9902463946137,0.37349667233979356,0.0
479,302093.62208396324,24393.364798246657,56688353.507398665,1685187.179689323,0.6058772448197857,4042.016624165525,1.1033722972227638,0.06734876633566537,4.688989921174169,0.1911543341360454,0.0
480,4294796.964605962,778487.4090035968,187835707.11079115,14279316.291665444,0.6640708191666642,3764.495447575301,11.160327969215537,0.806769135310198,19.642504591469113,0.09378224132220263,0.0
481,7016.4011649355525,865.0126581046019,1834793.3794132737,39007.740690832594,0.6906174556604678,3720.5099275653088,0.7207548841722238,0.05030845482600101,3.6389348506061636,0.2647803808533526,0.0
482,18351200.415719014,3568062.175188431,772708214.6941279,59559051.0406549,0.7137207390835415,3738.4399036777477,7.139169043290363,0.09447265592417527,6.879097687889846,0.12045510724835927,0.0
483,10290.822936004191,1486.7323997504623,2608223.2161114616,55487.488122432456,0.6882581673621264,3978.912436393567,1.6698285469971825,0.12119331357144762,8.02029706316774,0.19666421093362074,0.0
484,3943303.936355366,1104048.6726194625,403694017.0453906,15013265.311167229,0.6557907261589885,3597.295001835282,18.017372632163102,0.15749700748091272,11.386978411225238,0.23073486343730742,0.0
485,6226268.000631195,1141823.0120985745,230611661.92913237,20075659.28704564,0.732285312424336,3415.3250989994503,5.441662585447596,0.12224862087684567,9.025026052504193,0.10175559860363811,0.0
486,118333626.97886813,8660899.721509662,28482853328.078728,718077882.4940382,0.617498524017867,3864.0769546578827,34.064960778104975,0.13616297792586654,8.86036345624637,0.16536308614514522,0.0
487,2577671.8632310415,482297.04681196,158148111.76691326,9077155.11394819,0.7082512534107582,3487.625504013762,8.095301660259384,0.12306262856537797,8.532684451354408,0.19986443184325198,0.0
488,1969811.603593478,854210.3935323091,24322480.168993175,3760062.8679068834,0.7686264921020172,3554.4557179352596,9.65313936440898,0.227201187270777,15.599451232657339,0.03169646279937849,0.0
489,1422.184572441279,129.82316633748283,682471.7703213429,10182.309478556976,0.6123872626675594,3460.6453418536776,0.21885780268730334,0.04536792078736314,3.360390345081008,0.11611862823533961,0.0
490,8082841.340151827,932702.55036285,755543586.3579764,35916302.91176511,0.6766569973340403,4069.402996178672,21.593179571495234,0.1592673253015339,10.735700602902385,0.3242346310756318,0.0
491,27362498.256474305,5199006.635063877,1718697200.6085477,101253802.22296873,0.7062914388674246,3712.1655836316936,7.109160689832238,0.133503609329873,9.430452435785535,0.38706309476831646,0.0
492,10476255.971059384,1104297.3862935225,1187914166.385279,49508427.506876595,0.6702284171169632,3883.3663224541824,6.706098142447422,0.07716315377139375,5.472612424111604,0.17322301083094904,0.0
493,6677450.918874664,696923.9318424806,906230588.8397834,33093844.445961736,0.726214938814028,3172.557526859871,37.73395396880197,0.11419289221680762,7.777949079787019,0.26200644599941786,0.0
494,21891488.98218427,1767564.0608466547,6111741093.315638,137610887.19046283,0.34373162037803195,3058.9427827290383,117.67831536550959,3.452776306298877,59.635503092074615,0.12784472498771637,0.0
495,8189.815623870463,1021.6868339811095,1861017.8059095896,42449.68407268037,0.6817498707207736,4087.7146982019763,0.8613848116197762,0.06893011495899852,4.807643142282636,0.17692571737407958,0.0
496,5260159.375871002,912933.0945503656,579399435.5166752,23763817.474467862,0.7289171164982744,3272.960071017047,42.49229793913272,0.15293616863210485,10.848520946662997,0.266158227134087,0.0
497,9035441883.64096,2220648581.9112287,203034120958.7275,24259628911.225502,0.7198958807332757,396.2550541484511,14.781729888399552,0.1027206215818853,7.36359694911206,0.09823077314719214,0.0
498,13541750.192425614,1540565.843341582,1191154236.084805,59092420.24944762,0.7281752957362243,3555.449550677232,13.053412703918934,0.06105330621365503,4.4297359492398725,0.1072374972001949,0.0
499,17565375.876407087,3568317.7629106035,798695683.8931078,57070135.98370276,0.7573719328069524,3281.84822442279,65.23197929370751,0.07599996794603259,5.599566083312128,0.12371300765514359,0.0
500,1463211446.887651,727626571.4808075,10000886123.12107,2447379179.365571,0.6971296271360508,233.85679505033914,12.71809547446973,0.16358135288754436,11.36279516402869,0.2431301296153357,0.0
501,24087298.391603567,3437333.559223654,4964229512.728178,127138602.78204353,0.7309742505619056,3392.666413458855,42.23227775415004,0.08068861014598241,5.596440368356106,0.29480785802172077,0.0
502,4504.979066595392,498.59748232372397,1416095.4396533973,26421.698322121047,0.6214605336158849,3955.858070682911,0.560221473818245,0.05660530035610671,3.8900420285072896,0.2557539138385927,0.0
503,90896407.27159755,17829178.151660122,3838026516.7373266,300639727.50988877,0.6354865131107763,3944.888548267465,6.514010312964364,0.13970281549735394,10.319684310419607,0.12175994439209167,0.0
504,67713.92597049545,20709.39161582967,4815241.036248626,217133.30522626545,0.7179337306515996,3586.7850232224428,3.779804296643394,0.2374448639205819,16.322381945439457,0.1218542642975743,0.0
505,41768363.83024187,5771809.648855234,4534567146.998111,183115240.55744165,0.7529562378912973,3378.6576036927127,665.4256794904315,0.11715345255045344,8.639892324521877,0.08627265029387016,0.0
506,23049644.796273496,1832121.5011780295,6523423420.920062,143907520.93896228,0.6902033169017094,3157.3956179283405,83.92459284107241,0.017282028527836335,1.1654746841089831,0.19970795867567298,0.0
507,54098273.27235685,5877932.953046659,7471654142.705843,266410321.8034398,0.6601731038440701,3873.3937566027344,4.834241239814228,0.131346163494736,8.8517915069266,0.20325817483297146,0.0
508,1128050.2028086178,135129.85899045848,112615411.89798641,5012664.982938198,0.6394490664790315,3896.8913761591384,2.867530282022655,0.09484880300809033,6.676435127109611,0.17890528845388945,0.0
509,15933844.115794769,1000578.9275450285,5009515351.257046,106689606.40798475,0.7146609187863306,3637.177935546816,10.979447568276235,0.14150224250858373,10.25004969293576,0.40565423553641666,0.0
510,2466.9481741908976,522.5195585426954,656332.5005206036,12491.74041171004,0.28785843207392187,3601.5692610298925,1.075775967290887,3.5022938743037324,62.72748953298208,0.4545089008803667,0.0
511,3823.2673290644498,678.1508592569655,1406882.9526794546,22689.735499340073,0.6480946856109338,3733.5581215650864,0.8523471425155883,0.7040481475649977,12.775618373864562,0.3833183995342667,0.0
512,294832532.6647049,53224180.63369104,9116706968.188992,924993010.9344614,0.408490000145523,3201.167167969339,5.759807277860116,1.5023081725415357,32.14859547218991,0.10014321703478916,0.0
513,10255.995440374836,1646.5107622661603,2152618.008014591,49899.01900611125,0.6416560180149414,3520.078099064888,1.0197647415249464,0.01685395740362141,1.2228178755758363,0.10728414270273323,0.0
514,5088.654552460741,1180.6332841778778,1485119.8381718763,27742.699727053307,0.6690763907063243,3520.444656124868,1.1441075337347175,0.03272325095596642,2.546181777663783,0.03512480702180748,0.0
515,101179084.90492077,16992963.52196611,12192047984.074932,452154254.2846955,0.6858471453243062,3902.9304998760044,5.6652457445100985,0.12504055274857598,8.639990953527905,0.09527039582709795,0.0
516,12554997.01474621,2207320.7651249124,883196856.4088068,47360195.595635705,0.6398299847529525,3748.459992142505,7.3973278071530455,0.7619380316014018,17.235678252551335,0.20303237998096518,0.0
517,77163.93856774012,75160.32434163036,1238219.1354529285,98290.37695225785,0.44264780451502633,3753.389490069473,2.0089835010795034,2.2349774646542127,47.23201684426911,0.15244923131132557,0.0
518,14161259.188041355,2121825.908708093,3667780622.757903,80968706.56536558,0.6947995662503116,3849.596315580346,22.01197773304542,0.12359655257146959,9.118046030313167,0.364430896300744,0.0
519,130929286.38925989,12901395.848196473,21765586497.050617,690502469.7895888,0.7298654757943956,3667.8289154987688,250.44045158931124,0.144823047638644,10.310219142903735,0.17582521743150373,0.0
520,2489907.06795713,458945.4446532804,85252560.30048901,7834707.28029214,0.7354511977225852,3549.604262879392,3.8319591977117837,0.15483116698060578,11.445409100082319,0.15062046151519654,0.0
521,6180.067757194321,3474.724169174426,1186066.800833656,23973.006171218272,0.6433995043856233,3549.648913166554,1.1846434759521318,0.7496321222634871,16.21307577359594,0.4194841831473513,0.0
522,9297.339739628838,3182.1874757876317,1986491.2979503945,42288.92273207418,0.6337136114748196,3327.8941117087297,0.5242981254718914,0.012292338371944123,0.8623305158579967,0.09045105245256277,0.0
523,23408894.708224412,5535311.1845826255,601187999.2724998,64188737.84572599,0.7731339194976399,3034.2607656577793,70.6354238425849,0.1429019055817462,10.233814717397307,0.10521448478587685,0.0
524,23996760.041539047,3881400.9383437904,1313792030.532724,88137909.81413691,0.7153330811840857,3769.1475720726926,8.921042360920373,0.12485704596065075,8.912455985997772,0.09977280099602533,0.0
525,48610332.67174021,8016974.518884763,3396096071.848544,187234594.6082148,0.6439796327938183,3669.3536823522086,4.750299074384496,0.10443845045804796,7.2060906261873345,0.10157636635063681,0.0
526,4028804.4365443713,672733.0183076923,375638481.8237739,17015223.320076417,0.6947724607421002,3527.1402855613055,6.671647215254417,0.13660472845624919,9.721856971669087,0.2972659609865404,0.0
527,51866.914492898206,9197.568850292284,5142926.724367996,214453.05493646744,0.09966442067175989,3414.2557651341476,1.4995965938505615,4.789780854744585,79.82761938366347,0.3066416629018447,0.0
528,174226398.43403178,22249529.798142813,18734537885.356575,786411462.9207741,0.6576060545737614,4132.489875527507,70.1324726997501,0.15270985840890364,11.146186362109908,0.11175323828471033,0.0
529,3289675.9948587837,493155.6321250444,256463555.2506136,12992301.63705413,0.7586274208752715,3552.077442091545,4.914890109408867,0.06730529439301688,4.963490225933245,0.28329728788457026,0.0
530,3243.1583407748194,428.99518407809956,1259688.2329688207,20335.504262017224,0.6256962801967487,3804.226482780536,0.7416855330570143,0.18065917232427298,12.24075163431171,0.16261813307326958,0.0
531,150158803.40509433,10978599.199647706,28294071239.682793,859793488.4627612,0.7110093835029374,3797.5949651636697,43.64747244318687,0.13855898878702505,9.34511651746887,0.19457011925396328,0.0
532,105649612.33597445,39519746.707061544,2588397237.55247,234827125.923256,0.5105728866964039,2859.8993548509393,289.31670341090114,2.2414318584227,48.155689549291296,0.18535563033931535,0.0
533,5985896.304624701,897780.7524940486,432462531.375914,23651332.417155802,0.5875751847090831,4076.6998973665354,3.18115594369595,0.7252618917048458,14.192599475903824,0.10184965564944665,0.0
534,2525912.317168812,740783.0835181975,160023656.96266964,8221304.578656872,0.07501731379899679,4225.96402476199,2.464055926948994,5.417187155861687,86.99886864133923,0.2338012954218514,0.0
535,21056.013709732488,4553.938799653318,2883152.059209763,87653.15159699135,0.6735144654367359,3639.1480319338284,3.962536555737258,0.26411705040682987,18.217767356861714,0.30226204428261644,0.0
536,47130958.17810418,10934008.555840634,3083965873.151923,152751614.4534346,0.7405925977913005,3090.532773058329,121.1016479205126,0.11339635746182122,8.330411602917255,0.12593588226604666,0.0
537,41558720.79743991,4302846.534187185,6619269930.393268,214187575.55512267,0.28955276490638454,3773.7408036860957,16.777682174059738,3.4815306350094226,61.39569848831432,0.10639412792559738,0.0
538,121734.65315894964,23149.338370346195,10348129.38091904,461602.7288801223,0.7021285867343134,3965.068370801456,2.986241769861322,0.12952239025340173,8.556732996485364,0.3083400215429552,0.0
539,10743699.75170772,1782659.6296781574,1316326394.3405817,49580944.01800513,0.6455562758735338,2952.6347194751825,125.61275840248904,0.7999627311663607,19.87643538987672,0.1877521857227582,0.0
540,22784050.704467725,1625850.8298279145,6798004724.569074,146731428.58835363,0.702988779431947,3570.7766941651807,82.71862837734109,0.15463516791333606,11.243531058019459,0.17115956655490877,0.0
541,737926.0550634197,51623.59445614046,265924775.81142774,5060343.822800566,0.47230014803411147,4120.050078291141,3.4324147643134406,1.4959768186975233,32.0085724320705,0.40121615250230636,0.0
542,19840.85553484447,12756.66134866815,1696828.4226093139,52447.80278123153,0.743480862469603,3273.757998913534,1.6815210670669298,0.05204436905954975,3.734744499515551,0.5001664607775762,0.0
543,18581773.01368948,7604068.925680278,608793766.788325,47430231.32772493,0.6154763990168262,3656.7665659189815,1.8633009857229408,0.09316159941649386,6.552576613807119,0.02963828836429304,0.0
544,18307.14710868981,8723.94702529495,2325453.1747870976,61394.84631754728,0.6796394919728204,3549.755816246667,2.6774265276987954,0.05923860068950067,4.1421183105346255,0.3159638907596198,0.0
545,23050730.360098395,19389569.465006255,492940908.02556944,43410586.71460622,0.623434020148434,3828.8553135607144,7.644870459880233,0.10593070219430753,7.581136381711178,0.1823150537331486,0.0
546,2975508.0649249135,667024.7445367471,189631342.80599356,10124099.234119512,0.6129335407544563,3590.892187191732,2.0114259166483603,0.07003906763677473,4.329410720406898,0.20147190036221696,0.0
547,508158.37754654454,36291.354788538134,165272199.18250898,3355183.241237715,0.5022634658574996,3713.1829976989775,2.148191501012387,1.481901242247607,31.014495184123103,0.3043180382325015,0.0
548,15089.46937858788,1413.6692103215782,3845404.804524617,87027.62418915103,0.6350614346275292,3419.960874417823,1.0088311925493858,0.10458910477926091,7.4106652795780175,0.3562548014298248,0.0
549,9179368.100918729,1162100.4658495174,1078944332.6636739,41703197.33614741,0.593721055751826,4013.8111594870606,1.9621227288089185,0.1241378545849952,8.291391740128402,0.2223826963999807,0.0
550,510199.27154093597,87907.80645975097,26226978.042702764,1775591.5003537883,0.6335956993183649,3868.2462553293017,1.9304114694906334,0.044114700219418344,3.231419915960683,0.14383123912947715,0.0
551,1957173.2521956079,535353.6763793307,67575265.33309647,5502131.16438044,0.7340239114889647,3741.4360473214792,4.758414809467929,0.11959622570741786,8.502353064947304,0.18764720408427824,0.0
552,11399.278711998464,1947.084194729387,2588458.7944285003,56712.36359047593,0.7105277279168075,3490.0260547804255,2.886264613837574,0.13895539148998443,9.80142335005728,0.29674848415937893,0.0
553,161728843.2579012,16798827.31190974,24967453146.042503,833580051.0885768,0.6675329183124877,3771.66463645658,17.93520141329658,0.12345060035599893,9.050684729885775,0.21283088263539293,0.0
554,6875950.714937121,2134702.7606490487,213349180.32165855,17482419.671510678,0.7186164386569087,3317.8295185917973,13.700867476026513,0.16589014611820402,12.174665336948644,0.28266764206627415,0.0
555,2887043.8730274113,293728.689853684,344770496.77784944,13925576.624697411,0.695235446449747,4163.993211043017,2.733764815571867,0.16562087330039557,12.08959509815169,0.1497113658161393,0.0
556,475070.38710494555,37625.451759921365,128174827.93808,2931062.713334933,0.5386313770405152,3586.765443065203,3.240295678550007,1.4792753591683394,30.79595176970998,0.32774144221936474,0.0
557,6188735.460307581,729631.6595811688,655460534.4630215,28079507.833845824,0.6106597625887487,3936.8025222977312,3.2539278175481186,0.1576182862632373,10.869334713646555,0.3264634333630426,0.0
558,6978365.944187954,2001333.2741201888,141690759.4138039,17693274.245054282,0.7163052041790043,3329.622351874111,7.189198115673248,0.12972012502097643,9.384779316639364,0.30365069006153184,0.0
559,49358729.67341241,9876739.762720002,1906364442.1953683,155658927.70659226,0.7292448832001239,3962.2311545615753,6.182722838509343,0.06806940215393249,4.7619291549006775,0.13294686391171665,0.0
560,19104.294309765304,8122.122533154649,1977748.5142243034,61841.60450936742,0.7373934911539445,3564.462013159977,1.827212901306454,0.11395016260107882,7.398440127100786,0.5021326196277109,0.0
561,4849762.330638038,448195.18520406476,740742989.6968066,25343436.5537009,0.8023885425626259,2785.5592789868815,27.752847399791182,0.18022731375682124,13.675568085421395,0.17915039899333415,0.0
562,16293.340534871293,12689.461314133116,1232961.4527309071,36756.58569169471,0.6273854661131402,3626.627887954399,0.5984529389160712,0.08814519971736709,6.074733886414707,0.113306756658111,0.0
563,17188389.388778657,1311978.6323053462,3506562357.306642,99357791.21652822,0.6072915552063716,3984.3595046055743,5.196479393466384,0.11905332154414658,8.59590004629021,0.24096554703232342,0.0
564,8028477.682068457,2089296.3104003177,127594079.75905108,19801727.959271125,0.6542601158551908,4087.316557449504,4.282566053165972,0.18263800793627122,12.937564479766891,0.21040884185076056,0.0
565,14871927.68131966,4825354.307737043,352824138.45336854,39019009.17037617,0.7117341784590099,3546.576421255832,6.239560353040207,0.1452685672990251,10.043345431955226,0.12222313583574126,0.0
566,409062.20903850906,50113.06724498706,57967969.426980875,1926207.6252769628,0.7201276042369252,3628.1837639818896,1.8174214047941866,0.09057535569405868,6.406610092374434,0.05233160092204032,0.0
567,15390285.192254957,1882324.6828741718,1431734002.6914017,66082854.02428641,0.6366243128596478,4279.404455242911,2.252067482920239,0.13519224148906223,9.36507999383188,0.33042377254970695,0.0
568,2302955.916312845,254043.24689597805,391513333.9241766,12043109.90519173,0.6563336841329357,3785.4461429111666,20.198539452927108,0.7230391051666701,14.28506030978931,0.22959835191531539,0.0
569,2933474.99693627,382928.6935617847,265329603.32159656,12563357.750356846,0.4493300476445278,4253.108862329313,2.4109420310206207,1.567045105648344,36.547824074955585,0.3209192335722269,0.0
570,12818974.77309921,834419.4611681487,3886478255.4078417,84261926.47363369,0.691452824635558,3897.6586530968702,12.409355206539392,0.1356090539485903,9.661169728517695,0.29978385764566906,0.0
571,325131.35458072694,41229.15923162876,23264931.075005032,1301681.5359076222,0.5065001190256642,4309.210839505243,7.7210742724924755,1.53145517906442,34.66413359143986,0.1643539279904611,0.0
572,1051303939.0065981,255561237.3074235,38944275897.15038,3090136674.238402,0.7747035244245969,2138.133625317278,18.095998807622365,0.09084723556047081,6.697894544147279,0.1570369477383469,0.0
573,29861246.132119548,3499847.472715626,3571464678.9987617,141285208.73310667,0.7091047767488744,3104.869722192114,69.46656174074094,0.1265835163686268,9.110004194053502,0.2783667627075188,0.0
574,30674843.299854316,5130887.397580715,5644936683.200422,162551172.4096579,0.6859299237733224,3511.123342535883,25.316442977762275,0.06597316553700008,4.787438916333699,0.31859114547459266,0.0
575,19887.189057012747,6047.548126362085,1789115.5288143302,65262.731212671744,0.7231939490031929,3586.4387899730477,2.22198081805491,0.32055311578671447,21.7116409562237,0.4447979578142874,0.0
576,2476.5765512765474,1268.103057536655,566628.666015202,10577.741986983088,0.08145929163150731,3706.219695396893,0.9467973661846664,5.446286458498336,89.6676817742862,0.26628224660149474,0.0
577,8157.675932989507,1064.1940631414045,2082677.8706206947,45225.235129440174,0.6434804330053623,3904.535202951556,1.006543531277669,0.17611814342536417,12.481853404475642,0.2682141746093904,0.0
578,8745.913272618134,821.8366118197695,2405237.4725329513,51061.58919730979,0.6348995882810001,4314.934242564414,1.2971715560778168,0.11505833665864937,7.335625733732714,0.2537716409853783,0.0
579,151690293.87083516,17370400.91192481,18558336741.203644,723918947.7864788,0.6374223087349702,4376.364879667211,3.94523122117409,0.11793439668105936,8.350316275989249,0.16599383050188174,0.0
580,6958842.413764248,2020708.2542135126,370240744.20228887,23061007.659616403,0.292459831832977,4007.6686797384573,3.5607265023515473,4.05654677005933,64.83643855510402,0.21687969820893388,0.0
581,1584183374.3239927,456648340.2539646,56196581153.77407,4423492144.557787,0.7329549567277458,1864.64255211572,92.22737464267921,0.018084393990946614,1.299209815533112,0.15264983437622046,0.0
582,12580.692735326871,2648.5301160136455,2491634.300434345,57394.409257572705,0.6343065220787328,3613.1328275137425,2.460937501734522,0.8032429834796286,19.8121883185192,0.4281567593264839,0.0
583,10381.358481340518,3641.6390905805356,1895333.1020657297,42531.80196570548,0.6197134305236017,3445.861385787791,1.008702775207308,0.053549616709154965,3.785981875329527,0.394343120087653,0.0
584,12316027.586635996,1442544.1806120186,1913527241.2443328,62130603.964994885,0.6972152312591752,3968.5238018330047,4.87851058681897,0.1218347813844157,9.074485408222532,0.23905893284083576,0.0
585,4073.257257044273,484.57727993660137,1391574.0434470475,24346.662616866164,0.6836764641173547,3730.189017695516,0.7944098835533198,0.11299847702660556,7.748891792743595,0.09868498228971964,0.0
586,130460.17572454111,10902.965372731665,26599834.454243947,733601.648141765,0.6496346509136286,4021.54946226625,1.7047147901451978,0.11413166463303578,7.862557199466558,0.23512210444948814,0.0
587,723417.4720901849,448386.7700551199,17126227.020661794,1464784.2165885135,0.604329240775081,3939.624431691531,3.4114460723858016,0.745503429138802,15.822067345073744,0.18687466400579028,0.0
588,13161.1073746802,7147.512422951024,1391225.5494886762,40913.77568287258,0.6956997835613886,3940.9285996014273,0.8401736613222619,0.0807567890686122,5.997516293550385,0.47508913679587467,0.0
589,33605506.417825036,6148359.101646004,3974723619.4085283,133759387.02652891,0.8249806282505363,2292.178250496042,921.1122222340709,0.16796886343810832,12.329162446392415,0.26151941889269664,0.0
590,22226697.177731577,1274515.9165253767,9231628311.519335,161268672.5614756,0.555148416426672,2715.533541504433,189.38110680995297,1.514833018390513,32.91563814235904,0.38700685457842093,0.0
591,2411240.979198424,434609.60690319526,145044942.3213266,8667873.536900429,0.6037846496364764,4019.955285952571,2.162740378700666,0.1287397533815855,9.220074763802497,0.12188424961065403,0.0
592,11542.390171231353,2863.285090994845,2516471.0792982103,56032.54813755965,0.6926382103653077,3429.544884066573,1.9060707196752118,0.09991289128991374,7.285532061941939,0.2618754219743966,0.0
593,29231829186.99464,8146566721.4539795,1206750255820.0522,87612586844.98067,0.7048560892892455,330.45758183632495,15.155135496697252,0.1600472385570816,10.60497068772814,0.14850835531790083,0.0
594,15741.461334534117,2020.6621841661085,4090485.611251825,86791.10791076846,0.6593550922857647,3518.412682874834,1.2016091894688392,0.05495020829138477,4.1028689801663365,0.20553374106080977,0.0
595,1302372.5419616576,372588.3699391105,68287496.6458189,4013461.725718795,0.5198828221399566,3374.247601945285,15.003184754234306,1.4521209885683954,28.90858352702684,0.16423781655983816,0.0
596,7391762.62196766,1829040.276489395,267285870.10237026,22460529.975293152,0.7244294295617001,3480.15764432403,19.761763276235406,0.0974140690289004,7.150607775813116,0.15426636607721358,0.0
597,2967304.5855282745,554186.1911428676,134325575.20616394,9598444.023820832,0.692810241131191,3614.753699018719,9.144767531667672,0.8011146957749912,18.91044675599581,0.24572621510202722,0.0
598,13804.65169804985,4400.519244819216,2488325.824788173,59722.238167123076,0.6531482812594455,3706.3414947129304,3.3951262589261955,0.1566095823661767,10.931727083004544,0.07238519343873305,0.0
599,9440777.479739849,1010690.1631168682,1513132502.0901985,47674436.468930624,0.4309531843933785,3387.0809707133985,63.71528222637382,2.1062280420101445,38.24230724479429,0.3765799005048679,0.0
600,19916089.9218497,2126428.204218555,1753868644.0101542,88565043.33365712,0.08277941049945572,3932.5257865930143,13.126642063621263,5.482694053322217,91.86160361199616,0.09124387549612593,0.0
601,724602219.7096382,104723372.30105963,57610158005.74425,2956014746.184967,0.7078671298592651,3283.6836019658963,9.278319633741473,0.13743605077163262,10.080627053857203,0.12287560134034854,0.0
602,3966.0504844818197,420.7870150004991,1497026.3869899581,25174.649990119324,0.6304609904314534,3772.271928938874,1.053692608884413,0.10505969941616256,6.92777403330428,0.2624087295534716,0.0
603,13185346.513880784,929861.3589152962,3112498682.190064,80411446.01929188,0.5425355873322422,3038.086966630618,58.01314090494925,1.7046619555322509,45.939555348032584,0.2831110851816215,0.0
604,806563.8160722612,246829.58563821492,13139547.196249131,1854128.6703752498,0.6423856650709079,3372.820826865497,3.860999929890788,0.11594106606454027,8.260263498172932,0.19377413587137407,0.0
605,8927.10748279349,1116.2078254365467,2278064.6540286383,49478.32658133749,0.6217917616782793,3727.4709640422093,2.0509540386901297,0.17041179066287837,12.052005106704486,0.2981649915481131,0.0
606,32211.547022129853,4707.441471837899,6095696.849689661,159412.7601595872,0.6072033005447315,3401.325179243187,5.163535728263757,0.8336522614559423,22.366904387443068,0.3200463437701414,0.0
607,75904589.92517763,8619969.704273522,15420235214.002817,410361852.4709469,0.5968036876968797,3916.485321841169,3.279904008430916,0.17601370833868302,12.116386955659767,0.2422344490032732,0.0
608,54303600.84688617,8752393.055647958,5093062428.963664,226860957.372758,0.6292882762837797,3756.2522835938416,5.408516450368707,0.6994677402550049,12.721458554630383,0.15763120340693718,0.0
609,239900881.39903077,69335480.11936834,12631425211.323532,724868940.1137232,0.6791148327421659,3479.236071986461,32.74653605380368,0.7279370545290484,14.834145228398972,0.31606034879700684,0.0
610,2863.0163114506095,545.9217929496765,1137143.1010266063,17798.41535723853,0.6784419910977226,3773.9200864881004,0.5307185347049977,0.05856010274796599,4.082422209623942,0.27280005272996016,0.0
611,12010548.043493968,869754.63175315,2980020841.66101,73766941.0579991,0.5002510219800287,3312.9149061317185,19.759455203108168,1.5276822248456283,33.975503423722074,0.2840354133572133,0.0
612,213772.63787535214,60319.55080795662,26675241.019011654,923294.6533377288,0.6775140901258851,3834.8368227776464,2.325548719902755,0.15461186603990545,11.477244010089105,0.2443632630984483,0.0
613,22826.501704947263,7631.568395953713,2728109.545676343,83076.80557457343,0.6309273855209806,3501.1011861701118,2.06415363431105,0.06641090376294283,4.850381603929144,0.14659333853422699,0.0
614,8726729.470809603,1561584.176830079,497439026.49399054,31493219.97388993,0.5317280097917199,3779.721684025584,12.677058511117577,1.523550636575552,33.780677816131245,0.1386689952538333,0.0
615,9924307.460514871,653891.5401403719,3291822131.36487,67057014.24554763,0.7553522372348342,3482.12840061948,2.8966027134023147,0.02147654913358865,1.5297017168462759,0.3652222127389481,0.0
616,121167752.54864895,10081094.250101568,27211343189.69556,719676091.0134386,0.6267904764020418,4018.4248362654075,59.52391787963826,0.19206855215655336,13.134411440879244,0.24573979039967625,0.0
617,100621.86261585414,39772.539593073096,6202727.38673758,323647.33878758317,0.757593831585199,3924.5417991576255,1.7013063309237926,0.1343638345901046,9.647596327013757,0.3352578358866946,0.0
618,108602648.34051268,33380058.179862045,3103760905.9303885,297515041.930198,0.6997863547748875,3342.5002325259816,70.56758477146298,0.13020548467946175,9.658650831726787,0.1672469281404292,0.0
619,16477556.766317988,2385288.5238682004,1272863022.7650394,66287167.84186361,0.7779269917032872,3189.558244350994,91.02392980920804,0.7577366104705237,16.882501094280805,0.16971933822753155,0.0
620,347415427.84555554,76612920.91079983,16041053345.319937,1112902939.5340946,0.6132761220596281,3577.894201956827,5.433187885019676,0.0843329555056731,6.296920017432159,0.090690247082301,0.0
621,13430779.37077703,3475951.96216282,603590976.6670259,42657244.390397325,0.6376082081607061,4035.6577863121697,3.8869092054081746,0.12007493548655149,8.74548081092226,0.13410441806273277,0.0
622,851.5139281821484,58.03937365930208,499533.2270269537,6604.90160959618,0.09156668714964401,4045.326395434713,0.6674562850135786,5.504308370449599,93.25147737778371,0.44067515220701897,0.0
623,62992173.832373366,8162611.222471125,6839549087.164876,283850825.39473444,0.6576692834822383,3619.3234699974632,3.5261252967657977,0.0419293481342665,3.0994534044962676,0.17564775629888124,0.0
624,72368.39867987239,13024.762959320151,3949617.151171495,244256.3910391353,0.651880905964837,3736.3830410443006,1.3865205322053988,0.13850667959170915,9.941761952555643,0.23452823882685805,0.0
625,721151988.6464779,221754565.46197182,11827908189.776289,1691620328.7161493,0.7341335041229751,2347.2247979621325,10.958174248924639,0.1049809730925925,7.287681839785336,0.1757434813605393,0.0
626,25468858.863492183,4309017.3280594805,1159651251.482029,86260662.99114189,0.7317117934070039,3160.4541341194836,37.686909881936835,0.11817730593106912,8.603947479438169,0.2269637083865202,0.0
627,37807088.379612334,5898666.971623887,1726852394.037878,132412713.39007147,0.6341866068510666,3790.7695096763123,8.902877560206013,0.2023602392413273,13.583306965180071,0.16004813348287572,0.0
628,6595587.873382884,1163065.0217524802,396524161.60890895,23785526.104691423,0.6995240401696513,3727.843817665532,4.525112044135061,0.11894667245653254,8.75918825662975,0.19311655727834728,0.0
629,40960063.53990737,5872086.178004546,4314423811.381289,176160918.4287149,0.6840637139777278,3446.5411546997966,726.0306954090976,0.7762761555191452,18.199496469433065,0.24679819183421117,0.0
630,8065690.067280727,1870890.0836931318,405818487.72956014,26844281.39074909,0.6980525278208787,3635.1802414187423,4.37031074030489,0.13867177133608805,9.888971970239137,0.16508342731705258,0.0
631,7592321.121698561,7284550.619703348,50276532.735158525,9204393.130496537,0.7205839641160307,3465.8834676740134,11.14313361841822,0.06956815978614568,4.89265623341621,0.30104910174519317,0.0
632,6737757.015983501,795274.5195465272,607406314.9454427,29539949.588986836,0.6942942680227995,3554.6117570992637,12.961685943195079,0.8563842375480638,23.87202411454044,0.1303665641437361,0.0
633,16010888.32871199,3494987.0753865256,2029881740.161813,75224824.65131299,0.6738783568339619,3717.2210396385935,5.505093568648668,0.1350446956969728,9.261482157105373,0.1922619936002727,0.0
634,366517244.7658709,119926760.45821035,5663525278.344817,825886489.4546436,0.6437607061536189,2398.9775609718454,6.789347190188923,0.07872184615043346,5.7576761676004224,0.07804199425507381,0.0
635,1524341494.5743432,221440891.73723274,88018176691.59679,5685801977.608933,0.7846225794836111,2470.754666229132,18.893935318942976,0.13037806089732448,9.292527102217495,0.08488505636087812,0.0
636,7013.234675168993,739.4380389343861,2648708.1174435653,46098.94750803301,0.6553542796273809,3625.200352899972,0.9688095646128368,0.7368134916602467,15.094389824279716,0.20791932629516693,0.0
637,490993396.10548323,154296402.0519076,12819450567.999266,1244802190.1432061,0.8044248189794715,1386.1166146870657,39.07594371900172,0.16525431999331594,12.13468123683688,0.07015403331670149,0.0
638,5306142.759006855,1009280.5885423941,304570990.43911505,18985609.98670037,0.7976726727635117,2994.2553746186486,95.72670454650134,0.10888125552400715,8.080511531445035,0.1185254795364041,0.0
639,15537477.425834501,1075762.5670505608,3333034086.116372,92714718.69133057,0.2906471022318204,4041.904264637595,17.95849259789993,3.555786219648334,66.73237653682213,0.293277595654414,0.0
640,5677847.007116132,1418150.5356350238,424412475.2117849,21271523.718532547,0.6332470606420096,4239.125856515119,2.6794048041063347,0.2224107360320562,15.171259677754467,0.19325276034432928,0.0
641,14501903.608008867,771971.5702656049,5748501592.614275,105469215.26756805,0.4861437525730493,3779.2440976041817,29.61902504199427,1.5523983781072603,36.08843841089754,0.45412632983316226,0.0
642,108937686.60821207,20653680.109400574,3425165881.3051577,339873148.1625658,0.6437592961549076,3821.748524488341,7.0697966136490376,0.7179356467650015,14.030166822214024,0.23292249080349822,0.0
643,5653.769697664959,1686.3567475384054,1514563.7988018158,28665.55909102317,0.6704282066359203,3605.000063383648,0.8390293367901966,0.024477982186461578,1.7215581468778793,0.33953984327743303,0.0
644,21044864.307209514,4042539.147162538,1965259577.8364549,87281145.21168545,0.6744476269928202,3559.5348312661126,5.010012970215965,0.09940646769686738,7.239091471977993,0.252515437960091,0.0
645,475928.5830236965,210810.76810792618,20274528.815706544,1244146.1213118776,0.7124115957693524,3719.531665920119,2.7373684924351993,0.11695443091123989,8.03402613856449,0.38619467772352284,0.0
646,67239097.25458153,7038514.629019538,7957295480.949722,319877728.22315514,0.618907462609354,4186.52756893803,5.725634425756003,0.7886949704381905,18.878909406071354,0.16792015121220685,0.0
647,108420714.47117965,19756997.41304684,5732450895.349385,375037160.2439736,0.7040461618597625,3957.545708043386,15.344356722443546,0.07547179596623384,5.505832313974894,0.05930927362309293,0.0
648,4772171.8892553095,560861.7358867145,374538835.60575765,20182542.83227739,0.05078160831743404,2355.2369325319537,3.936078062282726,1.3867516964231472,24.140934188340605,0.1704248600066221,0.0
649,33368889.666892488,3557069.5882770596,4491364594.81622,165306612.11499402,0.7427778621648784,2919.7096211024473,136.02428742526595,0.10881410674593237,7.673312554059407,0.3223093273449876,0.0
650,7632481.261626335,804862.594558179,852259196.7701601,36003189.30560391,0.6951833673378426,2799.0470230494457,43.64906406240187,0.05222459999542508,4.061087515310142,0.0418674769434746,0.0
651,24605177.096279167,3273049.4399889223,4605935957.124684,124328078.0342391,0.4918654669412185,3556.7076476186357,33.15385324604851,1.43727600174626,28.087910682174417,0.31121888817142446,0.0
652,18666533.367427878,4395116.438222656,722257172.3181443,54922494.1547005,0.71281298901186,3619.7591518805853,79.03852774052045,0.8123266949582572,20.511456899383422,0.15571214583406393,0.0
653,10219076.039764378,792638.5778563886,1758676563.672006,56622231.995445825,0.6065362866617032,3901.368394510394,15.377170327101203,0.08973632347059475,6.146891847240127,0.1852371413891909,0.0
654,12917.093205802457,2566.0978916586946,2584561.372516263,61352.75604067015,0.666536681670495,3461.802112340065,1.9413232983312032,0.15674424746670407,10.978945142105525,0.2086725843351797,0.0
655,73131767.23345962,23048253.234415762,3783567785.2448435,223308822.6788791,0.6846825897186364,3687.404784751207,8.999672446121183,0.08041931737258023,5.807205939089845,0.1907094996765805,0.0
656,11409840.18229455,1341550.6001593268,1263000946.4348664,52270202.60006272,0.638692071122138,3817.495287273879,3.420033859541076,0.14838376915697396,10.156471190035232,0.1330771404249208,0.0
657,709.5300627326822,38.46514514838367,435467.17036782653,5735.54641680092,0.09016298978802881,4407.858522411973,0.5553388958553407,5.454540746135073,89.71698030824845,0.07616091627596595,0.0
658,1030159049.4902191,164084126.82482502,87781559340.48161,4181520723.92031,0.7222789900168214,2400.403854870838,98.34000917163287,0.12587708981094056,8.355296545351731,0.16866725612611097,0.0
659,13245485.840159819,1402726.2106860627,1834628110.8429866,64892684.42652185,0.693839480828988,3421.2572645720065,108.59255329563439,0.1855247951647873,13.114950191642441,0.21025337722497664,0.0
660,2248026.2760321833,385321.7799302644,176376108.21366152,9081952.291877165,0.7267501615960071,3588.3395124712406,22.70474884204474,0.1270468040104415,9.531502770588123,0.069836660826479,0.0
661,2822460.161714129,320568.93208220287,454425162.09269446,14097799.623308336,0.6917498173860313,3436.32993988533,23.959414592398552,0.1564208601053493,11.549266624251974,0.23443706691768726,0.0
662,52714106.30817971,8250284.613762188,3103831050.2349877,194593098.0127135,0.6529963366546364,3176.8124902150403,66.99462261396985,0.2193942981076818,15.178710945381393,0.131071887843047,0.0
663,7794352.932320516,553727.6310500338,2238096288.460715,49911494.444799304,0.7014681246665456,3891.2375937319325,14.049260427213303,0.10450528684889573,7.627268896250664,0.23932760306522863,0.0
664,30105406.814694636,3609630.694337898,3237492888.3459516,138124757.621175,0.7695592802551455,3659.651162876554,14.094216762626086,0.16984265979255833,12.297721811337219,0.15410080988170896,0.0
665,72193577.24339548,16491018.597456118,6020404360.281305,267166238.10225382,0.6777600694215898,3481.5464321340824,23.926855209666428,0.0834047449022779,6.214716245306621,0.35447438317393787,0.0
666,9287.907095605648,2474.191949331891,2070422.430616219,44787.46712906616,0.6587998655157872,3516.50735439036,1.4950589467066044,0.09120967018750559,6.41887345355872,0.18097069448387634,0.0
667,13780527.152469993,3202501.593556366,686119349.9053141,44899588.80562914,0.7027978331011094,3641.0336670405404,7.224687841336295,0.09501956898415517,6.923871298394268,0.19197974539537555,0.0
668,2688.844105969597,1024.26964198088,605661.961814564,12512.991295563732,0.2647496955235237,3779.1333829481437,0.578668267215436,4.098658327604047,67.65506316513476,0.3904193974719502,0.0
669,7060.761274101164,886.537423042156,2010988.7221782967,39761.85356883201,0.6235016755479752,3733.0078049437207,1.076514616059302,0.0989871085765702,6.899191820428269,0.3859603896076141,0.0
670,2646.449480353866,278.57276024136655,684812.4520910282,14567.92054234551,0.06560186648745114,4133.231383248261,0.8970616557903929,5.4137384553579695,87.48162264855608,0.3971791947801024,0.0
671,7519903.558501762,739028.4586762928,930951302.3828156,36933781.162881225,0.10221781203374536,3029.5124643308563,50.19303072203026,5.540229995324138,96.13790605698048,0.14228217582049052,0.0
672,45577.7113349268,11392.08423378813,5804336.580695267,173098.99004634874,0.7099756322448598,3773.7784133342484,2.4970210746296653,0.10555144627758599,7.22523035998893,0.42720772166854554,0.0
673,126273673.4716923,54435240.89082398,4847758922.041697,326995389.2667376,0.7008423929663741,3972.9845656303632,5.233406181810961,0.15261327717874,10.61607867463513,0.08264541858450407,0.0
674,9497648.382574297,913991.1564638407,1399074914.9004416,48855075.402433544,0.7233537831297826,3403.439160347262,21.780312741630187,0.8007326817704168,19.829875325563542,0.18257200989023123,0.0
675,38666667.54762299,7176030.240322295,3078630115.1939387,150490539.9804322,0.6749351610710853,4022.4651750063617,3.7406777507658986,0.09580007158964028,6.873086985917243,0.15705606711257838,0.0
676,30805843.79725035,4880225.975929642,2784283830.2154994,127287438.11735316,0.7255009046979521,3214.934704802259,73.01857096525359,0.05263719051386442,3.779478158533654,0.19159480426325323,0.0
677,1815949.4702587947,458713.6437394683,78050121.81649423,5648987.9075063085,0.7512715629005204,2943.447242855996,7.769104260429377,0.010163661270985802,0.7086924038403126,0.1366833838500182,0.0
678,10127010.773285557,1843099.90738468,633436766.0997622,36074332.13763864,0.7249137525834759,3600.7584865576828,6.092354182599641,0.1444484323190606,10.216597900609035,0.18324263616488418,0.0
679,2777035.6734012766,640457.4273723689,113083914.69053166,8681371.801267859,0.65673764042454,3434.106055167351,5.430300725502277,0.06818604420442931,4.907479379057352,0.1255283155803385,0.0
680,135649.26765352115,17056.60555554901,14561185.83458146,590570.586719452,0.6029987483963224,4378.394806749829,1.3368936064942316,0.12901142011397937,8.609416290270866,0.41061462391511905,0.0
681,17688.488740721066,2896.626110871498,2919465.9807803677,81386.34765883935,0.6923174408519118,3776.4310092644114,1.6988107055173944,0.14967414125619669,10.412126223880524,0.38522754122127306,0.0
682,3331364.9686091593,417106.00988358364,328006094.01776725,14918467.084734794,0.5117203663637129,2874.4136450505653,12.643367777302348,0.05292080898642455,3.9289871160730696,0.1299412515450399,0.0
683,14686977.84639265,6135714.3550170455,415089979.0591628,36596247.21280423,0.6814987048463694,3591.9784451744663,5.994411828877134,0.13969170146501445,9.905674383905684,0.22340415099794375,0.0
684,54573565.48252374,13600750.785884071,3805483743.169713,189461314.759805,0.21258710069877956,3725.3961591130574,10.841753432105744,3.458705679857883,59.704933308711134,0.18173362324268552,0.0
685,11828664.193148227,1413873.316178357,1276286661.946447,52962035.620956056,0.682764906971567,3908.7294477503287,5.682397406416517,0.17794755618849062,12.025608255025789,0.2005226154275806,0.0
686,47886875.09437692,34988064.042701386,1578542691.433738,107853143.74056919,0.6804501721869789,3629.657481883215,5.977532796744165,0.10851860447091725,7.147851175421167,0.20170379312412706,0.0
687,35374360.4497902,4938585.671675145,3411524245.9366436,150318986.5072008,0.6944309190431979,3860.6056787886946,13.09904664011842,0.14296750454142462,10.276749096838737,0.11788767039181466,0.0
688,4035900.198300502,760840.128296519,225589206.41761488,14154709.085861132,0.6681365398944321,3306.729592867476,3.650906031470711,0.032242728111967975,2.501141227330348,0.07932387473505251,0.0
689,36897720.9599084,5605166.053172065,2735956885.4027486,147390653.9028924,0.7011575033871593,3661.5167936229504,17.121860849846872,0.09674212303223939,7.020476535158799,0.019903965744864284,0.0
690,7537.45324431184,1389.8754296530092,1819998.0075560226,38644.5373724284,0.7113454637390505,3387.8101264164293,0.876757365139843,0.09505983147924076,6.578000173517244,0.588763617138984,0.0
691,42793046.44615586,5525614.004496226,4544244569.745361,193533573.85768715,0.6549356844433059,4044.321176109286,6.90127250204612,0.13081689408895772,9.209753430489064,0.15815032241744792,0.0
692,365726003.2442659,107885699.94649974,5263082443.068968,855619032.794257,0.6749712100445502,2479.9221204104983,5.962537890403796,0.16040108344249795,10.34293211721595,0.09956148854990407,0.0
693,5551927.5676858695,717650.8222724501,479714279.769667,23866221.42906476,0.7219427063352869,3856.358096608304,69.79311953446806,0.08067646390510479,6.060535963892056,0.22870005814022287,0.0
694,8760108.730504813,570887.6803744903,2979796031.302636,59424380.34637971,0.6866015899581812,3490.9494239955425,11.09782154588464,0.10585930285468725,7.509057604967855,0.37999673064674694,0.0
695,1439703.38664493,295726.7324870423,92962555.62654026,5118615.157037653,0.6550221531071666,3605.148095199037,3.316215673332067,0.07753272967113337,5.6042481917195435,0.21147033508324614,0.0
696,31380376.293388523,5183146.81559903,2063781354.952462,120503748.94275339,0.7385732479045009,3632.9813551687207,23.094949261701117,0.10909854555546605,8.191564007086754,0.11563977142547932,0.0
697,8009.124714881722,2562.237315100918,1543443.3876293576,34321.226586250996,0.6600675857732428,3156.2914862161606,1.2020508885425565,0.09454412378944124,6.786367231106603,0.2682565639709508,0.0
698,10026166.807567108,2102516.2782672634,484720669.77244246,33767415.62294594,0.6957925601707766,3614.1346127199877,6.211436060240029,0.0810900996098967,5.710245089718133,0.18043673115926678,0.0
699,3112.2433178687634,1001.6705482822924,1044898.0692066338,16932.683862693193,0.6648206933130931,3617.4138085534896,1.0477507559904795,0.11358515573549921,7.941180269437841,0.409972318431413,0.0
700,9264279.133827532,919051.505439572,1166436974.7253604,45384372.47115773,0.7146565561139111,3634.0479671006788,10.448706039519129,0.0835836499737593,6.134266729727348,0.23008143024592,0.0
701,553504.0233342055,132875.44483958828,14292234.958237443,1499646.930235734,0.6142277860102661,3751.06622411014,2.441963424647349,0.11251871918256837,8.092897889729958,0.23482793808766772,0.0
702,706153.1706546934,432000.88139859494,13262460.900240907,1306806.4919754865,0.7130376703320688,3977.3912064810957,1.884629731892273,0.07559482657638376,5.087019935187435,0.3041785483243179,0.0
703,9367.93998052863,2853.0035742202826,1505456.1999987662,36952.30239216052,0.706714821394758,3393.580871403688,0.8956305865084182,0.03351589934407988,2.4569578002719,0.40047515217208757,0.0
704,23043.973102855107,12968.363993018158,2264870.459320029,67748.83371416069,0.693086797831018,3628.6807526168236,1.2180959108717082,0.08256109847338075,6.072431067795097,0.11408272103714165,0.0
705,28058442.059479333,4682008.014788363,3328277977.071421,126336084.3132365,0.7074380814824436,3523.0096202401487,5.823797379787705,0.11306428790722337,8.415134468981826,0.18429980586765707,0.0
706,15833581.1862391,1860471.1732512403,1210178256.8988008,66565004.201707706,0.694359096456285,3908.1766123341336,11.999827555431228,0.12653790511636503,8.921447972353684,0.18812390283877528,0.0
707,5356340.214869398,795309.598663974,513984615.97708845,22432089.416468047,0.6199545774936277,3950.4699664021437,28.558630882498864,0.08202569104666776,5.613248509629528,0.21412688204518926,0.0
708,23312407.36783953,4051719.4088796577,1484434475.591005,84563367.45536704,0.6175336686910525,3731.6216942311216,4.802722476979261,0.12717603041865075,9.107126975613387,0.09593609335576438,0.0
709,58338.55152922126,16253.32295300942,5940985.253355469,229403.7398652287,0.0993961179752428,3728.0447547658014,2.5662554713547574,5.52344084804662,94.5843276379862,0.3761202354572991,0.0
710,11809812.478579264,2034208.6084076646,594842107.048084,41238981.55507709,0.7278296144372268,2860.795746468438,78.11131731207588,0.08392138054353318,6.0107690131965885,0.07967102428250894,0.0
711,43182156.070412174,4192654.850727762,4832079485.536977,206889719.98062,0.6024902946672592,3989.670726153078,4.849467185605792,0.8269507317970394,20.958537727301103,0.1488803646899106,0.0
712,26081213.47385206,6677462.896232538,481049494.11923915,65651921.28618564,0.24037334117392906,3331.992971529531,11.36112961123972,3.520718222671575,64.29570739830709,0.26918171328855056,0.0
713,15311.294749917133,6124.770202501675,1888612.4101478495,53779.132054915535,0.6646423873555796,3473.634515137752,1.2034465006200232,0.07562209206644459,5.377118145879469,0.4013784099285036,0.0
714,225548586.5584952,85149472.54924877,1991424069.534411,437035511.465734,0.6975827181830279,3060.3468838401054,14.6396136496959,0.1281958570189617,8.895789852770367,0.0381502703720665,0.0
715,563866291.9911542,178350950.90864342,5687892250.062661,1214852409.5384617,0.7136825212231744,2010.507748749023,11.329403448879182,0.08609104677846355,5.9026600652065,0.4129410241269751,0.0
716,8419.676532617541,3027.967941511039,2151862.635788546,42963.397253986324,0.6455352258077168,3771.5379482848384,0.9418182542726201,0.1037761438639075,7.348917515745299,0.30862497184246795,0.0
717,511815.39041792194,123953.03748211691,17797054.5439566,1562069.9783208768,0.5941900077020499,2791.5663459445914,8.281854165395101,1.495113519559658,32.05901589039478,0.1696322595287356,0.0
718,13955615.23472859,1301685.7164312552,2367500686.135699,75051413.50843191,0.743134436631134,3618.473593719952,3.4862322054210892,0.08496272567600807,5.8876493799597185,0.27987428271407633,0.0
719,441936550.1411955,144978137.7618772,6267889201.92233,982122831.0137247,0.5783445917859871,2225.9284125401,78.92268718795032,1.41661609670664,26.506744561392715,0.05888896500670136,0.0
720,15136.510825151325,1938.9882979408599,4328829.9617447,87691.74063707508,0.6503667369603637,3310.984883922979,1.4643279354623568,0.08725935234950297,5.838483694287919,0.2889228563504451,0.0
721,15856373.556354517,2036867.469001382,1919223655.0990043,71210617.51762286,0.6996846381472335,3094.369814839447,91.77709166292183,0.10147929001091924,7.489886477800677,0.2764538517352784,0.0
722,109030897.837908,8848285.271486266,16619804297.811514,581832106.4792553,0.6684643849953906,3839.502216824,11.93147658239977,0.12069293925758773,8.65524389058671,0.09350324867639,0.0
723,23345234.27471263,2840028.4931387897,2556520904.3635015,107617249.70188698,0.7326286645352671,3721.0520195931704,22.185469005751067,0.15108386673589766,10.601136339493348,0.44736288332912594,0.0
724,20913.27411993307,15779.32156084844,1542429.0951059787,48256.79002467981,0.6711468762618973,3165.546326533991,2.356256509849964,0.048628073906526216,3.458766094568374,0.3149573916711158,0.0
725,19409763.794322964,1939696.2851317092,2526663918.14515,95362440.09488444,0.7067855229129834,3402.71625062134,5.888107446981565,0.14764894432704345,10.78527012504886,0.09078550356189286,0.0
726,9963.096632407163,4955.463436357985,1434895.8740048404,34426.52699142728,0.6636404305655546,3393.464189305865,0.7127467820311029,0.00921473252663434,0.674381117488511,0.17809663306792697,0.0
727,12096142.27327573,1243213.953701112,1909434043.807227,63249703.74463345,0.7444549905654455,3761.2296410525014,57.55984334775509,0.1425015554364287,10.325892162630371,0.1860051880614455,0.0
728,4663.04287239785,519.7705189205761,1605182.7309494507,28513.979314134987,0.6899123608611851,3727.765757383552,1.1289627169167418,0.18401796857867864,12.42177988471288,0.28306722830653025,0.0
729,83011.83148479302,75356.41212265487,2668196.391612102,134211.01358288748,0.629846243609004,3919.134158672924,0.9551418358087898,0.6997772556438481,12.358808966748999,0.09693157207268085,0.0
730,3118.5685286151856,371.4562985644334,1151081.7128437737,19444.05162132668,0.6420341929275019,3413.311825339147,0.7683464923199043,0.04456138920168282,3.215432563605366,0.22126236798661222,0.0
731,98251377.28497255,16711216.75903366,4821188021.170211,344112662.41085017,0.7596739116926737,3195.693190791919,164.45989525093466,0.1459448538611176,10.142623559201024,0.1669621978074331,0.0
732,2609.8855754353854,340.2901098422086,799698.9409321937,14865.785822286834,0.2998762121597888,3786.981977242554,1.025635326793548,4.114907860526732,69.05815490380662,0.23000300548100905,0.0
733,7275.7867424646465,1172.4177434345816,1870055.6454298808,38456.71439403047,0.6555412931838984,3569.1055032433705,1.1974643879373383,0.06980830920265513,4.947485960355509,0.14007824017225415,0.0
734,4096984.9216180183,640723.6120856681,550127975.1918352,18653368.720767975,0.7005703675629088,3609.013740769469,11.540224785901657,0.15735807847413846,11.213247912179158,0.3031594617828727,0.0
735,20352070.259969167,2990413.1700703898,1136875031.7603285,75801265.90688714,0.7224702296834944,3278.3494132963565,16.614126058114604,0.1473521258108173,10.867845582545046,0.3295787327981082,0.0
736,39858862.63189262,5239617.110090153,5853402852.386753,189837088.5044164,0.7377475131578863,3261.6863861491856,138.8691599524156,0.05280245489067133,3.888614180599319,0.22120957857861917,0.0
737,10581208.699150134,1421829.6252180934,1058822469.0748923,45691887.77794711,0.6756288936632611,3657.1783981958265,6.214726436496813,0.13965307386882014,9.695668567695982,0.23765217037509356,0.0
738,13287713.775883783,1509171.453799674,2026843285.573346,67432554.25257924,0.6192209483488514,3803.2163711093535,3.0399292459423153,0.05204248852894518,3.5246125935341626,0.2561779747714031,0.0
739,66769.12100457854,59707.186881721056,1896172.8145790168,104264.33874989655,0.6587507785181576,3369.523467221098,1.8593707493647083,0.04325271212655748,3.121143766904571,0.358685360434099,0.0
740,77750075.28841144,5549703.865771782,16462718210.841156,460610460.02352554,0.6620073614974796,4033.5213869194727,7.358027835875269,0.1855106323237364,12.682468667577075,0.21382064438968426,0.0
741,38201.534950980844,30930.86324335488,2305930.248962529,81588.9229411266,0.7149213015010947,3682.696211162757,1.0377202296090267,0.038907466438484216,2.3776596897232523,0.1709862604043793,0.0
742,5694255.492991186,795514.329609665,536878504.0427921,23816213.294244684,0.726916261313299,3885.499453832839,5.710639350982988,0.12478844911370227,8.180396333148416,0.23204568024268404,0.0
743,2258.977497610502,221.40049659907828,759277.7734462924,14068.71717200483,0.4671052826488264,3712.65930090173,0.8991252378707845,1.5118169354394966,33.083597642405195,0.21851222850076962,0.0
744,17122.127274039965,4964.619402293681,2106389.647485771,61431.46335579946,0.7293434505143581,3709.665827504594,1.9416754469447834,0.1886875711151597,13.886628965935492,0.09300306201507055,0.0
745,3819.999536337614,1798.9234860465112,644307.0608123358,14209.062535165027,0.2395459284655117,3606.5258410040014,1.1722863606877352,4.11662010761742,69.65301940127662,0.3287265084095965,0.0
746,75724.19423247942,20761.733790603666,6960389.0325560225,286996.93788837007,0.2889178360912824,3918.0989472044066,0.9133252033289516,4.060346615262396,64.74444314802712,0.28224058464441754,0.0
747,63458185.31737237,33107142.81703206,2612104467.2347326,168517328.0642846,0.7309851407911684,3236.7837852609464,5.031767094508324,0.03630693848629898,2.495693319199243,0.2884914338268377,0.0
748,5773166.946500804,778913.1457390932,357245920.4528934,22528348.95870459,0.7532846758489868,3479.835024336795,10.447374027770607,0.09108296382770717,6.325458085198365,0.23824405204770485,0.0
749,956995.7595853579,86378.45919914047,284738509.017084,5940643.15644992,0.6598262637234141,3990.978265998733,3.5088288391245057,0.1258943451112599,8.842775160635778,0.5193473514403478,0.0
750,10578187.016783642,1321166.7059077353,898570965.6911898,44831756.067667454,0.7051394803666785,4332.267226044472,8.538216333189158,0.14311896511251837,10.267100739044494,0.15564868089346892,0.0
751,129469774.7163243,10875529.406894093,19058334360.721153,680820151.8814523,0.5795666292747287,3106.1308664759435,727.1957352495442,1.5473569629640285,35.85864206190987,0.13246220370433745,0.0
752,20015468.36961997,3896531.065492666,1230511017.9783692,71174243.77511498,0.7683593852556454,2987.5731758840852,96.96509474251653,0.09380183792791633,6.619783865811412,0.0681713302950071,0.0
753,188425097.1712832,24040756.803274397,20795806764.03591,857561896.2890735,0.662309634158014,3739.251094326005,6.825604298744202,0.15645368737625115,10.346198413741142,0.18595696280100657,0.0
754,117275.28080310664,26351.102069942535,4850792.847425825,350911.76978270255,0.736554557207376,3398.260281900797,1.900940011538556,0.07755290931204373,5.455885515897707,0.1897590966345253,0.0
755,9483260.600087127,2372161.3048312375,243155541.15498266,26340692.653918207,0.7982842582803606,3607.977874242114,11.930893028327795,0.11608029269378158,8.401308428232921,0.3494569425269905,0.0
756,3316852.1412125477,493299.23602283734,210963702.5830524,12618610.797653666,0.6545061563781758,3830.7415204269646,3.900889264211891,0.0946753347709282,6.574467756551759,0.11364895818702862,0.0
757,49572141.548634574,9844139.608595405,1448728097.3772173,148170459.63401952,0.800880040164485,2940.626136403162,103.53480001105038,0.17170086878728208,12.087465385942492,0.13073006639874352,0.0
758,32087.3809417855,29644.695652762777,1271674.995984103,53041.881746454295,0.6951737046794026,3532.466180968421,1.9235849289215976,0.054626206498315,3.946014064413613,0.28109892133125736,0.0
759,797.4610885663647,40.48527056545809,506240.63506511337,6593.060977247757,0.3864454895299554,4264.02555732677,0.545759528623967,2.1574147023977934,41.85324045715574,0.24157415967523252,0.0
760,1338.9219224559947,178.14820165116924,622932.9771544115,9076.148502008353,0.09545073681802568,3528.1303517705974,0.7900467074417765,5.534989077482654,95.57761777309176,0.39235071842384495,0.0
761,8675650.960399989,624935.3608084393,2022921642.8260033,52597632.54301951,0.7071636330435178,3297.3496255104674,35.07108326130038,0.216209572165568,14.760099953778132,0.25794621256505496,0.0
762,4405413.0884472,459581.4436474663,739138836.1159235,22994959.142110195,0.7629610478126322,3871.6296144288654,10.215464203433887,0.07275824179820418,5.099213830888179,0.21493606983253083,0.0
763,637531.9144264782,150339.40811952943,18457597.33159114,1772402.057561562,0.644414893115689,3796.6898778921236,6.552480114002524,0.1261505263316784,8.227782788543195,0.12275781180246402,0.0
764,19868210.464547366,1425952.2626207795,5273650644.674562,124736919.09844296,0.83125142888418,3037.712648181974,66.03063315830258,0.02101472729831926,1.5984851982395056,0.24564928647916073,0.0
765,43419241.492852606,9838493.017979905,883851167.1657282,117523918.34138651,0.684775428829687,3719.0437316302373,6.972231073768699,0.1109228280071867,7.969640557989422,0.17755408552514546,0.0
766,1421474.4769644747,246898.6998453453,54169264.23645134,4660225.625784117,0.3556777205879012,4115.709518463562,2.561541688625189,1.6306997994613712,40.309620076348686,0.09875652713548673,0.0
767,197156031.99395528,27425436.706302144,17553932667.469875,825770143.8332157,0.620124245916451,3826.758240612484,3.88492862936186,0.12896202825798006,8.43852082201017,0.09520592983018843,0.0
768,1379.5140505838624,333.11925165888636,482333.94212392357,8054.67455021179,0.2847521357182923,3737.945079424353,0.6864846192455947,3.4159758240032354,56.53697646211028,0.4717136845103416,0.0
769,444556132.6029401,139890725.0396778,6756466483.419554,1031867159.9518303,0.6527549157370326,2361.72262220253,15.694952595038737,0.09901588879767162,6.8819471463441415,0.24839484703756284,0.0
770,24687921.506828733,1904397.8166055784,4612727424.509321,140123401.92400792,0.5530790676917693,3874.791515854212,6.963638390299696,1.6119124181551285,39.3888342439848,0.19274049486871403,0.0
771,16969.147352555894,8705.846254625849,1767541.0894547745,50289.18076537813,0.7365648184908663,3385.5730626966388,1.3752061357446836,0.10060329350497614,7.537508671726373,0.2910422894683565,0.0
772,25653685.08105585,5468571.374635276,2207986050.734635,92956154.43902227,0.12894410906403667,3390.7626213787917,136.30366114286826,5.52727938830851,95.32860031013388,0.22320842283883158,0.0
773,4575539.329335634,633580.1439810733,259680744.00006598,17310254.89506171,0.6126860945756135,3883.3150786643264,3.5895946976817203,0.7785266529147389,18.019874160913083,0.0673161590712728,0.0
774,48463.229260684,30212.79003641911,2887603.421901062,120732.44587278347,0.706912194854884,3997.0677031710734,2.0468355276679224,0.14433131933130472,10.077227812878663,0.11195938386276434,0.0
775,18281.55429534428,9250.970035178258,2043048.26777776,58887.702346630176,0.6521438914423225,3379.981772662559,1.900651200518708,0.06795893544505968,4.843199939354416,0.2569737840975789,0.0
776,376749848.72059226,31994795.131985564,67142122053.07369,2051653283.0437121,0.5540223475933738,3911.9053320044413,4.097746839457743,0.1316802894778495,8.700413629147404,0.04918955598716821,0.0
777,170356213.8486629,29905078.414730974,17905086023.773693,699089297.2109039,0.6782594087083417,4229.362645976629,16.520990848619416,0.2007750416885286,13.638239694155768,0.3158805548184731,0.0
778,15898.813474904746,4808.830808110006,1927374.0539791659,56547.99839323072,0.6659593471879831,3502.650963779924,0.9309308347430558,0.078464319598785,5.57346574932613,0.1698712859493539,0.0
779,11891907.470241498,2482903.802665812,327343353.63583744,35425312.33257182,0.4112716345871502,3985.476459980582,3.54182516509098,1.4935875583201537,31.880397807213672,0.04926493132129395,0.0
780,45612533.2130663,6667380.962311623,5056749875.134245,203744912.39544925,0.6308911990638205,3956.19713842091,5.380551086839963,0.7268715444029396,14.441242017476148,0.19084953040276056,0.0
781,92878.75225649506,38347.21207327788,6246066.630805993,270135.9043472811,0.6882763955142395,3368.804273420544,3.0598006587188813,0.7947994215695485,19.520002556328983,0.15157928407158766,0.0
782,3350515.965663896,684857.9770885907,152863730.89556938,11215471.252368469,0.765585576782345,2842.594992394826,25.602656235499204,0.07286434514871125,5.408181322952297,0.12862038901406175,0.0
783,4130.913452714779,1480.578250317673,1137335.4170320914,19992.13989153946,0.7233044734286519,3644.9699283304753,1.017540608582776,0.14685774694406578,10.890947584706486,0.10382162703815549,0.0
784,6757712.258199871,2125401.8427753774,177583277.9071097,16051831.95054991,0.7186496719266489,3256.6014983699915,13.95699154120469,0.08535184716098572,6.397524579707854,0.36346695410150265,0.0
785,28931232.450081386,3676991.110433252,2805105877.2899714,125258635.18747905,0.7197097629287026,3238.0538403304745,40.84840886985561,0.06188721494850382,4.722544615709632,0.21475464165693203,0.0
786,5467.290268758918,1332.9487324524387,1410810.1436726581,27128.701480983524,0.684399094859461,3430.30805592287,0.8825826180584349,0.060388751527460996,4.2870703568614035,0.26318277190838507,0.0
787,16594.991755259463,1880.4289207821498,3754902.836830026,89212.21377938634,0.7407159372838936,3766.5042273167855,1.9044485635720971,0.07982321519062632,5.8192125512812325,0.1656593903583521,0.0
788,623936.9811344736,58985.434261862436,128920418.67232347,3474161.697857371,0.7632604200236542,3481.2529509116334,3.996274749963438,0.06744607122669129,4.604916589324868,0.30287898853530903,0.0
789,69904647.85779557,12017958.430109307,6131297915.090694,289652276.3288796,0.656005904432982,3547.6963449369737,8.056215464890345,0.17120810014560545,12.163495460835286,0.14309686255579945,0.0
790,14687757.709779363,1032273.8589629505,3643870898.800246,90658696.5216544,0.5174073658613259,3935.1660495308797,24.310866598067026,1.5369683392405622,34.92996273571761,0.117630601316817,0.0
791,7908915.362212017,1365897.0223151562,326508678.6276787,26638822.797778673,0.5729525806899483,3060.149203915015,30.63743541467038,1.40887420448467,25.782084954862448,0.3104875619515391,0.0
792,3953868.203402965,677995.7448291001,225477021.57239842,14248983.152134996,0.6560472602748026,3603.881156381229,4.40578596117861,0.14209668830540903,10.11172330997553,0.2464685300613254,0.0
793,120292160.8968004,9209353.497354914,20594025308.9558,667538438.726587,0.7151334534165176,3696.3490104179436,30.28250390372717,0.12247909250491747,9.119632018008799,0.17888807182892674,0.0
794,7692.489734690906,2621.226660761652,1565987.7655775067,33936.0119281567,0.6499020953102471,3306.9546573923826,0.9373090324187826,0.015237751454315874,1.0789886621794396,0.40560612620751013,0.0
795,5130431.292987097,891900.6097765865,718917264.4829683,23838948.69841367,0.7125343886072882,3284.490911967012,60.14144015425536,0.10112107166845803,7.604656512622924,0.14304646164601054,0.0
796,71855553.36689588,5869504.938096387,10959913070.549671,383516904.3290979,0.7274290415433711,3771.3428332419353,15.610271841181389,0.07398184411968707,5.122834620074724,0.20523980781643628,0.0
797,288868225.8904238,77969955.23259066,10716613508.092056,833469891.5687,0.6432562362524246,3563.33454991563,7.119557263367985,0.058984293482276226,4.106391062468651,0.16620312024005077,0.0
798,626380145.7904793,265545877.8689843,23389742349.43755,1539423091.0222688,0.6943298387760122,2051.0565478041212,51.96974501521915,0.05094324765319484,3.6919106390976113,0.03419016780820895,0.0
799,8881276.453569889,1204216.7767246368,663135744.4793848,35703374.394057915,0.7479377165342775,3492.4635707339567,14.932949477473983,0.1582033157139021,11.590811078297463,0.25752348490489857,0.0
800,617721.4257480081,133714.6484421839,32304699.766616225,2006900.8601442552,0.6499983823900408,3811.3248354955685,8.446323354754313,0.09222365888362738,6.007297845735998,0.11026615686868993,0.0
801,2800701.6684022252,295000.2945841321,288062102.40780836,13012345.048359167,0.336501406690861,3224.224835545221,3.7148792614589397,2.138390872759521,40.351450425960095,0.0974135571683681,0.0
802,3027980.0182331107,545558.1491146422,232906016.57653698,11964911.314103749,0.3021889538542933,4140.149870800045,3.431005488092986,4.107569268347684,68.34069211656416,0.16712040017392915,0.0
803,4070726.8461798616,853692.6555496935,166481668.64061025,13012301.089560285,0.6217372571440593,3736.8546761189655,4.216227314985593,0.14352854364769269,10.506238676559743,0.10735245337976224,0.0
804,60920359.7266046,6653351.266641653,5142840231.619987,266788429.99161893,0.7321185071325,3645.3508249568767,16.929814096321174,0.03963942482778719,2.9849499721557464,0.09345123566657733,0.0
805,21639191.550801165,2993626.973321113,1424762633.1288714,84905743.06205973,0.7089922197532845,3528.8577551127855,22.390152474959383,0.8276805181756348,21.77274310482843,0.19792070566978837,0.0
806,2795088.8937773425,425280.0465522212,317431770.583146,12066828.653448757,0.6504525934800874,3805.169232367487,6.75861185713414,0.12258825938692892,8.417086708845876,0.25725636534300544,0.0
807,10689441.01516087,1072226.7893858624,1567858890.6209998,54468716.7717494,0.680651682522621,3407.8651221707123,39.238980070019764,0.1204997551773607,8.94005270888547,0.15412905594512508,0.0
808,157318.18321309233,88416.96528053966,7963301.093071915,418296.267134449,0.716414422124867,3658.4244299816964,4.6834411872867285,0.26208561291181065,18.109412827921858,0.15739345866908946,0.0
809,43788750.04319278,9137606.628965732,4101581910.609778,159006357.3709399,0.7410555625124816,3146.038882985489,63.8876516424196,0.15004373821338896,10.788667742435837,0.30304493817973766,0.0
810,5227.609590957249,545.9009293080877,1241844.8897068428,29084.49701110352,0.3939493560383017,3831.676959695177,0.8437078942197846,1.5475500092675447,35.491418774910684,0.3400568036718397,0.0
811,1693808.253775946,596891.3077900598,107013921.22343323,5184690.935975408,0.7064975407267339,3855.43573882058,3.6168333361346865,0.1591288106415747,10.513639213778976,0.26529991067932684,0.0
812,3016.153091096579,402.90911891352346,1176330.506612983,19023.54118432577,0.7324678127674139,3835.1652151121866,1.150728862793057,0.09409372611472629,6.941364607077236,0.534046375694045,0.0
813,9933.047525513368,2247.132296505841,1701581.3400658302,41289.85860140301,0.6516115635416013,3668.1168757671394,1.3506779640489597,0.09466298194627543,6.755079620110178,0.24883971238614203,0.0
814,296699124.31574637,49361406.694162205,28935650030.912323,1238763936.2673712,0.636595654225171,4091.9277940866564,6.349980159986528,0.13680638929258038,9.880971071771848,0.045842850231852514,0.0
815,20078734.319736205,4526755.336600939,491091993.54346293,56182205.015543126,0.6350683674062886,3810.065934948252,5.444524366631726,0.7687132352797021,17.51803241021765,0.06741987905733163,0.0
816,3609957.0248162583,329155.200167599,741395186.987729,20600336.580051035,0.5403327382147899,3964.492570145347,83.24630717725522,1.5706932650018584,36.55381958812698,0.3170087467146005,0.0
817,15157369.937250327,4787419.279315843,1939621227.3678722,62456458.69602923,0.7301396648205444,3292.7791877869686,75.53120113788627,0.16103800614517808,11.958817445881625,0.21768229555204546,0.0
818,176348234.58939263,68197924.72625735,3267847694.5911794,398125671.2169273,0.6710184119881045,3644.987085061829,40.562083756961684,0.037029090431712944,2.740122170316785,0.06390470363528694,0.0
819,19082.090820637928,4330.304121862848,2571644.435736035,76229.154603189,0.6922968521344699,3609.6905918295747,2.737986549718275,0.09455503005849986,6.752380116874076,0.24205297223036026,0.0
820,4149091.0568385376,485815.5892520708,321789410.1066361,17474307.99935807,0.7432252520320147,3636.939941261722,3.916012641250187,0.028674580577039956,2.131952905526788,0.39593680121358665,0.0
821,1218269.6246126993,113091.25495712808,264571949.18085298,6878631.637650162,0.5006175482152426,4062.34905006553,5.304991355297752,1.5527031750059537,35.68102111563129,0.28209250725494395,0.0
822,19691517.218050174,3084793.2467071638,2183222749.669428,86466730.45796165,0.7278631884716866,3023.868471332292,98.66930801591761,0.12323792968570765,8.590208025544772,0.12504192085347066,0.0
823,9693.945575880938,2627.651444067861,1713811.5256873877,39658.47823939319,0.6478071797271714,3747.4621927809126,1.02646333076526,0.7505118953241668,16.20835901437626,0.23433297396091723,0.0
824,731803.0030729438,124168.70329243601,53304181.27601533,2838483.8358885017,0.5986039351009234,3926.2546061099797,2.072259213153323,0.1575771002618815,10.913738444914946,0.33090186818144773,0.0
825,15253.126431500845,7163.315947456444,864795.6229636462,35381.66882491966,0.5348782566625702,3231.824928016822,1.406302306552871,1.4762939508448034,30.799930647607717,0.36360466728368224,0.0
826,1087470.8161091974,361719.5704158196,28933066.465155832,2687760.911210126,0.7055550480852981,4019.6401431812706,2.8356222863499427,0.7901332577492626,19.027004205068508,0.1319869117417043,0.0
827,287373323.7097246,116770762.85209374,10575683729.195917,754949199.3750446,0.7113257212506998,2654.829000702739,11.230547535539117,0.12208714131407081,8.696858169959572,0.21735048796810438,0.0
828,9642124.171314571,891741.7625304933,1256310243.8545356,48063184.7557777,0.7523141500539622,3659.2296183565522,67.49607913243003,0.2039989207110385,14.576518970789309,0.37766634384124137,0.0
829,486578.9485466511,52956.64130866481,73752830.75244027,2398653.73409409,0.6737071682743913,3536.6870601906044,1.842851388282047,0.7218350972974925,14.095320391168816,0.3233668435540465,0.0
830,4923171.206987093,970057.0273047828,224734571.92083424,16579240.657367665,0.6935426533170748,3543.173041432151,5.046931160918441,0.08203320060165575,5.942503589884465,0.29225453989061884,0.0
831,25293998.90644931,4889761.168108817,966858025.869767,82496915.27211475,0.7198380859121594,3694.733074375029,5.066348423061252,0.1071068091031698,7.599911737690522,0.053740279721027816,0.0
832,126907518.44390377,12348476.591996884,18441662132.58568,640230413.0949275,0.56228420914887,3815.6550500072353,3.458061043834308,0.17536522676303906,11.750188813834857,0.04517037050254269,0.0
833,8866795.801097503,1915765.8550866959,460524488.6399124,28077930.19656784,0.6591553195028154,3759.872428932939,23.423229133346464,0.10593893316355381,7.860472147144596,0.1890303579022391,0.0
834,9805583.558398524,977506.7093146887,1398407110.348735,49543249.84099747,0.7667737367427263,2982.001016250299,34.77087436458259,0.7627338276258343,17.007769612825705,0.18277100024625095,0.0
835,683644.6926774546,44327.34750827146,236814586.16035628,4666449.054262835,0.47144350545676933,4060.6999337375505,2.224210249369627,1.5526319922587997,35.832512904884,0.37487123234425584,0.0
836,34493.41847032077,3024.9358300364556,8191082.558476379,197173.5719985108,0.6098434013492221,4400.762465970543,1.4739714118893703,0.07554478832817804,5.361613608313393,0.07103482719028958,0.0
837,34966685.26142188,8146383.991511131,2245350787.314535,119976923.43650946,0.6588102728100964,4324.010551778344,3.710003974738644,0.12138580143038755,8.07224958635248,0.14463010692176032,0.0
838,3478.0088572096706,385.5298523823647,1065314.9699182678,20124.60371384866,0.4201649686242918,3743.5728115762245,1.3153677622770021,1.5468588318620955,35.244785213277204,0.4205204774807208,0.0
839,55215897.33307062,4933378.363626117,7028488680.890979,277111740.6591209,0.6601660926584244,3890.6320225113836,7.911321714592362,0.16919898436784458,11.626713718218282,0.1340453514312401,0.0
840,9505905.635681126,1111671.3244456286,943676885.3051789,42689744.892850526,0.7985810420408749,3415.4110739788675,90.26796770001413,0.1588935065036428,10.941790721258677,0.08356474089523004,0.0
841,2445666.8091350896,431503.0237114853,87339930.51621726,7888240.658812662,0.6837478445939265,3536.8998780399133,3.646939266584614,0.15662199566595963,10.976555619787293,0.10535438128437781,0.0
842,1601685973.4695134,465191810.90683985,57780810835.43235,4532757333.808559,0.7322804004129948,1117.5257400494013,13.259748168725388,0.09788019542647755,7.352317885587074,0.2529960463589701,0.0
843,52037231.156558655,12640693.49152214,2849912484.1099033,176031929.88982832,0.7211451804847893,3296.328845654144,12.66813844808147,0.09457233491495573,6.922540450948567,0.2048383498420452,0.0
844,7977545.222319864,3574995.3346520215,477525617.75835544,21071066.29420948,0.6744467027248338,3995.938520572613,32.34729696706592,0.20758052541369337,14.30037589231224,0.3532388097404209,0.0
845,43941731.33620398,7142409.615292023,2779407041.2416606,166766278.36315948,0.08992234123784981,4099.817626263154,5.659836192154261,5.468747615671792,90.88541937471487,0.13678796957552497,0.0
846,12280797.77045254,753840.6912640941,5069961320.245815,89474503.74969411,0.6901682759370094,3563.442293490384,11.266489153890307,0.18442208966412893,12.550820611834741,0.42557873135557645,0.0
847,7900995.506750678,949911.3418806266,713118745.9288948,34270161.573692665,0.6855994580216994,3734.0775411666,24.09572182311157,0.12084488762494763,8.504557477032838,0.27415669522182595,0.0
848,29034.913835836313,4822.870902448727,5307559.138152383,136910.85969634668,0.7083825633108662,4009.832600116625,1.7696002930125352,0.04840039205090152,3.3514786870678934,0.48280317352345736,0.0
849,3956684.480008909,409208.36516370194,548361488.3135269,19727722.784982882,0.6377700125918089,3796.7684221442364,3.6849154566210016,0.10630591065303596,7.1222144301844255,0.08778948772204792,0.0
850,1806655.7853513162,226731.35604946493,387942840.24634016,9739028.217074642,0.11532002756659288,4059.7416340994987,6.959756001720784,5.5085619376430675,93.48033219775708,0.1884384289628004,0.0
851,46360.95834179553,21333.78098626209,3645100.2832210353,145216.74647667244,0.6917232976744299,3752.4444343855675,3.540658479828807,0.09009746822979699,6.262727347590806,0.17660301773611317,0.0
852,39578.77580493693,13615.890295005907,1912559.562173684,101961.66272239489,0.6769319994248182,3429.953266611272,1.527027833882978,0.09005908298752878,6.413402458665999,0.16205497092934448,0.0
853,222038048.87287274,30285857.969771087,31998582851.77251,1065626146.060149,0.6311117147454106,3887.179154025189,5.289034713662834,0.09825650566390856,7.2754210556826875,0.23103766648154164,0.0
854,28934.705937692594,2789.054980242477,5679670.139389669,152061.69953243836,0.71681093084862,4251.592979121078,2.125125674034418,0.04693557640719268,3.525321378587499,0.29612175521456263,0.0
855,35775393.026043214,6809740.008062042,1680749623.580759,121072642.52157316,0.6657893144282279,4150.649610979755,7.853062325841354,0.13051246232593466,9.641135847981152,0.11530207652576431,0.0
856,3059833.3736848584,396852.0592753148,507596242.4095167,15120950.62055548,0.7029586036944654,4201.0200312037805,13.560544232162943,0.10602049787030773,7.883543961524682,0.2750236635332109,0.0
857,1110909.4051559905,904321.4416607335,14178725.139328435,1788083.78735067,0.6379938146450622,3681.03549501856,3.849287723048101,0.1557968855314682,10.63207143788475,0.27585401480244853,0.0
858,15636.8899833298,3505.536867045243,2686633.4988298044,71838.0191956698,0.5196608737376345,3572.915017116137,4.519227263936254,1.5285545795318782,34.465731130423286,0.21594133913710684,0.0
859,173113549.4538004,55569973.01821375,2923995308.1301565,401202721.24069107,0.6958552230659013,3898.4214038895684,11.914868192015303,0.10130346906144698,7.446136163218574,0.14012287869223833,0.0
860,74381598.76123406,11851562.684549518,4823017100.404764,285910950.4818022,0.6674664743840573,3729.525868963907,4.355249445813479,0.07042395835964532,4.938218104779757,0.04614311291639482,0.0
861,181995.17126312587,59180.27720909349,19267313.663347207,682145.3060240811,0.6496943617388589,3530.5736920822974,5.055121652402834,0.11053569897615612,7.624926690732501,0.18952383009238935,0.0
862,67201.38151959938,18179.642124262613,2774101.47909152,186538.25076878403,0.7588532400672502,3279.0974033483353,1.466674934284833,0.07383086569299965,5.542554783876985,0.34668470338805357,0.0
863,128637322.5373077,15570735.506891811,14482269764.378897,594308817.2294208,0.5879997676915002,3900.853881639251,3.809357565332272,0.10551691544314261,6.975206598646833,0.25853368641289287,0.0
864,13107.237250058743,1555.0973766701857,3248868.6684572897,72698.01802789132,0.714114167483709,3463.9142147496523,1.307211021127555,0.15196970784747252,10.6901917463509,0.2408447725775692,0.0
865,14564.098008521372,1295.6209703960599,4387581.122365825,88366.21677438368,0.6264018194541647,3793.140717956422,0.543289280272729,0.05565088088198298,3.826582233775082,0.2901632842243061,0.0
866,185955860.24172577,26194838.509865873,17947579041.114834,788903126.213418,0.7119582661746253,4117.006150811731,75.23585483757792,0.10999048268512182,7.915514692942923,0.261633352160419,0.0
867,41000.84353917193,12900.077655390021,5536511.952941187,164610.4155601507,0.7508197796888814,3686.6789643895727,1.4751883737025406,0.05820818113024693,4.213683835969524,0.18683852754101404,0.0
868,6656780.27778229,2467536.3372262423,343888551.95986164,19799064.142132986,0.6942706608180645,3664.856867827435,5.43444408614089,0.16422361379012998,11.239908526285673,0.11871819977864954,0.0
869,21665.054886571597,6120.695867305052,4669971.32419852,103510.65452156364,0.7603480552397649,3401.0625541267177,2.7415452214713065,0.09404264254630235,6.768979754708721,0.40423857995518,0.0
870,380910510.20183474,161314937.35714912,5002905075.733927,776726814.9524477,0.7088673916364113,1452.3397337737197,5.228016092307033,0.0817855665339006,5.711687555287786,0.033219173668515595,0.0
871,13759665.194053939,2275318.2814093386,901622337.258398,51748081.55636548,0.6625474514683855,3941.791719005219,4.97612892562014,0.0840028059996504,5.906857206048533,0.09136784741666286,0.0
872,36460.4886562382,10935.378097506007,1203310.7096666605,91321.65110682246,0.061088404224825144,4148.449698950736,1.522933296477875,5.466322076888245,90.40069161339822,0.3928657820290142,0.0
873,11525.363181709778,3747.2110429973063,1234448.515096065,38761.56863157229,0.7107488631779991,3384.1531801084648,1.7897717734293082,0.2077552516965456,14.67451221915062,0.4390470486164354,0.0
874,39765833.91324296,19135086.11102106,503677120.17410344,80790760.2086734,0.380653871147108,3516.3141479186343,4.048199746948584,2.1518623312635023,41.44796964053491,0.09959659547882826,0.0
875,20950497.345304735,5291565.02254368,877438379.5608984,61676665.15721519,0.5446716031640382,3865.402590008362,3.9538417447139036,0.19951720269596188,14.038303271921587,0.18129276553149984,0.0
876,9684.168892544412,5560.962506177557,1215011.2704983586,30898.06808678399,0.47761323389257876,3662.3909476702584,2.4486496218412817,1.7230262717160936,46.14506162629341,0.3170599438367113,0.0
877,186680144.15112892,71221792.40779182,3260095558.8653927,409310666.34668076,0.7069205884179495,3490.6990438191806,9.852034365398454,0.12415664400662063,8.764599639901059,0.2624092289090946,0.0
878,13004.376005351873,2255.3364869287943,2526439.4974021227,61340.33954878495,0.6892354894314102,3840.7012483610565,1.9864647503245658,0.14589538695860638,10.002149349344311,0.43096196602720493,0.0
879,111484916.6797111,22579162.69205474,10486034152.746029,450802471.7707674,0.7068352202690164,3286.1485597388846,58.13911099130729,0.08821247655029216,6.633958609119935,0.19280505318749167,0.0
880,1273113.3125803424,131856.65474627778,173889704.140508,6309759.484223892,0.5190727134072894,4199.045645771341,19.559927340231248,1.5418370508555665,35.13610861489451,0.03625656557863582,0.0
881,15369073.069078166,1069963.7825787042,3878293469.5679536,95425026.86539897,0.5512550681241736,3093.250988824977,33.5434796349006,1.5107102700310935,33.059310267564605,0.27938810266676284,0.0
882,10268.779690770243,9151.940570434057,531082.4907895044,18553.982415561262,0.0739011363606287,4200.773719915269,0.8845926162322318,5.420551800982674,87.34459599046144,0.48335576282912557,0.0
883,62495.1369529779,17316.563475705654,3014019.839599424,176832.9032927609,0.7494004379686019,3247.597726179571,1.9490368441810002,0.07529849724249535,5.572464284366033,0.2678991712622328,0.0
884,5108.47068693513,1241.4307531518393,1694037.8720980068,28835.7732396618,0.6810376987156084,4069.537192019184,0.7809171100192319,0.09586213868807043,6.639110661168685,0.30751716600553264,0.0
885,74962185.80771568,12407818.158769954,4363971672.093016,272012177.35455817,0.7575582937541834,3298.636302472103,150.23254692627935,0.10411158066583459,7.544865429399737,0.14101408578180205,0.0
886,427547.6027871141,33405.434273303676,131769931.6544027,2764587.762197162,0.5287554649384661,3643.4744242922297,3.384151909181507,1.499629101440012,31.962075099021597,0.5125857065053377,0.0
887,188038093.21481967,68670241.63718338,3747683556.471225,432117967.2739452,0.7844520385265386,2688.5767193788165,135.07677041063,0.765357494160123,16.732271889582893,0.16010842617566298,0.0
888,18066027.598379023,2447195.791625546,2043254075.6834843,79305230.08493598,0.6632700083304078,3896.9100263907494,5.2779738062593555,0.09307849180375216,6.49443995652922,0.3719784218440085,0.0
889,90477707.66401477,9818230.252256827,9613843313.268848,419430135.005574,0.7159111886550245,2990.321045350881,88.19343798488553,0.07423716501632897,5.327835078358443,0.10912649152572404,0.0
890,45972002.291297525,7479117.353389008,3477165472.838563,181686442.9771423,0.6817976018801181,3227.625313464984,84.1856882060589,0.04634890298794971,3.5943470700078435,0.06306315782304756,0.0
891,12764.813180674584,5137.490346981905,1767574.3125391318,45650.03654700209,0.6079771233737481,3900.171935403958,1.4099493541515449,0.7005935980462757,12.545889619682262,0.35551068668232405,0.0
892,24068.367684031404,4308.808711942012,3251685.927235452,98899.98991000393,0.652381724438027,4240.941309785165,1.9726470244287444,0.06832300577220503,4.786797378165995,0.05392340931408611,0.0
893,15183262.105644697,5750840.215075997,517661150.5995617,42546290.75523297,0.2576222634811288,3462.261984010885,5.407015467637931,3.5024116106717735,63.05495099045854,0.0430992922732008,0.0
894,25435272.328871302,3605943.652247348,2533655244.1149592,108545071.3653597,0.7511938230171435,3222.631743577698,45.74057186506665,0.09915516080553095,6.730438053165931,0.22740704333461326,0.0
895,2923988.860337876,458597.3811151508,311880568.028041,12527480.769913897,0.7360502228710257,3805.0665365117584,6.311298732030783,0.12363943759814769,9.11593321817917,0.18252439943222998,0.0
896,239730271.09160417,106563185.54827821,2052894715.6943653,432524816.7882925,0.6926219364383519,2880.6047563878374,5.933579891774456,0.11671170731484723,8.133128703650426,0.08029804308666515,0.0
897,3955836.627976916,1794891.8423565044,79743078.48539682,8939648.011426453,0.6665306542134319,4185.619353738203,2.5068033318010188,0.16098413834733094,11.6747374018244,0.05808410177101404,0.0
898,264655261.70945144,75183039.64918603,6833828828.299967,694582407.9204566,0.6865663820610992,2912.1530554007704,15.641480208471764,0.10867417877036863,7.754101550878042,0.10843782101484915,0.0
899,47555302.02984374,6896447.068500584,5567796327.089456,212767634.27797633,0.6564814851005976,3543.529138188286,3.9918904704617835,0.1353825595689778,9.225776850296697,0.19307018666204195,0.0
900,49720264.314535454,15519556.41032039,1024137958.7977552,125286788.06296209,0.6681635014017344,3346.6479821086814,4.59164921060922,0.13288553327202274,9.300909773248573,0.06708897360880776,0.0
901,13290.26741814075,3418.245070087013,1431739.4234693607,47296.992786614996,0.7319196969727411,3487.1492071879034,1.666175666424855,0.2190887619830993,15.584793771601477,0.2574318265618034,0.0
902,4762974.718273813,753725.7749932245,260460808.9232634,17308467.740165822,0.6735978524817469,3773.597691723964,4.697748946094255,0.07038894191759697,5.26602313295209,0.07912909960100582,0.0
903,16907222.81957097,1377314.831282662,4208165461.603257,101274035.00799276,0.7830414604132281,2633.7223065145654,114.5398267641291,0.0916462475951075,6.623820088298885,0.1477227424582894,0.0
904,22155358.44493109,3382669.576679261,5002034021.674351,119456403.8213009,0.7411100044375177,3263.432264671589,49.00246260762444,0.10602890450487594,7.719427131745327,0.352082475527551,0.0
905,971804.1151167596,183084.17043942984,73993619.59554355,3674686.701369714,0.6484027645859082,3600.8252509029153,3.710882712224653,0.08357852671179825,6.014591818832879,0.12659895660981518,0.0
906,17352497.91864435,3430305.7562534893,1080246417.918468,62833930.29944606,0.719919277217038,3604.3306212112043,7.893427202505815,0.14659289166297987,10.10541050417709,0.15249514536468287,0.0
907,2964313.478444232,470674.4935580174,439403374.59405375,13167628.646370603,0.7030694191447424,3636.0138849181976,6.912271217192793,0.16242002715774503,11.48649945749982,0.31438582283366273,0.0
908,15759051.466467297,2234787.6636007517,2384419757.1579523,77187461.83571807,0.7043253248214306,2942.7580977923844,102.13440645309505,0.11843863158703583,8.627597212073344,0.20108843980314767,0.0
909,11431.098954082398,3115.0842337702284,1740620.0085566342,47879.86044077194,0.638686060120621,3591.6436102074576,0.7299188061011677,0.07112272604102862,4.663035060241595,0.29487792654720546,0.0
910,13939938.083103621,1070718.402861676,2846521855.609139,80551041.31575175,0.7073458114093807,3146.755444575339,45.1294209961809,0.13221721214708052,9.176851991816731,0.23896048218718696,0.0
911,12133666.018979942,653456.4622837243,5068833885.021163,89257165.79761428,0.6254943578354324,3780.7077957928277,3.868017539551538,0.11791567043485171,8.072195473405696,0.4523195173535144,0.0
912,24933978.498491846,1779858.9954260595,5354231153.437517,147985820.1841219,0.5316690816350941,3724.90265512192,37.85290713964636,1.522295067146299,33.87319913033291,0.10981315871253612,0.0
913,16177.10457340817,5877.367516027533,2058285.5846443519,57640.63987915001,0.6465074254591188,3584.371077785838,1.5538903286845767,0.033954605974091036,2.276328479606744,0.2977393189210179,0.0
914,2539207.700871243,661843.3248160585,212564216.86423248,9432963.586059835,0.6022767614174074,3907.583701974414,3.554054640726881,0.09348994425633608,6.392551405395709,0.10200115899053193,0.0
915,5501461.842585154,1077538.7899657234,205088038.128001,17444938.70755308,0.6426527239200832,3581.916764449941,4.229549522893715,0.09269222448646089,6.624679639894649,0.31126428271584405,0.0
916,313433136.89299995,74005563.53117564,19976155594.773293,1083069639.4046972,0.6289954527921497,3307.0959357293996,6.083862209587825,0.14379040710958496,9.687929698627235,0.13616694236355906,0.0
917,14760190.160804957,1716562.5702281569,2484071154.82042,76865028.17654079,0.7247526220502847,3140.362581227607,138.64341033104407,0.11171881858804351,8.133724356369006,0.23959911706294332,0.0
918,9885785.888412202,767825.7549785364,1724114852.228176,54957887.94076719,0.6723912501976879,3805.780463321321,11.811943437893326,0.10137852925286897,7.21351481756721,0.0687928801928151,0.0
919,3145853.2195787355,447192.40392815816,163746319.0439976,11599042.184941255,0.7457275794923446,3808.0656076985465,3.4576206416798363,0.07417838968786894,5.205444000162987,0.11523522123274654,0.0
920,52604936.76156883,12369066.780325709,2564974851.630212,165231533.97778443,0.6521913956797593,3845.002955245697,5.939102119029294,0.16894965573113802,11.995556081824184,0.10487054534720235,0.0
921,9548166.110820454,2030747.7672138344,756911906.1683191,37452633.64403013,0.6947642961025149,3716.1330406135303,6.616371168635357,0.6940605820195783,12.247836861785437,0.15504172992825369,0.0
922,21469.67670383149,5356.593023829656,3439349.692141667,91628.97396710748,0.6523401950598835,3676.978168982593,2.199478030688012,0.7034687393399511,12.904521721421919,0.2844706060992173,0.0
923,5824297.220960427,991926.2887376674,386707514.6277091,21531470.484866437,0.7386612834031949,3505.0033596911953,12.302581628256393,0.14863281306936874,10.56394022184477,0.23063827280388396,0.0
924,16450768.36072292,4117450.5737976506,339693305.64755636,43591193.7685205,0.7161898655765057,3983.701008465798,5.887567065171758,0.1858424257826062,13.122662388583759,0.2069501116455772,0.0
925,10479.328708680525,1499.8384648155354,3060243.2761720875,60124.515070180656,0.6752396780851146,3602.4647059733466,2.480896491035468,0.1121208960184421,8.057982667412098,0.15528901895024397,0.0
926,6849.221800877573,4522.247547448155,1001776.8353664496,22666.789273997994,0.5793594639694062,3711.706529587792,0.8364509858479818,0.8000946425184742,18.797827804097736,0.2923004588747225,0.0
927,81436825.41609138,15373237.06040055,8343214726.911555,353948972.2339319,0.6692341865032007,3907.2099818167185,51.010269679132946,0.09413106040070396,6.543679239416046,0.16819834948958604,0.0
928,35075724.028174765,5947323.700930326,4396873069.768541,146169110.63126308,0.6529340664984391,3483.720379327876,35.03028378101618,0.11368407388678685,8.53938724249843,0.32212960514279254,0.0
929,4637857213.111742,1887004633.463723,37485257312.83882,8677653184.676773,0.7255081589488952,558.6503662169607,24.082769272509022,0.08579000553818732,6.010313692460739,0.11318627825297868,0.0
930,14747880.69062772,1816998.467978639,1357337764.6440573,64453292.528182425,0.39004266597831533,4079.1753496305937,4.00343258810008,1.56200748567066,36.632957802468425,0.2285395605469853,0.0
931,369012.1149321132,35615.81736389232,70899062.03852983,2026655.767100316,0.6521143554443405,3725.6213639597036,6.744574277174421,0.13357000328281127,8.9958699641433,0.2884438753293957,0.0
932,18593.522553171424,4468.115176353336,2484183.1355441883,74775.57158210171,0.753370794202607,3708.2744266256045,1.9138257642386114,0.14001872193309123,9.23042671301504,0.21652835354921574,0.0
933,1228202.0841627785,69276.18653953189,484147883.7910589,8865641.849174948,0.7628257679697943,4062.9259267940943,4.785114079042169,0.19124734259365805,13.933061773945212,0.4037761115421009,0.0
934,20256346.74741108,3155406.931849081,1294791498.3008435,76975240.0610625,0.7436536162744061,3831.699726586721,8.679526588804265,0.12479718905520328,8.85691125580938,0.05505813899712882,0.0
935,177966.84493677778,58302.96298117284,12655375.620485235,579987.5260829233,0.7753139009851826,3881.9880547338175,4.398406563873891,0.2655416362364174,18.560820429306286,0.21589453565058897,0.0
936,8660106.9431543,1886970.3370611004,512991491.70644855,30961166.229475252,0.6237392040479646,3645.0815659779155,2.88263527712294,0.09003197481326933,6.415116954502501,0.30194111377230837,0.0
937,20243210.830487706,2085382.5693745832,3181260360.973993,104503059.5925742,0.7637447630338459,2843.357155212234,161.618365750627,0.09958829364173383,7.056018685138018,0.19243478810086695,0.0
938,7014.798891739221,777.7671154413623,2232839.756726943,42508.773210362124,0.6204506787216667,3413.7860354448385,1.203637724702059,0.09275037686823415,6.553706220309957,0.36706689956415767,0.0
939,23572234.944982294,1925495.66860156,4087135147.0472803,129783288.04728284,0.6755789639903097,3098.1972191883315,35.78500784483602,0.7970948781521552,19.6667585363395,0.255319577570664,0.0
940,46066042.36638769,9786242.31607392,2916281055.710929,164898676.5012461,0.6225574358229038,3742.155351647165,4.631700434099288,0.08988891258698928,5.997991863022259,0.15653563347799362,0.0
941,23197671.524266534,5386609.920153586,1084337698.7908854,74510819.83344555,0.6931748869990034,3637.318309937515,7.137319320782886,0.10443313508444776,7.715304295163075,0.14534447855167554,0.0
942,3514596.211715363,427661.96878922835,376889013.7986492,16146135.878640626,0.5807046320383773,3670.560730378883,14.255569566152532,1.5544393361483753,36.39660575806509,0.2655807659948443,0.0
943,19555940.949747823,1428392.124886543,5210952986.994595,121716045.05546229,0.5203614800372677,3221.724319637825,74.71121185105679,2.8265433930291946,52.39973698047555,0.18786084278173854,0.0
944,3281380.418354504,1291352.0669686745,343765367.6614839,12201857.06677403,0.6650043094776652,3518.871236533784,2.6577433855516497,0.044374078713253606,3.268586811395919,0.21110399735904906,0.0
945,156250.06696959765,60547.776887335735,10648736.705373045,503674.0617004742,0.6480763236576534,4122.7054679159555,2.7522367790167763,0.21238304847147882,14.146236141182602,0.15902847155109512,0.0
946,7475382.330557627,1008743.7592219043,738383767.48052,32211865.84812783,0.7705448662987409,3607.598279977344,6.564591704621605,0.15833817357769736,10.812608611093575,0.12225192474844782,0.0
947,4516920.193500908,628762.1921906044,282055423.236805,17457654.47454614,0.6043192427395991,2991.804983459473,30.936144659611106,1.5020524114085652,32.84011723831065,0.12063023692907274,0.0
948,9645933.558543038,820907.9984924227,1700668401.936836,52800191.63951031,0.7540389786832057,3257.9717074362798,28.24978905522715,0.1384735634357141,10.119103458471812,0.22186963458101014,0.0
949,2889.5061527119824,390.23051579890586,1098132.634405012,18327.65748696355,0.6127018862647305,3933.276982173519,0.5915743882760529,0.7979135093858706,18.504264701182233,0.10309444938003115,0.0
950,12711.875912044658,2549.053557419282,2160280.753207477,57636.47308308197,0.6522464625135396,3473.5305302769084,1.7667262604332972,0.7922471646061634,18.762387410993306,0.14602475558241781,0.0
951,271252.49966568174,40052.26712204625,29895088.4287226,1159123.160430228,0.7123657822267921,3437.193503382132,3.755450834799235,0.011373479407370102,0.8770485421328431,0.29247932347027256,0.0
952,7555.682261697046,5083.530717565258,1160630.7357092379,24798.702975897475,0.6699972424952542,3519.57638615022,1.1574376511309408,0.0614579988294139,4.437357333052665,0.11046512304861071,0.0
953,11795833.681701336,2484934.3380116993,559011357.9691076,39502818.462976925,0.6672785175103556,3718.674180464923,4.720494364094826,0.07469824913716491,5.549875221565396,0.11571781024880345,0.0
954,9448382.456895167,1080902.9711527321,1299090315.5570724,46699716.15411343,0.7936258725248387,2842.26225636671,77.8124130366076,0.1594949593518546,11.33987705651711,0.18706788161275584,0.0
955,14337.647231220715,4362.4789822653665,1568804.7553203744,49008.27632594334,0.7207371520871673,3463.1410993825125,1.8082170114312954,0.15422479203417092,11.234002198165324,0.3107448169662605,0.0
956,8853.46924992628,1088.5873026717682,2095653.7189377905,47422.92121445733,0.6984273061887081,3493.4995482449585,0.8075558490762834,0.0968885802578657,6.660554954108248,0.2774361552174638,0.0
957,10152.0453090287,2768.263903512448,1324592.0172205186,38182.27803374548,0.6304074329858881,3712.763606256801,1.2366259410441933,0.8087594394506248,20.42883871485406,0.27103146933813294,0.0
958,7549.372249053267,2066.4209731281653,1217924.9303191,32329.247247442963,0.4606769979149837,3542.5481618218355,1.8069242841012,1.5354197891920331,34.35067202856991,0.3175951671921896,0.0
959,47322018.193246946,8130126.861733744,2293195884.3249965,165994883.33212584,0.635830395457218,3713.350929343935,5.126667283498833,0.10122431199682635,7.180924044214288,0.07687886742700553,0.0
960,10648.660165167646,3128.6586467223374,2132145.106515621,49145.05305670177,0.6617967776207692,3764.9299451727766,2.0571754864429694,0.08653575840892058,6.02917308759402,0.2267199764384401,0.0
961,4095014.520234336,410709.209360361,437703407.1513163,19296239.39168624,0.34109667663387333,3913.575504794584,8.588721644982604,3.5076744449591657,63.294784265841976,0.25061750233687174,0.0
962,194678297.98138905,67780307.82256982,2216039062.8854074,408862527.0476367,0.7069107335465216,3418.1560405346513,69.46105903073773,0.11993444419066641,8.901145361507712,0.08850091111941949,0.0
963,4493.650883406973,559.1389511927302,1486794.4500083693,26698.797772022815,0.6391583946974022,3756.2308762434664,0.6521866001708008,0.06147045972434535,4.319283168395925,0.09990618470199096,0.0
964,20872197.49868732,2841095.273833135,2159558605.965589,92052294.87053736,0.6893982998852322,3861.923956070136,4.856234937197378,0.09262254961111696,6.427289736067797,0.18968602639056129,0.0
965,8345801.657893846,1371177.4525935855,854573911.6909862,34849051.67439294,0.7595967409539142,3079.299732759615,67.8078580255673,0.10083677616209083,7.3216981970311155,0.22581205788717545,0.0
966,20315038.739091445,3010564.418960218,1040060848.8852934,74403034.84202854,0.6145141249444889,3913.283618409424,3.9295447304058326,0.07964056642624229,5.800424772457744,0.13126160590622363,0.0
967,332483722.41772074,111396470.28013687,4499531282.746714,737305317.6220237,0.7370527323152722,2558.982040499357,26.10388525586025,0.10501782927118546,7.478903080437439,0.192685920858744,0.0
968,24657654.579611696,2695279.9350117594,3807735577.2783823,124673216.53754386,0.6508560971693005,3588.421342695402,5.786734532507914,0.10973897710690546,7.620475856349168,0.10690704943963412,0.0
969,7557.11854638769,788.0992994149818,2126956.412160099,43313.24992551159,0.6118028544754414,3797.7599498325035,0.672521904890349,0.08698487462716589,6.3048199127585765,0.27170448336676606,0.0
970,114541.41477484387,67629.299633143,9571633.322415274,345969.8425184684,0.6630639397277912,3526.9982586433393,8.08148602505467,0.8197219560652144,20.643500591128976,0.0845740136949405,0.0
971,6174771.323658165,827056.8227120258,493893966.9262916,25166251.293866172,0.581905101488598,4043.42933342111,2.2565768466280134,0.0830097347353366,6.10042442399183,0.09586516588355291,0.0
972,9082.476277087044,2924.481651977031,1911787.471441352,41293.111044628815,0.6571434649490412,3480.054427785251,1.9045369230112377,0.040798497929778944,2.909136487428948,0.17261568369582736,0.0
973,29350498.418269724,5449110.549288968,1978749636.0302749,110662633.78105447,0.6329118833798695,4010.3221321875562,4.273598956367632,0.19294749188971103,13.56676682519623,0.140142051612876,0.0
974,7676.82457398119,980.8971965589906,1912793.1837101392,40717.295897116026,0.7476278227052027,3636.108832304854,1.3920850587867708,0.1207570180314816,8.889643602684313,0.37238237299600296,0.0
975,3048665.5085676718,581777.3508630332,93361670.64556505,9282733.224629102,0.5825756873243704,3359.1849717200894,14.784136899679192,1.540708336788662,35.5886678893552,0.12991534944912492,0.0
976,338829604.2311602,45721666.12846469,36862906182.38585,1522198821.1420145,0.6317293081794102,3994.651600915797,5.503134833309055,0.09504796804499405,6.572087114200819,0.17096365504106098,0.0
977,50472.88804312826,10695.87292102246,7840540.337389657,230146.72637040407,0.7158751862939772,4196.589501992878,2.2518367254119216,0.16648604334145753,11.799618219798003,0.12196241494565539,0.0
978,6175.057206257688,1324.7859130517645,1391996.0061412244,29375.22990346491,0.6109616132066302,3475.5182668121424,1.0576071124703075,0.11486995718618953,7.932772831733352,0.18572810761427871,0.0
979,391438836.6130673,45077038.18125,63072586223.57719,1990179555.862124,0.702627109233013,3687.145552448031,67.59918638800738,0.17355652457677895,12.361495231004703,0.17242481483889543,0.0
980,30227602.275015473,4875108.885951067,3604688853.116374,126075458.94055073,0.6960137769725779,3498.3455368084924,106.44946141581872,0.11243136660134087,8.051014985213639,0.014972272671565916,0.0
981,6238951.006697295,672494.7739327729,745166677.7741348,29600942.413387638,0.5213469511087995,2899.5534796116485,26.915296540455575,1.4401714439578914,28.30546046951677,0.16617522856231895,0.0
982,39808426.9652486,5040512.993975962,4982088560.296519,182387098.20652252,0.5122487519280952,3257.9166921562746,128.760029260888,1.4725516533114873,30.416278649341713,0.24749486795946155,0.0
983,357872005.543737,111474075.16099985,9910709109.481997,943274859.0667547,0.7031158226637024,2404.6269371696308,13.23900222300255,0.03293131252810042,2.448626819411666,0.12815891191190595,0.0
984,15938439.553117815,1695820.1221969884,2523722031.998275,81891456.44561405,0.7111518940042966,3822.227237210757,25.942245992727734,0.08674061198341479,6.523091395263431,0.19620541080087195,0.0
985,67407161.5844955,11107202.943701252,3417319857.155931,240845450.9202373,0.46218786254523436,3703.0089440329175,37.6268554492748,1.4497525586120645,28.655304555554203,0.09350278164457893,0.0
986,85511.75593497846,23379.611096682314,6280269.414965901,274619.19431157655,0.7058274826952751,3754.0936045935914,5.233819165950383,0.13205976474486913,9.379253662831967,0.27358391487233974,0.0
987,13669815.69010966,3450112.005760657,356423428.7774662,36831525.30177608,0.5695710195179844,3640.869030159609,3.8593331831596274,0.7809072896406078,18.230275768764,0.18146893852559057,0.0
988,71876021.95668475,10374092.095042156,8587620828.168173,331157949.75779736,0.6314817716831643,4261.139505978711,6.166544388269978,0.10929066491569453,7.918134454961306,0.23939795887185786,0.0
989,79188163.32819249,7814060.488233395,9439933066.172417,384099805.26547635,0.5729338608154411,3885.398255785466,3.5265561643711543,0.17340850064430474,12.418880516161469,0.1503611654950626,0.0
990,165895466.70647594,47540585.99676333,6476664473.7560005,490526917.5622303,0.6664281641425382,3938.721089336706,5.20097075395493,0.14182686943841044,9.724491560074929,0.12752377437174658,0.0
991,13250.663303936008,9126.821794397305,749957.8150387934,30275.30619380659,0.2858458253656396,4122.231415807561,0.9868957427163011,4.110380317124454,68.61050030762587,0.38552027257941623,0.0
992,4929.067135215702,1176.9601135158641,1140167.8061098307,22998.899162451045,0.6284462739750987,3587.856771515035,0.8199463787107463,0.05980711098474432,4.561145966288232,0.08068843217677285,0.0
993,4590468.452624801,1622122.0263499585,207173437.18779787,13509441.893144062,0.07485489001991556,4228.087543811953,2.7681603157876626,5.40215624998134,86.10620778946922,0.2054308228345113,0.0
994,10005493.931036392,865028.8721855546,1699859514.4090824,54319155.51991747,0.7362938855384107,2994.343283675945,40.03055678458827,0.06188681396588232,4.582461593561395,0.20117539134560236,0.0
995,27867.423528479336,19789.337333322972,2787827.2759966166,80886.54009981644,0.6444927893339062,3577.546713390272,2.6301634611115383,0.07323682112240641,5.144071091369652,0.2171223794081067,0.0
996,14560.611274332641,2368.1557558786744,3306323.902136697,77336.69963339165,0.5988382968585695,3908.3260407682496,1.0587596712586502,0.1350736594759497,9.151356483082395,0.4490732366311523,0.0
997,19977.43500975086,5098.412319551573,1765578.055270719,73638.72991412992,0.4435455402033213,4182.828390911155,1.0191345819757747,1.5762305530849157,36.50561530212678,0.3054020570659346,0.0
998,16454011.964808827,1139903.599095276,4229934315.7899027,102670707.72405607,0.4933588481523108,3456.2378698335524,128.23856413006206,2.172988569904331,43.2745203753964,0.2525930372894119,0.0
999,43570697.70825462,8353725.945299099,2916054666.582378,157022086.10781533,0.6023877886032427,3857.2800491737926,3.2571498958485297,0.06871630930700476,5.087478422287437,0.05246372858474733,0.0
0,13455823.745256523,981612.6033392415,2959910318.817716,80050633.83236958,0.70327822548075,3495.5649758905643,33.60505425399545,0.05300770220510289,3.7666421182209504,0.24625329845918942,0.0
1,9899336.739813024,805272.1804548735,1559552419.5881095,53133767.918188706,0.7225419440519997,3869.2400081573537,4.536189058862041,0.02613980398985296,1.8308962548620542,0.17239200376175337,0.0
2,2059.0853941192795,340.91434089403384,854376.8535530625,12997.0842116082,0.45513622703235096,3537.0368024141153,1.1626310688876553,1.5104674365340167,32.9284065537783,0.24097690445421946,0.0
3,2579.6111050230074,374.49718033493974,1081300.2977732953,16582.123508602028,0.7054515065615947,3572.61811600124,0.8304067017614767,0.12841051510829518,9.146912021190404,0.23412785908786857,0.0
4,12874277.06279165,4753318.138540194,482091717.0297133,31239992.76521852,0.6564680308500404,3553.472055886736,12.959338201038706,0.19172441126374853,13.658654511539194,0.41347978559421034,0.0
5,8391098.90079715,1723152.2547018155,566847701.8190033,30986061.040296227,0.6623371601931911,3511.96525733046,4.224218284118788,0.13363771115574002,9.476051256821787,0.3375614202551762,0.0
6,199512.30990371085,133250.81347799866,3503122.277575453,323190.31769685703,0.6441874636580815,3605.3490123987212,2.0158538203295255,0.062227791599204885,4.435353333982543,0.2642427832508546,0.0
7,18836272.97262491,4484236.508810993,722772462.8525391,55188083.540851474,0.6813779842515624,3827.738877348417,5.654777095716104,0.10524200550046325,7.751445178313764,0.24179372901412505,0.0
8,70496309.9236812,7695836.738678401,5974888963.587645,308766108.73935926,0.7512089675610236,3881.630681037681,34.88400588432685,0.16041672164659734,11.150319810654661,0.09641947630338457,0.0
9,14206017.194940543,1087525.1331031048,3113897771.571917,84039601.84299909,0.7275210331167962,3295.3596620701537,110.403463827318,0.22961968749974745,17.006168304701255,0.39971648524765635,0.0
10,18818272.350880753,3061087.3248898303,3259375560.5814013,89913541.22411,0.6562053410563344,3727.830168720864,16.34309316326343,0.724541053936345,14.631289125871325,0.2669151955038822,0.0
11,19434.435906485898,10179.584737263276,2766241.5473808856,70894.71676837941,0.7364018910149965,4172.9325083350095,0.8846017243587526,0.07955842196600153,5.385489856103201,0.1370574235609577,0.0
12,1601684120.509325,465191704.53901625,57750791562.97733,4532626347.051928,0.5869281660228591,890.6586383773622,9.152202013263516,0.09251399102678688,6.746688567399806,0.13691967970682434,0.0
13,3934370.5242923335,871413.0348727556,209347691.2530544,13091081.574610936,0.7615412724737792,3667.331617538751,4.68289201181534,0.14171179618213384,9.626747117680106,0.3098505322777896,0.0
14,1668372.2478517317,108330.02883523559,448293842.4190316,10617683.899659736,0.4566837307136809,3981.9796130342093,1.608275732755485,1.5260664062728306,33.55801236095455,0.291232590497568,0.0
15,7777227.595917508,1447388.5567923118,650057513.4531801,30999591.274344813,0.7172440216700282,3639.0338668000527,5.3755103690470065,0.11186004711723099,7.987715547824251,0.2807221854307279,0.0
16,7062989.444382799,1537115.476811828,262226115.5629261,21951213.14469725,0.8191072039985737,3358.0906428828157,20.69611162036513,0.12783975892726263,9.126325152507167,0.1629775124577579,0.0
17,1057.3808997735982,180.20681167103072,363824.5480046707,6461.0162070777105,0.05165818514830306,3390.898719377665,0.6110596360717012,4.794419095474014,80.09815184490516,0.4420097914096295,0.0
18,7608.763637174654,1285.7438623149762,2204200.4577685096,42739.92435627447,0.6418892694083131,3581.4427105121567,1.1384654941496177,0.06193249826304381,4.415842882355089,0.3668062923937727,0.0
19,734663.1764009676,100695.17718677742,91889692.1545463,3389191.5651812614,0.6306667600041462,3900.869343725286,4.066326051348532,0.12510395112636746,8.933818705846225,0.1942220986309709,0.0
20,28820618.69506502,2103455.3122928934,7537235342.815184,177554991.09497947,0.7143834890381903,3886.4558383307995,79.75498675234752,0.09237024754585992,6.878242006675295,0.3486888325921055,0.0
21,99332266.56075326,13783660.318972116,11434274719.686468,437728049.8962237,0.6139466728920975,3965.5915909547857,4.784324694225973,0.2261697257091429,14.723787548030671,0.09171727989123024,0.0
22,16759641.346363312,3038832.731558287,616904703.3976766,54623775.996852115,0.7389027567492275,3587.2031185757533,5.806286299658594,0.11953071596136108,8.672934048524777,0.06711469468963957,0.0
23,10715.731208427756,2048.7652056495563,2027774.616336342,50074.68576293802,0.6861654929884967,3414.079487428686,1.5049483158860524,0.08759296871057672,6.100469446882019,0.25383633750530293,0.0
24,58153.467674158266,17079.583566054927,2439791.0894884435,157689.29179679128,0.7385958384879912,3262.0188735301817,2.2912691047585625,0.0900244336316108,6.459668503876034,0.5490028211460922,0.0
25,3240.1586731100383,943.2853182601417,1005879.4444564726,16986.906876164285,0.6862292230765397,3509.024446389496,0.6270800458242556,0.046182397009723,3.399861401077709,0.2597380514870955,0.0
26,2930.6620688503526,387.8693214065355,1225215.4908053745,19391.28777961834,0.666986349920182,3614.574253425346,0.7591494398440833,0.11360070326963508,8.115929219162101,0.6395650877458874,0.0
27,47738863.074778244,8106156.988741191,3264301726.1405334,181222172.75573716,0.69336689936962,3706.4632708444988,9.629007368862155,0.16337823544171037,11.587927545507803,0.18645506952764976,0.0
28,18629.022910823776,3769.4722739997014,1597446.0923884688,72697.51494841257,0.2765933008136501,4028.7283107573994,0.979173504438861,4.009677588120086,61.77652071159105,0.38184840272429993,0.0
29,48210415.47126588,8658807.574162345,3573770712.618136,187583899.10601875,0.5961077990200188,3474.4967108825813,5.582767804421188,0.08850151935210784,5.7914941026694295,0.19758896146387503,0.0
30,5906289.97496579,841920.3622292628,602591319.0631927,24918653.124985594,0.7897556023132889,3129.7846127105363,219.26146646747006,0.8170607781457064,21.130213830753025,0.16440874372871686,0.0
31,10125299.165181912,781035.8707069674,1753968313.0792465,56246733.36070801,0.6336294747731718,3893.8450776759437,13.100537452457887,0.14051122189671883,9.784457803652753,0.13168972713264676,0.0
32,11807.04403771448,6112.0070664613,1393906.0963102437,37313.97961633749,0.6108612962426634,3668.301581186474,0.5464358302024706,0.03854435026321053,2.6658419627089116,0.06204414773544873,0.0
33,4655.7889473914865,368.0030523993523,1604029.8596087587,29810.47438940304,0.47926799455178715,4096.3927139216885,1.306085521051976,1.5408098878863132,35.389412525832725,0.16717097966747313,0.0
34,821279.2968036865,67305.4191314196,133311169.63878462,4413348.993710691,0.5045477051387964,3837.023738493387,13.294766958167008,1.5324008771761624,34.84237494327604,0.08455610839067243,0.0
35,3405713.792646242,3352712.76914825,16601908.347120395,3902409.601565109,0.6164927529210782,3773.2211274682263,1.9700727907834858,0.7679068573470695,16.931647736234076,0.32875140400034963,0.0
36,5062521.473226658,1510519.315873994,267301020.75808492,17032850.21959679,0.611958487372461,3606.070898357613,4.520195381977652,0.14687220033409326,10.367997326519308,0.20269132029212136,0.0
37,47072074.13601627,12152690.712295704,882437632.6210483,119026378.85309128,0.7712209446440808,3343.7280171624943,95.95862339442039,0.104726326208577,7.667959834052948,0.07239339417790037,0.0
38,23554167.82018759,6947983.527647716,295384680.9724723,53517112.027638935,0.7666673070099256,3809.8358222708803,43.336623902894736,0.1824465411647898,13.40359691701217,0.21190122020471397,0.0
39,5339140.249810862,644745.307032812,611716460.5559013,24247246.500292346,0.09264568098314452,4218.548973921522,4.363318161973424,5.410802448019367,87.18625625124147,0.20894663487565762,0.0
40,33944.860416393145,10399.014987370098,2255953.06871631,98954.3622377277,0.7385362982246468,3457.0597825221143,2.091404809098888,0.14589495837865032,9.647256219725577,0.3949548558322134,0.0
41,4071320.056375444,853702.6430925056,170233068.25686926,13033182.164601773,0.6172419877120932,3610.2037399267965,4.177156698682343,0.1078969571058992,7.483261170801354,0.2359895753247354,0.0
42,46536917.55632968,6180020.283521342,3231705207.8344364,183425327.8054022,0.7374578098442809,3786.844245644381,140.74781616454206,0.11722519181865003,8.716183838937129,0.18145267213100733,0.0
43,11702449.451807285,1007683.078406166,1840278715.3114324,62359645.74884601,0.7138820630105233,3440.2827524567665,30.170842887648398,0.7679725031876241,17.608486834442925,0.17065258064211633,0.0
44,30640.812050312205,6705.914630999725,3516979.332458994,118555.71723963975,0.6488976268175419,3670.086779181399,1.4533677421313975,0.09304220331146151,6.610509287833439,0.17843837173774976,0.0
45,97655.63885982588,21438.146263063783,6644231.233589916,325240.42200635234,0.744159015843444,3323.8483180734484,2.245748536019771,0.04217114886697217,3.1607247806532626,0.16786137716164348,0.0
46,3598088.5712573575,540253.0653676644,303541336.17741835,15003224.577469181,0.46513330744110126,3470.555541116285,35.693213935392336,2.1267036139035467,39.75024217071676,0.14157598800125815,0.0
47,231201.9529060262,46833.3492500179,17874393.0183829,863274.3125255214,0.6849006180402791,3559.247973843071,4.02101717380315,0.03964573858809421,2.621222489192978,0.40954562826099034,0.0
48,23062508.679516397,19390533.75454905,503258222.74048454,43502465.246898904,0.5348532453874176,3901.1743092443035,11.13870031295538,0.13604676244516395,9.696262113615044,0.1559839986860906,0.0
49,11888398.642603148,2360274.902143684,834249585.3411269,44725411.78721723,0.6704061993539849,3334.8509272415236,12.47216890202654,0.08244218287437022,5.748183646285578,0.2734244103807724,0.0
50,14181123.940299118,2263039.8127171877,1109629039.5210207,55651054.670058824,0.6963406297513999,3729.389560244494,5.91967811722093,0.14167817081136702,10.219731555120205,0.18785240400621295,0.0
51,14426250.560110882,1062685.5281147056,3175076149.0446763,85749592.46956329,0.6895929314429398,3059.5789905613256,14.763291782931207,0.777218550166116,18.090158716374738,0.2582113193826304,0.0
52,26706907.954126738,3581815.652572821,2543029727.7377353,113986580.43863383,0.6025714846906185,3165.13282621106,47.00091018715612,0.8013301608590322,20.042226440580116,0.26052679509062526,0.0
53,2129.0435266210225,208.80770977033777,1105982.8031064624,15409.531353734612,0.6955440929684445,3851.006883806096,0.41612365447834443,0.04842959163698568,3.464018198812292,0.37040889562253676,0.0
54,8089.72985890758,1266.7731268221335,1773051.3812551708,41195.4470169038,0.6500828243807893,4077.0849353789695,0.8126810696821549,0.1337775883036258,8.703176117803432,0.3530060796435785,0.0
55,7746174.147936881,1217803.6840810908,693139297.392257,32335658.260526486,0.636104311993091,3743.5153557949216,2.4818667352877526,0.11974527976771876,8.674579264743832,0.0984148384940174,0.0
56,42244556.306261644,4618405.771567522,4822946532.709265,199587141.02559775,0.40308034193693504,4404.985880818682,5.546535143362534,1.4982361617993907,32.03666561439836,0.1452826697669321,0.0
57,1405806.533034326,244451.57028021067,107540079.145293,5475854.58871462,0.7291750773322953,3795.8132113050697,11.02065608908091,0.12925797788757237,9.526297427307027,0.078829470000763,0.0
58,10384.779054754326,4883.437310364946,890443.8542303157,26601.54952009417,0.6892528496170863,3435.066848724772,1.2706293922053815,0.1855057741446501,13.208811503814612,0.1935669700433034,0.0
59,41622269.605792806,4800596.598850943,4037727839.3942947,183815547.94001538,0.7723183181131296,2991.4211525797923,237.7686735720181,0.21061905900076025,15.29118706674178,0.20615513833283325,0.0
60,108941764.25424889,20653491.762542598,3460528131.483617,340088868.7818829,0.6283068855661,3637.908016895458,4.46091890898275,0.10047149375189024,7.3938221355541645,0.13159009682367165,0.0
61,57415012.4208897,6504025.110528481,4510203376.666428,245326373.22476465,0.23234659415816133,3785.5989967760834,18.967821676496268,4.243215019839715,77.31708259373308,0.09180251105482967,0.0
62,12172058.757524652,2491063.533602346,576306160.4328687,39106395.13959268,0.8022117905422238,3374.6472244962943,67.72228547971527,0.054013001640087134,4.105078170935196,0.1252199238342679,0.0
63,336529.5785813878,265049.1948745028,12772113.684181506,738916.0492899887,0.6996401365985447,4105.142981819814,2.0923825247830066,0.14966643307067445,10.07401209451039,0.09254102489853719,0.0
64,141281888.3221803,10397200.320567364,26474832828.691826,806840680.3638058,0.7184243168054076,3812.066666076422,34.17614400179699,0.04219611329495097,3.0588600697675306,0.08639840299873587,0.0
65,113891.23302932293,32709.741744912626,6427390.882667294,331388.55424634216,0.635151358847571,3954.403369121177,1.9481298289269617,0.13775770091274717,9.241838343387522,0.2987429855492269,0.0
66,63024138.85743885,9917614.613994239,6936643707.451605,273402390.02187765,0.7045491176214803,4098.050203243636,4.9728551655917475,0.09397652652278099,6.8725971615000505,0.20937038083286297,0.0
67,176206707.8044954,27996099.772114027,19301937274.484276,747142805.2586316,0.8029309898560049,2999.5481402854307,732.5544898179827,0.05775406131198624,4.24592057472982,0.14515480761835173,0.0
68,10334122.31554078,1837089.4715114054,376315569.49409753,33597717.84846217,0.5910456165461215,3832.5637535940705,7.758997776447579,0.7643531666852599,17.339887730420067,0.244329427191222,0.0
69,594348.0238435358,526453.4817283594,7914835.304428274,886079.6544126978,0.681544181906021,3360.693990772593,12.412511246266748,0.11815776654303614,8.680098082646468,0.05324573311098819,0.0
70,11783023.095947372,2559695.3515882236,714477066.5619366,42319535.44258857,0.6895131083913573,3411.9441507710126,5.5215820688284385,0.03862960684493037,2.9733481198589944,0.12331053390596221,0.0
71,20014253.67233459,1455812.321803536,5374737360.899573,124866623.80892198,0.33474352233787724,3554.883858555266,25.889535193876064,4.0584375613261825,65.31236721708515,0.3939429593750332,0.0
72,15428.333480548765,11296.863423619769,1236601.0358032654,39228.018122496105,0.268181169702861,3565.304369220884,2.3229414890826607,4.164177338396555,72.50608834006235,0.4271204138208186,0.0
73,152613292.12967795,24991953.499005537,11283858007.828896,581384682.5215766,0.6551562441308136,4184.885915833329,8.915203680664515,0.17513004617541358,12.849035502195608,0.1890231337757739,0.0
74,93868489.6477702,32228705.282002233,3624116899.708097,257505728.9280362,0.645967384032641,3545.8395964549245,11.780698119467951,0.11877879931548385,7.789072854269056,0.16594555129600388,0.0
75,95911.70155717012,23835.238656422698,3823816.9921892555,273684.79546069,0.775928458624225,3393.7461385738616,1.9693904408095628,0.11443148286311802,8.43203923918735,0.07508796317380713,0.0
76,12786316.654353727,2111788.9453006173,780555003.898675,47521904.68751682,0.6711081029855761,3675.1358918331007,6.421204021517693,0.15322120068186001,10.276952558542092,0.12122059682840092,0.0
77,20352751.158987835,2990399.64067652,1142499468.83585,75841482.7873637,0.7138240521574246,3047.1643946583995,14.919696586360327,0.1382938926294801,9.772846808784935,0.12952075174510277,0.0
78,526883.2120501038,98425.01357236254,34929125.57217511,1983247.627290627,0.22873022842721133,4028.787624593243,1.7460436130399777,3.499275347391557,62.30171702397824,0.1784954972386178,0.0
79,5189.311074762199,829.5102125301659,1684929.5673945833,30038.133517925755,0.6769909944460644,3880.820922589261,0.5371441261979913,0.05868555853612243,4.402027662001814,0.3652588476217431,0.0
80,71506298.74590668,9746483.95698915,6017004208.224701,298184918.81461644,0.692711113627589,3641.0003337742387,7.984625117888254,0.0885819175276052,6.554161431200756,0.17094114269503322,0.0
81,14094.704509013958,2317.778365893216,3804727.081501135,78940.00427512988,0.674503707996662,3311.2656042758613,1.8356083195981499,0.12505596063813415,8.391626282238182,0.04555635836786152,0.0
82,9511353.874146707,793154.2070391704,1647284989.9016507,52102958.14586441,0.7043462684165516,3204.459040776337,55.19006862866005,0.09366433878863116,6.786889788851889,0.2180492096933951,0.0
83,935661.3240791846,226477.3755674238,90219142.45650515,3767372.0828207494,0.6950482453890785,3954.297476451352,2.9662246795102853,0.17393135405622484,11.737659640273304,0.4735080925150026,0.0
84,111108.09350625325,24341.046691247626,7872707.832639364,379487.67093737266,0.7586305634251861,3700.6630254024058,5.952567732689706,0.05201479681100922,3.9317832486189572,0.024331667893686338,0.0
85,17458839.851851445,2869549.0304189613,1242832981.4433713,67423012.88145304,0.6626745274014345,3427.083193627754,6.532486528950282,0.10312884936936503,7.332031006388877,0.2898097703917731,0.0
86,40926.282311847324,10192.287827577768,3919344.0487853168,141738.84197390234,0.7389388971020109,3807.5568571974673,2.6846280107816414,0.0841422330860695,6.077251985165512,0.16484530574570055,0.0
87,6550678.368267922,1307482.9469170216,207975711.63573316,20291246.714008585,0.4509116350319055,3689.47832052461,4.047480255365995,1.5646259486116154,35.719971724256155,0.12232712877163507,0.0
88,4616.540691368589,1259.2500208194274,823710.4910215441,19742.89422876217,0.39623934952226947,3653.4904921852462,0.8856416648918053,2.783754517197856,48.769526950907235,0.10602496327824355,0.0
89,124191343.07331435,10313623.686702818,18399989388.657787,655293418.9198855,0.698074477961242,3986.0693928707733,44.92805640464598,0.12454598926828978,9.105692575754011,0.1120803380761852,0.0
90,14311442.930888902,5844260.11117846,93699590.61655329,26066326.97117712,0.6682600781840903,3487.8856514169984,3.7672230335058363,0.10891765607416418,7.906070002273813,0.24304176182706907,0.0
91,69592880.87821683,7958640.802171489,5796004219.657054,301585535.0294524,0.7329557034899347,3309.276087188541,10.641034217660986,0.1599525550716688,11.148941086744259,0.12886598067559535,0.0
92,34952837.23387702,6592031.259021534,1388709669.7181346,112134254.39416754,0.6602810498472821,2969.122561158409,52.189343481649985,0.7312248349830407,14.79766002287808,0.1721183564082359,0.0
93,38906636.42570701,17283515.16565307,277898735.4873608,67950254.95231505,0.48072956265184363,3353.0348229098113,8.645294629849209,1.4653365652338306,30.03956772645885,0.39917857922320105,0.0
94,7843.211034336314,845.7714223523981,2522412.746451999,47153.04892408414,0.7406385986812953,3885.775245946137,1.6088689391976543,0.05516934294683962,3.8792367165483896,0.27204111668966613,0.0
95,43182818.50187767,4844472.699148879,4956527812.089711,202942766.17280897,0.6837475445112169,3151.9097854043175,92.31478309909319,0.11286455128533915,8.337467373166467,0.22537131907361607,0.0
96,18380698.927622296,5036858.920476476,1550153523.4756157,70201206.480558,0.682486379197919,4004.7118521443326,3.972058818655719,0.13110610756934954,9.238252246700128,0.18343862271684241,0.0
97,8500841.841602465,2470840.894298364,139479593.71203512,20583719.53135282,0.7426221295803997,3854.4507512595624,11.745046355522256,0.1357113545852214,9.722454935647566,0.24415407103837808,0.0
98,104592624.47551177,36910978.077721566,2898386008.000529,264660720.4823501,0.6672513010140799,3720.3105898726867,4.971042874268215,0.08241085808890256,5.7121506850953505,0.13123229531530498,0.0
99,8850.105461564015,2697.907732446577,1910319.3517441675,41126.57569211048,0.7037009459794628,3590.083758860457,1.9013382269297587,0.7751876789390219,17.902963899158024,0.10645568495389163,0.0
100,32061.76332439522,22246.6718599652,2801767.694993791,91912.00109213617,0.6870040400043077,3845.8937831402477,1.684517682338132,0.13120361177756648,9.112861767856021,0.5839857820433944,0.0
101,89848.08146019898,85392.1367390141,1928554.3408574208,126052.25884933607,0.7256775849845001,4040.5039349057715,1.447438908140212,0.06531133229689781,4.409018444569949,0.18114189997344396,0.0
102,30986535.39044427,4967319.578219188,1543264404.2320466,111014165.72768947,0.7248044987475092,3935.4813892389193,5.647961624871753,0.13211150128711902,9.629919601833517,0.044010607309980104,0.0
103,7070126.476724669,1045287.0376178134,577012703.6220143,28833245.535822887,0.595244664177755,1622.6240970772542,173.37849086446477,1.5300558601523355,34.72820521392714,0.11447712565632442,0.0
104,5843471.1721302075,674530.0698596047,452164075.5679251,24823896.353098553,0.7388987001254687,3652.719690668725,11.556024755494095,0.0481760034241689,3.533498414287321,0.05739680368196782,0.0
105,6482020.033985777,2189761.1046688776,118213117.83819692,15419478.275512403,0.7078635336713056,3606.881147071114,6.574683417646747,0.07283334079038414,5.186505194977755,0.4149122371768982,0.0
106,13488.902910883593,2668.0726280866315,2721305.815623424,66110.28208939043,0.66401023519434,3661.9844611177846,1.2916588296014806,0.13760530439754587,9.890084455911923,0.2542309937974401,0.0
107,326463.21952613123,44866.60375539105,23563691.783277556,1328087.835348063,0.1927885756123507,3678.671643074733,2.3641658095973064,4.202271831525196,75.54780048933591,0.0035313283235057264,0.0
108,19591600.127543606,2108788.0871824427,2063504159.7945905,90297670.39672092,0.781958898141904,3859.9651370085608,7.353607719547063,0.07451816791868815,5.305528601431386,0.12356262312885943,0.0
109,160269224.58475325,55362494.1499177,6506916367.493105,437425054.88904065,0.7015921535888162,3373.6139917904597,5.088931558571775,0.10871252913647789,7.672496323966131,0.1364207723788529,0.0
110,36011.71905003278,5375.33237409734,6479522.320124971,174043.1225856931,0.7092089090361032,3814.545730395107,3.1033550358599022,0.09994915225057008,6.849799595159991,0.4241946400414001,0.0
111,30097.75891678512,9851.756201119117,1660402.671001303,81645.50752729447,0.742311087862256,3510.562760137508,1.2480555191529012,0.07425077203217798,5.441800105249207,0.36167153419223924,0.0
112,9818217.087101897,718564.5670000185,2326424744.344188,59561850.59014888,0.7420740233774283,3385.985226295318,27.711723266448253,0.08343291680016832,5.80139417995913,0.2850485516526035,0.0
113,69288055.60827936,9735604.83034049,5702944556.248876,287687471.6232791,0.6200330815902069,3730.63515990387,24.902309266706222,0.14113742098860566,10.257915599254776,0.28793909578314736,0.0
114,2222.391902839026,265.5594943946725,853212.2741574105,14007.964094817255,0.5882808609682509,3934.0566106648453,0.5433705751888094,0.18508968353504693,11.489417336242727,0.35037224763823116,0.0
115,248837.61974058734,54372.01787975807,16174154.301804144,829428.869862034,0.7406238360513827,3862.1006722251122,5.725968397325883,0.07409504342206982,5.209887279206576,0.2459049278440474,0.0
116,25583664.33627079,4873101.343220683,3160149690.8686733,112787577.73031779,0.7410583327672026,4065.57262069894,4.333152784707285,0.1361437725897458,9.67009195952955,0.08764087211171778,0.0
117,16443686.496539649,1681392.0504644983,2849142511.5172424,88279186.97687563,0.7799801448168071,3137.234244493608,381.5957410106991,0.08930697267355373,6.703296805317295,0.10279841674276606,0.0
118,8376749.768864187,1260844.1656957376,612371849.9802622,32532659.042544086,0.6748492470655949,3635.9394690705894,6.855406018945487,0.1630846094481866,11.45039070933829,0.16844213210697875,0.0
119,13322996.363865275,2399709.2630037526,731472646.647535,45597942.20422176,0.7746522257979037,3404.6430632167603,21.715409668557005,0.09146185010486799,6.692419806564075,0.22524543301259883,0.0
120,18682670.688363552,1898342.2976717153,3554485942.523224,101079519.67622809,0.7384049928332322,3338.2309162201736,156.18905728191922,0.11009224764829754,8.191663958680461,0.24663184761812967,0.0
121,1551087.4130289205,141486.16722855344,280576797.49669486,8389497.84488773,0.6760921048032168,3432.190006372067,21.544274558324737,0.11019512557916471,7.400743752000077,0.26121473592910277,0.0
122,11523.748333562635,922.9995208655866,3323181.452265531,71122.37586430556,0.6136840041796685,3948.1483180985383,0.7502328458621726,0.05863441783318857,4.029544247317199,0.22826180546923722,0.0
123,85373275.6176207,17380453.150472097,2151648308.936163,247654315.3129126,0.48063109835910367,3733.803158071996,11.722953499366803,1.4698799570118666,30.174797478169456,0.18477525980632833,0.0
124,30625730.260457724,9829605.426797112,1662769882.8298655,92036305.01727653,0.7252558303170156,4005.636637375394,6.800812745375574,0.11261278844290565,7.713302411993749,0.3561610683468308,0.0
125,11033057.84450159,888901.4446730288,2057457237.7105737,61896754.904580474,0.6639517217927449,3036.563758868934,16.716488744676713,0.7889304378730144,18.981386357951664,0.08311681445198243,0.0
126,76732.96903691857,53029.63260374814,4928969.074743674,196750.417739205,0.6430487951258942,3358.4888223450807,4.328878941164838,0.02423824423731613,1.6714120013526368,0.36262726297583725,0.0
127,1512789.77318609,307880.1265246443,213169252.96857315,6380130.788252476,0.7509042037353645,3145.516352364526,6.172970327174615,0.13060679224455632,9.535021740292304,0.3205520450947795,0.0
128,9943.90333922815,2127.4961012228405,2085303.9216859783,47799.90359474394,0.6772258202651669,3621.543782552252,0.6234219136120254,0.05658630028726304,3.96544676132489,0.4390192188150932,0.0
129,4325617.816301846,478873.7477701896,459202287.00575036,19699187.33496728,0.5526644138954808,3410.4137498210025,13.804704245091392,2.1778728018513744,43.305096720250454,0.10919161190550225,0.0
130,5388.709984347468,1487.823909857258,1216680.982786476,25798.658801634025,0.2927279936922166,3628.9539778924077,1.5198842837928397,4.095867487412771,67.7586479661137,0.5472396692110963,0.0
131,10325.123660887763,2016.3170785789239,2524049.855410084,53378.310331456094,0.7090470599344904,3932.8056147420043,1.8740708362437832,0.12992112606208242,8.849013416906157,0.45223828404243216,0.0
132,9444.783281770124,868.9473363203203,2819709.586629222,57181.5026381424,0.6481097929933208,3709.577295660121,1.3428175588098674,0.08568911461868937,6.034904996058032,0.026271785103487783,0.0
133,2893355.5522698886,194098.8869523947,706967792.326716,17950123.027997557,0.31639942381870756,3926.9661710285754,7.9917360174585665,3.488440459989532,61.622944160588034,0.24826489342119204,0.0
134,4304581.593340382,650120.549729527,289349613.5911019,16726175.850304544,0.6988413844540395,3708.699967147573,4.218262618203833,0.04349020691910246,3.088197958815736,0.35637951248076916,0.0
135,26582491.262804125,5264784.908014791,870704617.3945984,80972528.59335609,0.7320565500543368,3330.735402500371,768.3397232854984,0.8007461277789114,19.72795037507658,0.291173866343874,0.0
136,87362562.57612179,46457188.53484674,1258023499.6879742,165430939.40879014,0.7160464513789015,3539.8507460512737,13.777119082386186,0.13150307359230995,9.307660949360312,0.1454273192249452,0.0
137,4769582.139354652,641673.7430004706,277167603.3514318,18252209.27987997,0.7495783540955231,3489.1644623110124,12.161214311993913,0.05552705524198158,3.94011632757917,0.14495586418901873,0.0
138,7617664.58022736,669573.1679489713,1214018514.0131176,40599891.928687766,0.5423029330465317,3246.068883557023,25.257686528569828,1.475040308695044,30.654025450846564,0.17750885126155252,0.0
139,9422931.679395575,645821.7412013586,2925237320.4196506,61850027.52959581,0.6771508580875057,3837.1699433412186,18.081200304575827,0.11374775916991497,8.135977683136545,0.23174188864034279,0.0
140,7495715.940783207,1185556.8984080313,359095887.96079004,26653790.61012759,0.7227316911573831,3612.2857350934637,6.101421443022999,0.12297687093905534,8.846939390433416,0.07869076434853423,0.0
141,29809987.950893987,4099135.691222106,5128966355.470647,148762701.32015356,0.7923764011086176,2771.8045209636693,488.07503921536704,0.08532860714830273,6.214838545948408,0.29940375377961376,0.0
142,2220436.388641195,230589.33677799386,297133197.9784854,10964044.907725956,0.7061521170037482,3659.6040525713615,4.934086306910922,0.03994038639583133,3.0019724462586326,0.1393640584929108,0.0
143,70226887.07155353,9742698.249119733,5802660356.483186,291109785.13756263,0.08342649101117941,4117.133411234652,5.0812648075007365,5.428313362311553,88.3472772331547,0.17201721680457221,0.0
144,82099.24322417287,45697.88935100328,1654397.6308282078,143293.7636175074,0.7126107280378241,3405.9699142353875,2.0602558738159695,0.16034156433332356,11.515917134678844,0.18759389644124635,0.0
145,7572065.831573461,1184849.724684686,435497555.52878475,27823077.71524162,0.6613734867121027,4173.7272427909775,5.196309143769097,0.13869993417268764,9.825537075659682,0.050971980053085654,0.0
146,5766813.307143916,933242.0561188201,302155542.13886446,20556862.31091871,0.745234465690929,3634.7600957647746,9.247956148087548,0.12794035289506392,9.12196744275457,0.33735588820328466,0.0
147,5622.778745799127,1568.6921850288486,1360975.7481692524,26990.107433874335,0.6425348451378312,3330.8115756564293,0.6906112887294212,0.0413650922574881,2.6715697393701077,0.4779021960937883,0.0
148,10656943.997916717,2055988.2562162871,577474187.0725677,37796121.716963224,0.6961882068166421,4013.8396227959565,3.4026004048021172,0.13781151400577424,10.203989087459101,0.17563039839148856,0.0
149,668589801.4111108,167334656.8891209,34053754451.41913,2012791887.7099853,0.7338246245956336,1191.7043704917608,307.4254708479893,0.12279734695619612,8.879044567340298,0.17724541917051914,0.0
150,71090028.44989686,21092006.915621996,1518189213.469727,180496150.79895443,0.690515028670354,3428.77705926567,7.292429845531038,0.10353766437216763,7.5436079633751465,0.23217643622218342,0.0
151,8511061.308606094,1680233.4931504943,955494211.2874634,33456518.414660025,0.4127151395226579,3310.405654065596,25.2735663957984,2.1312894145826924,39.92167794961544,0.24521431838862695,0.0
152,17868042.336151343,5343661.128802067,435872602.5022845,48101174.53202931,0.6972289393202076,3373.75798267129,5.255182723397143,0.22311576117197482,15.140346647126691,0.031103053273408565,0.0
153,7238.231533410159,2802.7206200018263,1402072.0561966388,29343.34060737518,0.6385105601152024,3477.0051459147835,0.9057609865325745,0.031916134810834954,2.4164276867306342,0.23868744424075106,0.0
154,27358011.846108418,5202210.662225293,1675457073.840232,100962684.28619039,0.7577930577464599,3593.2300050504164,13.335981155539043,0.13722835662412153,9.6209726983794,0.01936788540929484,0.0
155,8502.44836826126,1165.5615191611441,1991035.088323424,46521.91365187611,0.6237824750212808,4208.072292377949,0.7004640529495713,0.17872382319423802,11.677088345290251,0.2430518250319499,0.0
156,35857.983661168044,5083.955664379269,5598910.933230624,169823.6861086769,0.6854469879824137,4162.476487921036,0.9168802248272727,0.2087271527305817,13.879921625695951,0.25736065322877405,0.0
157,44349681.68114583,9953538.617644075,3330311735.19337,150248588.00587362,0.7501857244645957,3273.1356288570314,171.07518125529447,0.14913819942216336,10.94693362031301,0.23474547721622854,0.0
158,2264088.8773948187,349876.1043576392,236327142.15148315,9763200.439247545,0.6428904086753015,3454.4931705861723,2.348907420775039,0.058751506021712085,4.261130055257008,0.2680378073640167,0.0
159,1515412.3331274032,382679.80193685327,172750817.74645865,6369742.571252008,0.5604363170251289,3361.0598464136287,33.08497878705982,1.6372463792883836,42.1204900099425,0.12136412557772801,0.0
160,775874.6277655344,453094.7150670509,32377571.70812586,1897435.2694120277,0.7452479764167788,3879.5730888782878,3.4974925438898685,0.12090742758930366,8.234807923202816,0.23904102773807065,0.0
161,4343959.259272398,792560.7687788107,189086731.08923218,14391952.614388237,0.7109846473796725,3521.6301908655123,12.616248504353626,0.06692974251145083,4.709171063116267,0.18926841190911298,0.0
162,11669177.490489487,1777174.8978137162,902029387.6244062,47054134.27650288,0.673327994025976,3725.4382726373956,8.416520839881185,0.12541328845417493,8.4775152823721,0.16666031816032775,0.0
163,2586991.2335098106,439181.5595566185,104632890.14361279,8678893.74762743,0.7266925252455115,3277.063660710206,8.570806383568131,0.8560488866494577,22.563544412915974,0.07720301765424448,0.0
164,35469988.6718427,5537002.988499981,3492442055.810992,152923528.63402927,0.6492129783303662,3824.0239696395543,5.739894420925047,0.1271263950418083,9.018133172778471,0.19086211525127675,0.0
165,12718083.92196781,1408146.3391394508,2309950035.4925632,68760769.98083436,0.8177418231428714,2998.1693782558577,167.52063638649085,0.15791198738366513,11.259956282552828,0.37446233108474997,0.0
166,87848871.8656905,16809267.16837103,7116498165.206923,348350551.1433489,0.7207370820463979,3680.479451260285,17.097177717665073,0.2766293386352059,19.08053610527668,0.20182426029079556,0.0
167,13063.119905144253,1710.490948648658,3624320.00129188,74949.23933391724,0.6810013517183207,3554.154908713878,1.4642350124952166,0.12524160655922945,8.790710188662628,0.3318604132511334,0.0
168,24034676.46455699,2280095.5072493646,2713643330.691531,115777791.48309259,0.7357798220897467,3737.6553064978807,6.448064365274051,0.06618516057010204,4.47165030456529,0.1281031289825256,0.0
169,183900521.6718908,20062389.340413235,19776137528.121986,847887619.9488811,0.6887023043681828,3953.9210803382966,95.88204555779785,0.15625874209532506,10.602573820422627,0.16608283477478095,0.0
170,62260.416947561236,46610.76012039908,1890854.3753030375,123760.3524269202,0.6015273656229374,4070.266682619137,1.1107826867928345,0.8668382492061099,24.086892067175278,0.4000267265134954,0.0
171,18491362.07901427,2674968.0746943573,2638436518.8588896,89389670.75605801,0.682950953553342,3803.630166781718,33.67059474749691,0.09718222628129913,7.214507289186512,0.1942027314840832,0.0
172,40864.654489013745,29760.25369425203,3021787.6523907646,105394.02685028082,0.6677269678924397,3518.7841636858475,4.8535993584279895,0.14874475598331305,10.486323581285784,0.0827057001706318,0.0
173,7007941.331443073,1149399.1674313606,778597424.5115719,31237274.23672729,0.6523665507523739,3722.4985720208747,2.828436321765942,0.10776432887125606,7.33559717890706,0.20243219167837373,0.0
174,4042.134617812583,796.7578105775198,1302827.8560891657,22838.76726531973,0.6313360295316504,3248.395101002262,0.4451440549708896,0.07711925490766491,5.4366854456786395,0.29542050600320197,0.0
175,312453333.275924,38261759.15407324,35904386078.44252,1432191050.0167353,0.6530062071105442,3802.4640514340063,6.555393642537807,0.05183807268295455,3.7003622376889824,0.2308512637146055,0.0
176,1187.925830317271,78.08149677553307,530521.967535025,8413.73443742037,0.12887273724613144,3539.278466437352,0.6284352945966696,2.7977328099607384,49.905572111797724,0.3398957111893054,0.0
177,8531253.973511133,1548720.8166361914,644442542.6006362,32308745.82300223,0.677045998526585,3734.928024635033,3.2553749965028063,0.09553807712383042,6.913893213263597,0.22956606695042633,0.0
178,28954457.590091914,10808991.46640592,1857149653.0599804,98515074.06708841,0.6975394216234363,3524.0743812975365,7.18906712070439,0.11033725477133424,7.5712251363607965,0.22216668776666335,0.0
179,14427836.030602027,1063005.329119597,3174122028.6657324,85753415.63922773,0.686103971265107,3234.7883022032684,19.175406661444576,0.8169238023112413,20.8598403900617,0.26357089674422757,0.0
180,7500651.017037381,558998.0536605411,1518666045.4878323,43525710.41024908,0.3697263740937296,3378.850590197454,9.134474623686087,3.493980252282165,62.27258251121236,0.35865174046345333,0.0
181,3146031.719120391,457272.71336713544,389415958.1836788,13906783.092304042,0.6852944315125413,3239.7496781407017,26.949892049790513,0.11708320392603895,8.672168643404849,0.2498614228262142,0.0
182,32162509.584733017,6871838.807866132,2610421197.010726,122825062.99955633,0.7159664935938255,3458.782137177663,6.197111075440457,0.09052356070147782,6.460012400730966,0.38259645709206813,0.0
183,200827.49085371723,20356.615294956377,21351861.232653245,929238.4099715936,0.40431153337279985,3536.4409118728254,2.6340175467162172,0.20725608252944888,13.853966128421172,0.34402306041359637,0.0
184,7609455.109454838,870099.1242563266,1008375304.8685678,36490918.506741166,0.6106631445056648,3819.2385939010437,4.8370014811529645,0.18384417303856598,12.924146533914222,0.31578742011846805,0.0
185,14333782.414727587,1616001.8431041292,2451635952.0331755,73065210.80925775,0.6921800963781878,3289.407850707299,70.46616771095691,0.09698091107205445,6.506777007471058,0.2852796344584218,0.0
186,550252766.1676662,150630719.46443373,11374473632.755629,1412238651.2166305,0.7449622069727029,2178.8929831817777,57.82138274705406,0.1436302059566014,9.970462453129638,0.08281581622992092,0.0
187,30657202.141423054,2852987.788783296,8232720342.805487,185914231.00473994,0.7189275091955956,3267.6552820251627,55.10809214270822,0.05333210930738881,3.6586598657208427,0.3834246811967911,0.0
188,4238815.252573102,504861.3988068739,474287586.23139095,19699624.00298695,0.5772952490462069,2878.3056793650057,21.921551920103308,1.472118299267811,30.485693091676836,0.2936948844292208,0.0
189,20960.832597055385,3839.8793544093546,3929227.917193102,101602.192061713,0.6325436109069767,3465.207822216299,2.04826568452598,0.16616561459779744,11.30795437891818,0.28045291633612685,0.0
190,34692.768330769715,6091.473074392577,5679056.350722531,167425.6961310392,0.5726774106625975,3981.430506325635,0.7675910055380752,0.7559854937333181,15.71517596664961,0.3011816778785008,0.0
191,6997.834634325969,2853.411192921201,1327549.7553672395,28316.21180276362,0.6551257192192306,3673.7998623106478,0.6018757281087337,0.051964689826175726,3.530894214059586,0.3518593647257961,0.0
192,29863274.65636589,5428252.826078274,2510145875.283003,121453920.9062685,0.7565498283941102,3713.4093695924976,4.55014917328161,0.13617834409670088,9.917418545112762,0.06689842666808557,0.0
193,9139411.375101734,2083753.081164951,239641055.19900313,25242155.27223993,0.7295465165438998,3953.7967962925995,2.8803376102571123,0.1373563282506951,9.53007883491816,0.30249938266580456,0.0
194,20650293.378150348,2562334.6589057324,2266518228.6757874,94913630.95662552,0.2940527516255959,3995.1367416775647,4.892466934487068,4.067405701860638,65.86021875708983,0.17193194738816672,0.0
195,22696.59245587857,3444.4763926076034,4358441.332106799,114091.65429950328,0.700181149986779,4221.067635645656,1.2775152706664292,0.132944704265598,8.898316274167927,0.5162556650860712,0.0
196,275614946.7641148,21431431.496083856,55342129566.447044,1590622650.7184658,0.3603040125726884,4257.349270167271,5.637877164776489,1.5386045758343758,34.711568766275114,0.21929478666774138,0.0
197,27758162.422080733,3747785.4041279317,2665495741.9620905,116497309.38439742,0.8045992702221646,3960.6453155422923,147.59015064173263,0.10462540257982109,7.669466084121801,0.3345844570398514,0.0
198,4943.534114327315,1248.0161288371005,1164826.6122137741,23804.938077600902,0.6661343730288386,3474.655973485713,0.9909773057532071,0.096935020314928,6.851079385489854,0.3801970236171802,0.0
199,15866608.134971833,2515058.368438074,1164364223.6836998,62110817.07333199,0.6117853694517255,4064.992098182621,5.0887423701626116,0.7885933486443177,19.00875603097041,0.1916338292754948,0.0
200,92050069.93429255,12487817.566316169,13937053121.990234,446157796.5547396,0.6505342843814665,3663.5381722015773,16.263653377027016,0.22009251246223743,15.146679949069133,0.14530381439347803,0.0
201,32354.60004854604,6422.965884803968,2793230.4343366874,113127.21789666323,0.6461313259634629,3810.3014368607364,1.6547517652838843,0.04446077168467415,3.188304862642876,0.13618769566015962,0.0
202,4973403.947762323,598984.1369936926,345821564.5136774,20408652.26854669,0.7303724534869251,3681.0668140389544,2.9310635017193873,0.07299198393238723,5.272446697058659,0.09181766688992903,0.0
203,7557.921267219126,2926.3474882858113,1442523.536124606,31801.55135110923,0.6517148363586839,3676.546837532788,0.8923244018528427,0.12054283917084554,8.200796310672134,0.3405819844325601,0.0
204,9948952.462062743,2180406.1987972637,536905395.490629,34265415.08976457,0.6848527337189865,3459.1761921508196,4.444598091650206,0.12226949039643883,8.70575005313351,0.17449839813897508,0.0
205,7633.3356181841955,1072.727227554347,1998817.4929730198,41886.728822384845,0.6696507843937644,3651.5344649688204,1.8435641878419426,0.14186617659995884,10.192754627294399,0.35494819227413155,0.0
206,602324.4808694914,211743.1600282648,17488882.732246626,1498371.1545134543,0.7546324159129624,3684.358534931969,2.6703663995001192,0.06904806800826009,4.817233373649498,0.4886924723302076,0.0
207,1577.3396363304432,400.4247594392757,542091.5996757636,9066.655360902532,0.08617547495992589,3793.337521359349,0.6977373044832813,5.478402527435604,91.507277935631,0.40336606624153903,0.0
208,60817.239984109205,8510.689067911588,6800618.09295775,256988.75610962143,0.635513259179987,4126.209264404081,1.7512898157343888,0.12167200148888657,8.473713447576808,0.12628397105413036,0.0
209,9576647.095952382,1323723.8927854928,1285648732.9978166,44840617.1553068,0.6667520859567204,3582.3328439475563,5.641279004040642,0.0797795668643376,5.631551501633209,0.03278526538894427,0.0
210,7146.645494924365,1229.4468150256293,2211384.2845100984,41909.26286998424,0.6746682459196329,3783.7671353410574,2.142297365981165,0.11808656278506327,8.321176849025226,0.3778035037912089,0.0
211,20339747.324684728,3106037.0897215065,3314001722.303008,94608780.12789997,0.7296440025250222,3287.841599482582,105.26791895915623,0.2179295243339337,15.932765825639251,0.31559682613284756,0.0
212,5054332.880701383,778975.6353871564,420488766.51362026,20000103.372975446,0.6969642709629141,3835.9845666562396,12.985044324890476,0.12155799654906137,8.665334619629434,0.17607978679250516,0.0
213,52034811.45417431,22106030.72163278,722802726.3285927,111010178.0884691,0.5119908064171217,3597.5347387293778,5.819514087826049,1.4633283672268533,29.63967007005896,0.12197189031595032,0.0
214,2751.6817118104577,651.2760211596376,774985.6815852977,14349.158287585753,0.3005126796712418,3532.3898837746365,1.425061166269299,3.5640459725869205,66.8576015598848,0.474603155292673,0.0
215,2915.1882060915273,603.4774092262588,1192472.8579291075,18126.702226984573,0.6494810035813251,3695.847295974622,0.5427737817978127,0.7926235758708197,18.999977310845786,0.5212008061737144,0.0
216,41070247.96410106,4494711.85678789,3750313586.6975403,182942770.38826337,0.6837255298955474,4079.96722322681,47.72789602735869,0.09845727411248158,7.181107467803912,0.09996276783244848,0.0
217,501634.9636002096,41751.33659746277,128871264.70788994,3035457.551623621,0.5543633768602747,3555.67030476336,2.7401003229261756,1.4815620512702439,30.98307655892821,0.3657997533081385,0.0
218,1458480.0000335234,333845.3971051187,33839240.62519248,3975536.8188365623,0.6934521982602713,3353.3380577202342,3.872229140952337,0.13601205385397092,9.151486466359577,0.033898509357551086,0.0
219,1073366.494802545,240621.11168897123,34836643.95192891,3223483.457268362,0.6774726446534032,3751.6903402933963,4.240207260692902,0.7599764237988366,17.158785399893784,0.10610714322895123,0.0
220,5370151.893338851,679751.073302584,751682824.8391492,26275382.982589,0.8142205055877211,2903.7832466348586,98.09242092244226,0.17164351511845216,12.822154835928222,0.33127396741240456,0.0
221,11505420.321079792,2972442.8861894608,181353010.47649205,28478713.097728036,0.5067604982023728,4193.263148723534,3.995007985459494,0.8327500572464313,22.067722090440373,0.07327001743881487,0.0
222,30371330.2890321,4720202.484131446,2651660157.153147,125980322.34340794,0.6930552639379535,3574.928823752072,70.14962999233565,0.7559794509138398,17.04490099317035,0.135099618717524,0.0
223,4868.197369091741,919.2953876823703,1402497.66374823,26813.08880162173,0.4306458011349875,3565.7812422327834,1.5610068051595918,2.179195099224965,43.59625670485978,0.11338625293327959,0.0
224,12801560.707431428,980208.6635466801,2645049007.526441,74519160.9426404,0.7407150139832116,3792.6011088025307,63.788845970445415,0.09631322426968252,6.900297722251972,0.2749186208961101,0.0
225,37304.844718295935,28933.66307889061,2577124.6390156997,91031.77138603863,0.6558528910473577,3687.431091771161,1.9276201026305873,0.13783118425708896,9.46873001058525,0.36396778311933103,0.0
226,239067179.1348992,66717050.244598165,16041352665.122208,778638217.7681556,0.608839106606907,3705.6396674696985,3.1692883162258325,0.1081617431760149,7.258567038742474,0.09091200936739195,0.0
227,16963254.460184425,3269808.79054314,982405159.8642445,58815769.630917944,0.6392166868884558,3809.1611343989707,3.0828417610409233,0.10210554740595885,7.33119255792906,0.1696748854043114,0.0
228,17112.729984839825,9608.071482800795,1818234.5866954192,51702.45076700657,0.6467393019584067,3643.2947187459067,1.667407967822071,0.06896218950982203,4.77742598291385,0.34121290526219344,0.0
229,89298.255183465,19500.69636153841,6215300.021701567,300392.80854106916,0.7003489295452503,3416.3960463122544,1.6312464712709567,0.03758285058820956,2.8684817735240644,0.112307859987165,0.0
230,5752872.905407738,1370077.9340616765,274686763.9809607,17145737.939133096,0.7458805322314002,3678.110221746674,14.691073950713243,0.1597498266858591,11.686689460677725,0.33097356093528035,0.0
231,5199.990171613833,2535.5341854720746,902669.1519654198,18554.898526040175,0.46522031247412554,3603.542425279104,1.2751212910486955,1.5611662400401098,36.36480223622758,0.08422072414679672,0.0
232,2088.276632603648,217.21341526912857,920600.0378549934,14167.422563123104,0.43013257606237926,3948.9036593072533,0.970243263117586,1.6111560472169526,39.26655052117591,0.38548859572044886,0.0
233,382350614.6465861,140636016.43297118,8089004413.912661,897671003.162103,0.6768131643508893,2195.3477656593655,9.882692438855809,0.712078935960306,13.38857653775717,0.1105118419343454,0.0
234,5057619.376362956,1509876.5652701936,265404292.70591864,17012424.84497432,0.6565920104361502,3750.915571999514,2.6004685758808233,0.1347257454050214,9.246122815431871,0.14007362931392228,0.0
235,26787731.14172951,6513729.62140303,999894523.7491544,83611000.79301748,0.6528816144490286,3449.316851803174,6.548109777619867,0.10777702277860826,7.3753164229414185,0.2207937265692103,0.0
236,5126.168082802205,2792.776407111628,837948.4547464412,16333.778347045116,0.6590654910692428,3837.247645075011,0.9629466215883786,0.17015361241015112,12.018732994526065,0.3403367367749302,0.0
237,318592.6762206912,298193.01554856705,4447870.800086742,459750.0858013042,0.7418518528609794,3370.5112721346195,3.4024940108628883,0.30682669334431784,20.92624317778549,0.22595083413821326,0.0
238,9306431.636339922,540684.3201730775,3575270510.4668922,66347587.89892466,0.720446192384826,3659.3509154907147,5.377313043295505,0.17338349461180008,11.589556033304662,0.39988118715584764,0.0
239,20869.514093004233,4370.565767817411,2305039.4916896047,78050.98048965873,0.6626309624396585,3766.774682856947,1.4504747225012578,0.8604516015434033,23.63395404345183,0.49260839003097195,0.0
240,1264.840232245236,170.15127762633958,609276.6321625952,8697.00997156651,0.25525701130115885,3864.241113444406,0.7772998486759898,4.098025176266056,67.99156700642752,0.3012808119905066,0.0
241,18141777.026735704,3227979.3338918686,1290822255.4200597,69861703.8580223,0.6288470258023314,3638.693887883148,4.733371883700555,0.0616971224265753,4.624304607991914,0.15483551027466005,0.0
242,48666483.41278365,8016822.663113287,3551864764.959939,188521123.77636388,0.6533866991348317,4100.239253537882,5.906419570805137,0.08654356189450496,6.328829386218703,0.09774855797070572,0.0
243,665871.8518859812,176959.0186461594,35137118.597928524,2135141.351553237,0.7032987928664776,3148.039344998141,5.630560154093061,0.1115546270513084,7.96621273547679,0.4859252147573242,0.0
244,22425.21591671678,8025.985424960469,1623463.5561774871,67151.68417809073,0.6402907186184165,3664.458905822228,1.403261277658824,0.07312363700943134,5.089317668073255,0.3942546344162993,0.0
245,44060564.346035495,4734648.3299809545,6497112715.862285,220141198.21572417,0.6682438571760692,3435.4044189016095,33.8170466451012,0.14214565464844373,9.923727717068795,0.34352779096933256,0.0
246,4533958.605860114,740535.6978752018,345535189.57775605,17347058.93426191,0.6404586360822362,4116.002201323676,2.5149985050084926,0.210054974516711,14.58633606738744,0.1832831568099584,0.0
247,599203218.1510174,96397488.90700693,53903852735.61876,2372105886.4420214,0.6013792616433078,2728.4309537919694,9.974694510394931,0.11289544505686325,7.598382420248365,0.04820771206701261,0.0
248,58311940.514868975,9572764.673763337,3216119534.8574996,211574861.92119223,0.6782413698267784,3704.800737400818,8.012887090476104,0.1551062698077593,10.90835521739579,0.11631133255570418,0.0
249,84784351.79082209,7878021.265306282,11730080868.034842,430864158.617637,0.762268354750858,3371.9787275192407,188.005656526689,0.11009705727612343,8.123071505100766,0.10422183269758212,0.0
250,4564905.765174545,1026317.5805361643,127856963.96629305,13246800.318441544,0.7227181104195057,3573.0704026207213,4.973436770533016,0.07764787205073569,5.49284495162919,0.06999643179382393,0.0
251,30698065.612822074,10109046.958145346,1440760058.2556853,93438869.872541,0.6708369858600264,3920.191680701283,9.756646684275989,0.1095192293871845,7.409506821601437,0.11680090387579244,0.0
252,21769.263999866787,11484.42045895071,1500103.518113255,54077.93290022844,0.6875345249950654,3511.1910020792266,2.623057285426416,0.09492052701540317,6.978276533121554,0.23781947648269583,0.0
253,154576.14787550765,29710.653586908913,13042360.874992263,578152.390193586,0.7365012592456787,3839.2861905320624,3.8963823347782056,0.08804217458559593,6.3700754621460645,0.14184216019128218,0.0
254,19411.288302708832,2239.903257106973,4430747.79921857,104632.94668811679,0.6311563901341503,3769.5682729946284,1.685483146003817,0.1287079606670895,8.981370752662075,0.35771812215609733,0.0
255,9990025.080359088,915682.3311147665,1426941182.6199872,51403448.20902197,0.5694785354063541,3677.4733045126086,67.13106529947174,1.5659112366423256,37.4656722388262,0.21585537826181983,0.0
256,698873120.2890395,155083328.30813456,18122746649.263187,1996718426.7856426,0.6222677313914567,2096.4523221474137,11.103853147029442,0.13996143658218366,9.71505659824963,0.0356412144497506,0.0
257,16285992.072636146,2412282.494008538,2143367852.275437,76623165.87370902,0.6662967682829468,4297.306798528389,2.0225301164231673,0.1009254264317974,6.66920952294015,0.20955140398797292,0.0
258,7476727.040697979,734333.7276594826,785097569.8076502,35246285.63955179,0.09308350191409638,3715.24308264952,8.526395131741483,5.505443355245598,93.55020096986638,0.03667759172104107,0.0
259,1213824.0704401184,354132.9071512631,61947735.275519,3744341.0260517313,0.7242290540723665,3224.87137540014,5.145402651886533,0.11103111100027033,7.7304561728085925,0.18092506168017702,0.0
260,37279.58923177545,10038.795730311587,4284323.7234297935,144438.3005315299,0.5072661775967252,3982.004575722607,2.5881390589588524,1.5379460193407604,35.21533273070919,0.4037347355020637,0.0
261,1257994918.8242116,601813918.1619484,7298294980.707499,2149932746.806235,0.750830601559362,628.1354809532888,12.511848332945146,0.10150681815832918,7.103682227354834,0.06308109702083271,0.0
262,203156206.08044028,28345834.385774277,17681084163.58616,838104020.5184195,0.6872612670782685,3380.203164668803,12.211288781100746,0.13488038693624177,9.518367643313926,0.16133649233629377,0.0
263,15800683.846944025,1591746.68937274,3181611107.942114,88835355.15550324,0.7420402709586591,3126.8945318375204,91.57993998301502,0.1205618370836559,8.670426751261477,0.3267496657963084,0.0
264,82592.59982699082,29847.782499661513,8040406.49638694,284755.9060214035,0.7136483380733717,3413.5427726248317,3.7216905619802545,0.15286777307008254,10.530644828666071,0.09243135891667673,0.0
265,6084969.802131554,1729457.1649630624,703787006.2737181,25379486.89538607,0.6336436261876986,3844.494313198911,2.2326150769015283,0.13746084775319262,9.28597183220761,0.1294098450341358,0.0
266,11639511.181812335,638221.8864566936,4816435684.933907,85106071.52677852,0.6044521628384023,3722.9883576400184,2.9055708913518874,0.1418871627261403,9.705770955911136,0.42618422712465387,0.0
267,18609967.118335363,2497608.5963852378,1692347013.0875232,78343463.66447087,0.6752673843178306,3881.316399852928,12.630067783229237,0.13808497514971493,9.89764313656671,0.1932178943893424,0.0
268,8611281.607056528,1537097.2405909817,511185335.02249604,31226013.31832539,0.6957164380468391,3596.3158276758604,7.261411085658645,0.2009136660238835,13.935477152102772,0.138446371140431,0.0
269,4233002.611331208,500804.2594258183,463653858.3504653,19658734.867518123,0.14417089492205756,3034.890405230589,6.511474707810749,5.528936715478936,95.40728042861737,0.2678567118078298,0.0
270,10412.766885095989,5859.120474474403,568663.322845575,22645.170332776208,0.12351261435848455,3473.0997024641965,0.8953453039054964,5.493703955922099,92.73099558937056,0.5056994330291447,0.0
271,4305717.146115705,999437.2801560217,167801518.79940847,13528308.05250195,0.6605075156065572,3707.2667921124657,2.682973284468174,0.14467539823806286,10.26109433863829,0.19136222111663787,0.0
272,63456176.46455953,5793300.3105190145,11366552279.823551,345275851.61154926,0.7048796410938079,3718.253843411466,206.1608926136624,0.10945064945540262,8.366005754128036,0.08234915861099351,0.0
273,63035701.362164155,7727733.538807368,4316745542.623888,256545144.91133708,0.6969083802618017,3675.9001463300724,25.495806678107012,0.06945558577279956,5.009799443720479,0.09510342926987556,0.0
274,1521.8481613583,227.25270941122207,675063.3451547062,10157.671397035861,0.4631910046148522,3709.833619446908,0.6596062392042382,1.5097294825968208,33.20541450570813,0.5147333358046373,0.0
275,8353766.463627435,974896.8091872418,673082278.7925869,35666674.96739963,0.5894730488459254,4452.792698914556,2.288352640546293,0.17348027658238224,11.615581295890577,0.22526407372168658,0.0
276,130094567.05381915,57797956.0148399,2940077419.60228,289373461.3762344,0.7092060234244956,3463.662263895453,12.984527651917041,0.12346572386090884,8.74077482483774,0.34349273466178587,0.0
277,40820581.444816075,7016088.396432464,6559679689.862608,195134795.84767485,0.6203761498544875,3437.477381537771,37.2031898950602,0.11828972994894497,8.606250994770518,0.29816282086862905,0.0
278,2249325.7878207034,318246.4260695254,281703094.2236989,10222265.488811705,0.6510191425699496,3636.6182457320074,4.495243365582188,0.14968388056338383,10.777667689737033,0.22197949083542723,0.0
279,8429183460.586763,3831417824.2874694,52299005311.33957,14847293895.960403,0.7394110971306882,426.1771009927036,25.496160437739977,0.10677803001191685,6.836267720930735,0.13900437812829605,0.0
280,13224.406791210658,4538.95750745601,2221014.4956851345,56111.23094421831,0.6338339802241391,3625.1122889614185,1.9314194019025799,0.12927989796569755,8.87094172656552,0.2720987065898009,0.0
281,64534040.64600836,10892750.143205622,5285769040.94777,256051968.18492094,0.7316612800858724,3810.260968515332,4.90308038936875,0.16087068919633696,10.746304892327899,0.15483272232865364,0.0
282,16813829.29474575,3401826.320446226,1134932469.8970559,60779108.01779865,0.37541717032923627,3952.826660074928,3.5120638738327794,1.5948103041595676,38.4663264739044,0.15084527385535454,0.0
283,37726.867118668844,8396.215022326458,4994779.012199184,163451.08191057565,0.6646821178862063,3928.217162946599,1.0608481318188703,0.05707263558541538,4.251095002752931,0.5558385850001455,0.0
284,40029766.18743874,10471785.801599028,1685314267.4374409,122965533.13057253,0.6745738467784596,3583.6223036611345,5.040100940240266,0.13473562457545601,9.395255554314442,0.29885040027172965,0.0
285,10190723677.190945,1561131711.3578796,441302048694.0337,35697003822.78807,0.7019969707573146,1937.065008840747,2125.660844278907,0.7800044702230134,18.262710677664753,0.03277441730146512,0.0
286,2489536.8493760163,459247.09228026855,85366848.9942626,7825985.197337426,0.6807952799314312,3693.695839973937,5.265644251088475,0.13057175709590477,9.71193257788936,0.4118435058114011,0.0
287,49765.63534343763,13599.229794575658,7447211.704875344,202993.530086534,0.7821254484035063,3435.4891429345566,4.235375157443515,0.11639302600205274,8.695084784388543,0.385970019411092,0.0
288,189818206.2419662,34903313.061215706,12104621594.240665,710291024.8425659,0.7163017486265095,3873.5524762709747,10.321582641155915,0.11030899563914894,7.63914543245942,0.10894144824165472,0.0
289,1046347.0409931255,59511.98606269347,398018034.1523303,7464251.802589478,0.4850108452937948,3659.6053695176824,3.935011015191973,1.436176627758702,27.932758249781784,0.39329512717658943,0.0
290,63103860.08759801,10974351.091389287,3797573298.795335,232703780.40115184,0.6615494923520486,3684.691815663104,3.321937822909417,0.0741721451048325,5.428696478020399,0.06671986218304468,0.0
291,22679013.26234463,3008026.778596989,2981248046.8593397,109353631.65302344,0.6837910907664008,4076.9640900753375,7.003797158316357,0.09906408082934126,7.024127647349104,0.120682897095503,0.0
292,8108272.783966904,596212.0283177907,2193326140.026183,51347296.159875624,0.700219699606234,3255.4443652193204,14.279858136559941,0.09880303310695862,7.150520596428635,0.30064732189776106,0.0
293,9052013.68849091,572639.9442947187,3060402304.3485804,61483068.528086506,0.19748780944765382,3502.62610747932,8.98965946754736,4.14334547721043,70.97099834854421,0.3835665411675588,0.0
294,80061626.0132049,25791156.573576037,2524272494.272974,222517142.80360103,0.6705479575988638,3924.929273840462,4.642593700167378,0.08453018699967281,5.785332074935454,0.09896174875225852,0.0
295,7672019.669135258,821959.1031629101,806182380.2211758,35560494.14195468,0.7644461456558106,3167.8316137917154,49.769311268917036,0.12546469672537067,9.22916824055241,0.04007460050177472,0.0
296,36720.451391619594,32005.403886027496,1545015.5443968903,66675.26337639763,0.6862237532126509,3555.2879636779403,2.442254627130999,0.09027825905712179,6.608366299226636,0.2669282105424139,0.0
297,105152257.11568901,35086140.14181098,6840327454.409994,347024238.7118654,0.6786851565587178,3818.448030488775,61.724759180412015,0.1198798212105979,8.709918506504724,0.2592575054713595,0.0
298,382710.72615338064,106779.40142354358,10393921.166886732,1000297.1753015876,0.7015180861291401,3449.7019072175262,2.8566540430088763,0.11165221890110111,7.952301789818252,0.1519924450126394,0.0
299,2685.1847359688286,418.0510005196285,1004751.5778319497,16383.744734450836,0.6489177770218942,3704.8093755720884,0.6797280807667557,0.07940966121223232,5.681984642730674,0.23506459362244336,0.0
300,48947055.43733172,5914180.378508935,4194909191.9783187,210002871.9620342,0.6882976111565566,3829.218177894216,6.977483631608475,0.10453862150185973,7.383980894266919,0.206831308881848,0.0
301,14315094.223308012,4890364.880722709,749567670.103107,46308595.22151007,0.6562504300152514,3962.8207837951163,4.398711320950098,0.14163865896900907,9.867594239853505,0.12064630133044274,0.0
302,21793693.521506675,1660278.6357118245,5776530208.449137,133486699.76267135,0.745434765353598,3634.110862711777,75.37472912599888,0.19958922191415035,14.027783093106951,0.3985463660138822,0.0
303,18266.908731268835,5009.302362020851,2807166.4858665913,75614.00244893495,0.6733421872074514,3732.880081966551,1.1054140552109601,0.09354365541336965,6.508637912500864,0.15462521176249874,0.0
304,2991434.631684019,422461.2907956084,403525052.01006234,13466840.543845039,0.6723241858134286,3620.4203753242296,6.587436574353027,0.1461660851256898,10.523447908435147,0.3473649437459897,0.0
305,122331147.94627652,20749779.823129028,8928832988.849234,460023511.27249587,0.7380111453708642,3104.938731953276,196.39107380354537,0.09633326471405983,6.6893669171491865,0.1913199139974926,0.0
306,4614790.559839206,558460.6925984349,387736763.00971746,19808688.9424095,0.5699711557472878,2269.6679669580735,40.07864430494183,1.5322689786173054,34.90538202015681,0.16170280176917246,0.0
307,16455068.442092652,4117538.5036921017,344585297.41163254,43665853.73902781,0.7062067160429918,3454.9556617759094,6.029939194144622,0.10936011832359141,7.782688115889089,0.11120236212726765,0.0
308,119925.77647426634,24910.861460596996,4530200.6931914855,353758.8378576336,0.5988193158823162,3805.2034809828474,3.8698726716117866,1.517298965723848,33.74256701508221,0.5089297312677113,0.0
309,121437152.95466796,35305482.88574089,4099845022.5566206,350561042.7413855,0.7127979812928521,3611.7758385408474,8.041059241148227,0.11544062194540805,7.5773421506489855,0.09100899130874708,0.0
310,7907134.621419112,965727.7916679045,771729125.8385451,35073726.88834596,0.6436070266616396,3933.420849872206,4.375133164083937,0.0965076320378552,6.794665020914785,0.18557074901990137,0.0
311,8517837.301992754,619143.9652959757,2042965662.4455822,51942997.227360144,0.6554041675083483,3180.148584051177,7.504741301357269,0.1279510844155026,9.254529624077069,0.2654480919655725,0.0
312,103771421.25296552,75960688.55180895,5250467416.8530245,238336299.66833574,0.5201246293313383,3882.7656053518176,60.068530579580845,1.5410557081359486,35.40341640884061,0.296073676167079,0.0
313,7662620.076782493,1479721.6364353832,315783255.10618466,25171164.79409048,0.6588307241086536,3626.2212830097947,4.196374048404214,0.06614236875241124,4.951590050669888,0.1676964645432552,0.0
314,20912724.15385303,1486536.542191841,6281731877.379683,136730343.67357233,0.7442459275377158,3715.3209096063497,16.92477026695304,0.09267544143426595,6.61650018547726,0.3409091144485227,0.0
315,5259685.2636989,802595.1180779942,443288022.0095236,21144546.90980923,0.6090652055913885,3616.2706585374563,2.8130849080156692,0.11181338342053052,7.889411904658135,0.18130664289986131,0.0
316,13403.970704632671,3920.1073789185584,2294654.0989957615,56479.31562035014,0.7342788440983871,3647.6225540461223,1.1066339783022452,0.04766193364561762,3.1478289714932046,0.36653420149245164,0.0
317,1093672.185360044,364974.87967224343,29766017.673824824,2710300.0158149237,0.7522851790339244,3751.881770142426,6.38301921728732,0.0795192836871407,5.700149607130451,0.14371288435269458,0.0
318,16519938.012583017,6494912.693936174,461981487.77046233,42512969.819408976,0.6960229741524088,2944.1610669817464,41.21965917236155,0.04420533516478873,3.316154686820198,0.2422714246575287,0.0
319,11542171.007550295,3442877.296297499,396297151.27839243,32992648.198385667,0.7828744403808933,3510.7152140779112,13.241593855146606,0.12820582342595319,9.14018974702952,0.11290993333258707,0.0
320,16221218.184469154,2664965.1091672913,1119862781.94746,60881876.15514362,0.6856976019046784,3153.520776306685,39.70357222702374,0.1965042073953339,13.815658575875398,0.3565419744476757,0.0
321,9814496.058591405,2602622.0853939103,470984743.74942875,30466030.00851943,0.6578941538518485,3762.1518431781838,20.907182562053123,0.08370498298967304,6.13255102918392,0.21082299568822105,0.0
322,101514217.40889338,34944970.823258854,3372289016.168214,270855659.73740125,0.7127948101450222,3702.4679406890673,6.649291632764099,0.07300531233826266,5.113380140923768,0.06163419259453266,0.0
323,4000963.0025275974,2476008.2017021403,91496098.23007138,9176187.374228477,0.7412231027372891,3136.2997310362043,6.020305959337721,0.12833850769593785,9.417984506381085,0.27875323728328405,0.0
324,23454607.71648466,2108888.461688261,6731255457.422845,145063260.8226996,0.6805251515796589,3600.619897974711,52.180276446677055,0.21135150830783367,14.790615596076677,0.3569607981615987,0.0
325,731026.7803440936,100340.1287675924,87865246.1865407,3349675.704828923,0.6169309607688326,3896.4910921053943,2.070196812911708,0.12093278988831209,7.933146891841739,0.19561776564063282,0.0
326,31107.7245098996,4822.619010127363,6737840.818915522,159261.42471827526,0.6733029915230672,3830.5363763241544,3.499746686040787,0.7681840704543585,17.21412624028731,0.4350675398791336,0.0
327,1089043.9112880663,170341.08417385083,80200402.58009174,4262309.649327838,0.6944487561603986,3855.3656235185244,3.1465291550359886,0.16643586526616785,11.387583220856287,0.10654607607741551,0.0
328,55812532.65328753,8812809.873353342,3078411857.7995057,204151885.75086555,0.7405639197449927,3733.697718246568,11.687404989131249,0.07465734552921317,5.445403135236272,0.04388451502979644,0.0
329,5218.075524249156,1924.8738470469532,1331990.6239158087,25185.02298624618,0.6160591358330432,3718.2656949518478,0.7705197313668157,0.7882355283130076,18.48915215413413,0.2449024683277132,0.0
330,5909363.335433553,581531.5667260861,647216968.9832633,28070076.20376215,0.7756317990506736,3819.169556301642,7.72058972864021,0.03609553295153649,2.4652493077031847,0.11695696967322204,0.0
331,53885313.66994773,7724953.150716071,4472496645.233843,218306924.28333694,0.6368051697615271,3728.364581070184,8.450185861475981,0.1111138300898192,7.88634371318216,0.14367158083448006,0.0
332,285962.819982401,60241.92812239511,19509194.029921673,995133.6132284182,0.6682138920042798,3918.0424505291285,2.549740986401125,0.07346064108995912,5.4363282245447095,0.24190815792922582,0.0
333,9706367.65280509,2233580.8204055945,447858663.8046912,31557839.41438799,0.6888275124886902,3743.9434600010372,4.757463007574817,0.08650865856532919,6.401435142727502,0.1674012535508661,0.0
334,19172882.67053723,3281187.0828908086,1003329026.9053123,68560258.68805552,0.664599001083658,3419.9692141086084,6.657659729646245,0.12753932324140002,8.912546130417923,0.042471218984446044,0.0
335,53808566.0556314,11189470.8906878,2763646870.081468,185575494.15019542,0.7974055107681978,3861.1791018047134,4.000659741985781,0.08871262140756997,6.301064126112284,0.24239817108365577,0.0
336,11469871.55618729,1174270.2270591378,1778687638.413416,59714119.66535102,0.74975330202784,3551.308165283501,6.205929297659137,0.1424894539831091,10.116343607071618,0.2163724414057629,0.0
337,21320.94686095499,4112.289228650191,3059416.669004869,91206.67686632769,0.6998848750267188,3976.0806692940487,2.1535432556532497,0.09602073091083634,6.8616197595013535,0.10248131831400473,0.0
338,160161.37194158422,21365.268649824295,11794855.129963119,631084.7675455192,0.42634096255787757,4419.9358767565955,2.7617167934156837,1.4943316345007815,32.07357138251421,0.3562929435478524,0.0
339,8435.189876435414,850.5037352894822,1533801.3602735319,43111.7710985962,0.25632887343794514,4362.457878457146,1.2752331134041957,4.141995205821138,70.85922879551026,0.28942410082366643,0.0
340,22428793.04001268,4165274.191920159,696149215.1577958,69139995.15115756,0.7232326611878843,3498.3209636519045,15.42341905300795,0.04951906010128706,3.3936498607902665,0.17725618685194774,0.0
341,126078.35972659146,102802.62905221638,3703813.136762905,235334.9515769487,0.676010608985861,3281.3850380395525,2.6603249469377697,0.11184261814412304,8.029553636809531,0.24279354705531206,0.0
342,79745540.071806,10766212.247896358,5865275705.143299,324947120.3368956,0.5141899180971329,3203.4972139102624,111.66538166897789,1.5306193324980109,34.70991412891891,0.09384566868060111,0.0
343,1829930.9050520658,206020.8025273664,224620160.4473514,8685774.09942484,0.7365738655754874,3654.5789819409833,8.162049390517348,0.14144310755578066,10.232236933158253,0.18210821060644589,0.0
344,17800210.466240484,2869717.5984644773,3524730347.7093325,96810751.2086527,0.5569391027565397,3698.6347915524298,132.00766606041526,1.5317560588069223,34.29180108450502,0.24728553340214743,0.0
345,35594736.25563933,6958653.7011128785,4158012434.139866,155427626.55221072,0.7366462831231047,3201.4085484087127,135.83899960543548,0.0988274501633386,7.213245625523546,0.17502355287315177,0.0
346,45660542.71796359,8867303.36747815,3669502166.282664,179102312.91414768,0.6366400613574973,3675.1440185855545,4.152607501922243,0.09942844800257164,7.091132220777986,0.2651094110227181,0.0
347,54014593.523332275,14518391.855835091,2686064704.2609854,175355161.31062242,0.09194302480362318,3951.043687139367,4.50955905236801,5.451519341753179,89.53819798339359,0.19382035877868622,0.0
348,51958.372462789775,5447.540541263535,10659961.233782321,273679.8865538129,0.6352881187242743,3671.023525723186,2.0062696832381426,0.8046112725922271,19.884639246944687,0.35203970829775605,0.0
349,1768444.4630180537,399807.17666082765,78584942.03806913,5622935.145769675,0.6886313488245266,3606.190076103789,4.762715387874705,0.09888041330461661,7.065810660075067,0.17213730617547426,0.0
350,18287311.98403073,6192351.078493273,995021795.9339594,61027576.27298548,0.7147999447772054,3434.5181683523456,14.57753691682516,0.08633428953370492,6.164751856713181,0.12843065264613032,0.0
351,16672281.186510777,4447656.540353881,669929247.7128484,50522887.735816024,0.6544222261881625,4115.812686715173,3.4666723773222468,0.09673584272053581,6.673017504183602,0.2898938934291783,0.0
352,4611.1883513109115,443.47517717951877,1667129.2535204843,29211.60077458951,0.6408444414801283,4281.531882180219,0.5771419982321075,0.12464918544816639,8.4819531808841,0.3338766440881785,0.0
353,12699843.06799321,730111.1877795139,4890138472.340776,90297289.22322543,0.6927409060608559,4295.987303156091,20.32425794971619,0.22017707669865674,15.707773125074553,0.40849155884899746,0.0
354,75821597.31514314,13556383.290275669,2485305945.386342,240243844.4101492,0.7232499376588295,3750.752857028737,11.70216120080308,0.11590555784895899,8.214415468606964,0.06920915283021281,0.0
355,3188173.277625518,337650.1623994709,338012723.9555454,14759792.77898616,0.6134489920120517,4150.933302160058,3.5522068935574915,0.1173290348676792,8.726460974742903,0.16180946196321375,0.0
356,4737.6866658274885,657.3835325185871,1639885.2485412494,29075.857104750972,0.6754581101723618,3691.585009581586,1.2876117157126683,0.10007940370140007,7.168254366484044,0.24420955119884766,0.0
357,6092367.28779763,710120.0408807456,559225298.3796461,26305896.39013484,0.5457136495345425,3340.6288331476817,33.46829807352996,1.5933068079566635,38.292594279893436,0.37829415013368173,0.0
358,6290.449505941428,912.5789334482433,1371745.0626010331,32157.119667855743,0.5865853077222021,3772.2509444386237,0.7262291394557205,0.20229974722082505,13.531637389083585,0.4225825301675778,0.0
359,28953777.475286197,10808859.54376057,1894764361.3759494,98727435.70221432,0.7498802420634774,4021.5327326077577,8.214713373308985,0.22486133781955592,15.248371557409417,0.15350750637436122,0.0
360,8226785.491765181,2925251.462212845,167885679.0681609,19594819.68459406,0.6987402477810883,3704.901519045758,7.296547905231916,0.15529071994418073,11.198990086205018,0.2986588453814708,0.0
361,3585410.1867580796,453085.34243988094,304973263.8507778,15238969.293147767,0.5909581137960861,3578.710430670583,20.760182170959258,1.503829989545768,32.855546059931406,0.21833913355586296,0.0
362,6694.346500296086,1126.557994784793,1665385.0658482804,35281.2836586623,0.6334152193746397,3684.5717574282303,1.100043953117255,0.09939173901228804,7.015603613933644,0.2835257638544359,0.0
363,4637896476.684242,1887004263.2362113,38122588864.70049,8681057521.080446,0.681698963912852,308.4654829931673,19.48525739699628,0.23906962834995707,16.07291053972357,0.042875512595876124,0.0
364,140973868.1155598,19667580.527543373,13212722897.64376,603424530.9300561,0.6183738866352556,3990.504302982051,9.76952440851941,0.8038379352487454,19.933425289316112,0.20299883761716048,0.0
365,10520272.174633559,3273692.6355746463,381556475.201674,31133630.124448963,0.689427348134392,3601.6857365784126,5.547421810472843,0.15102165356664346,10.355989149055283,0.09450556476452623,0.0
366,583398025.8540634,68678091.33407632,112665620611.06067,3106262736.634639,0.6851818695278004,3248.259520179721,23.303940444436492,0.2501198479286056,17.36876603989814,0.05369590793539484,0.0
367,87503199.78662595,13510424.540152889,7981292598.19102,358787067.68575275,0.6393841917111844,3850.550868776588,8.571277164705636,0.1414170500407578,10.047247342997611,0.11290193203977912,0.0
368,5080979.681156123,526476.7364022731,547695960.9136616,23476373.94066863,0.6469486631752703,3714.040532716368,5.3706802121271355,0.07843346644041542,5.641483910359343,0.37065259291800334,0.0
369,2457206.8104211497,508687.02617471444,115573270.84989527,8047301.5278914515,0.7052144395600913,3506.8353280292267,6.121501649440049,0.11717936259121346,8.659320853765106,0.20886883804820922,0.0
370,27533307.19745642,7478148.821379627,1569780703.9101443,93319493.98900446,0.6270667945139593,3666.907207485012,2.9846935994041717,0.12155748376959652,8.3204986649439,0.21326523088902535,0.0
371,31489.115210757318,8402.810331607003,4838753.33198729,134142.9073760119,0.6879093733861761,3776.590605869581,1.7707653470302636,0.07247250925743325,4.8958032416340105,0.023857332263881082,0.0
372,13871.182773224014,1296.294595461567,3537039.215951464,78782.8050572285,0.7014994912111597,3987.7172690074844,1.7936651036643847,0.12723923429221307,9.154158336332845,0.11992043422017577,0.0
373,4040692.370067849,570777.4035817562,235736462.41957083,15309593.380502427,0.6095742596029625,3083.1688589220134,16.163290218174893,1.5115161338799337,33.301154392648044,0.10800239566472568,0.0
374,20004.608902499804,2640.9750437638913,3942597.5780373327,102258.50030522484,0.6841658923254644,4015.1743527162052,1.716794173910174,0.15002096519257976,10.35040926844783,0.22963689692094807,0.0
375,4993.417398157902,1085.0808345205437,1267745.422312584,25005.478003942833,0.5176166677787738,3501.336804755927,2.142514585778741,1.5022864722945422,32.4510499954196,0.24131764352949409,0.0
376,10744715.131835803,1683926.7710780345,821484633.7796562,41487971.416522495,0.6728953913312006,4166.716887218547,7.160694723527518,0.085927737632802,6.26301935975322,0.03591602130414356,0.0
377,5938043.1779359635,1855601.1469792197,103680185.38644598,13905185.921880037,0.7088462431478906,3812.3811066633207,4.898595679897999,0.13306471947380533,9.279109734395977,0.14715110883110605,0.0
378,26083497.703734726,6677607.258728879,498855296.55045766,65733490.87936409,0.7235849263598249,3289.751220091986,20.3479381798149,0.17294706392159825,12.27936089440603,0.2629679877986302,0.0
379,1557.2534638926832,314.96101472065544,587965.1150103147,9502.75978740934,0.2209856461621953,3704.7113458582526,0.8620118445031,4.186694908666973,74.12262280394394,0.4320104280306676,0.0
380,53396362.852294244,6733811.751711635,6328663641.366083,246681620.33620661,0.4561396667444308,3768.555507054871,63.812395678110846,1.6177269248013517,39.54527704932034,0.2095886174378168,0.0
381,4692481.82252716,1000701.3470394826,221172110.7157394,15376388.643291753,0.6738802312421711,3807.919694528379,8.612145794406366,0.24461276247153413,16.905620125824665,0.13990710115768895,0.0
382,37384515.04477599,6147741.630172005,2329586711.72169,140090019.86426762,0.7005287737836887,3683.931953809755,6.78645899174227,0.11476427768071282,8.01109082494391,0.07869595978563741,0.0
383,6550805.049708336,1397510.587456711,169627193.87316042,18903160.25985818,0.6824868873178238,3881.984596264904,4.167976690148609,0.11703414643444984,8.70061643064862,0.08731975519833289,0.0
384,17192493.269518055,2935392.579843831,1464540615.7313666,69032560.91658431,0.6758120672052579,3678.1970334452108,5.611478737569551,0.026416460780321317,2.0255955471268523,0.14912237410008225,0.0
385,8457969.662399583,2090311.2386957952,599336264.1249986,29022944.49887682,0.7136112931391967,3063.1667379881446,61.48892410352907,0.08555453757840255,6.307332121359623,0.25584083108619626,0.0
386,12560.24402292733,1365.5299525982962,2250154.185685185,65239.65413599632,0.40764666644114766,3875.109630212056,1.6002152246689307,2.228790949910636,46.965122701105095,0.303199277622911,0.0
387,3467685.2417517016,473645.7601927385,208817206.3466149,13346427.311627604,0.7376837746978502,2703.199801298729,18.685166731473753,0.17051587812583896,12.380116840011677,0.3598376578457754,0.0
388,12888645.760214109,2525238.5227731126,720745158.4983456,45606201.63675313,0.6755868874110582,3730.18911826108,8.9449551142389,0.08282400493431111,5.9150239165883605,0.22479954487815135,0.0
389,28089662.824514527,3485452.5964726107,3348963815.513792,131532362.92619538,0.7211861526331338,4117.862372471925,9.724620957850801,0.18113789631591476,12.905189710015264,0.17741162977782035,0.0
390,4099.336478931477,1958.6107145394417,646716.9734352224,14305.028558472884,0.28166418553891176,3658.5034543706106,1.2039237104905867,4.109246959122052,68.92036967552791,0.26172499225496443,0.0
391,10160109.261880929,1826157.343869292,847812619.8307284,40522632.64648624,0.6821717563038022,3530.4865941355047,5.532683349301287,0.11998556547664307,8.168173885641735,0.18422293796623787,0.0
392,125201820.49483447,27535637.85951107,8531492661.691261,460090195.09908277,0.6298089438464771,3951.7753166223038,6.647264013505664,0.7716925505904809,17.121216148404663,0.16034941263269847,0.0
393,9327043.638734743,821840.4043308382,1432080432.9962597,49093623.84907556,0.7966656124142746,3072.3837133253783,58.939690219045644,0.061672599842106914,4.70504077821064,0.18917117788541052,0.0
394,40659518.321538635,7190163.137445541,4597965260.126964,172653955.76605028,0.633099359816961,3598.9390749856902,3.808370155570086,0.12311267047707179,8.537337624817427,0.14200790248095607,0.0
395,5531557.224556281,604651.3220632726,709135721.9020762,26664727.562902845,0.7193015541861507,3339.340288778911,8.766336928545382,0.09843472426811033,7.079019113362925,0.16081092418898832,0.0
396,4200143.477313048,578997.2897328966,254860970.21395215,16151951.193163449,0.5477146967820297,3493.5012085228773,9.628000976134748,1.4945728029254313,32.0345686928449,0.11429193827690794,0.0
397,5929.652369687496,5174.398381578735,523301.8313643475,12805.576778817374,0.5093424433952027,4091.2519730581525,1.0042283983326958,1.4318185126654446,27.52843092779339,0.5191876238824757,0.0
398,86577067.5255306,29541706.40853011,2382543334.4035797,232856622.23830098,0.7365629098240937,3151.577360938681,41.418587368228806,0.13421246260732564,8.765117548949707,0.07235527022175263,0.0
399,4488379.053200124,709838.6053846608,232871289.37684005,16269535.558181878,0.6261433520840317,4187.875299911807,3.7743149160542155,0.19812596718637768,13.835537925409758,0.18034437335311646,0.0
400,13755.429549971945,1352.1234097006088,3434793.6669163303,78173.34027789517,0.6530376725564098,3421.8637919447447,0.9864618894344473,0.11044036325285286,7.710652679619505,0.5053635372083181,0.0
401,890535.274861069,245167.41401141457,44832798.23779838,2762002.8334642174,0.7143098335549427,3671.2280571802776,4.68444273900143,0.04761439782956769,3.6017560480213007,0.12554866711123203,0.0
402,23684162.28763502,4079022.392002783,961905998.6784201,79101612.21228483,0.12055551833206579,3677.2813488007196,15.912937902838733,5.508421704805906,93.89864589922516,0.27495923029282143,0.0
403,4046058.038972486,960631.5888942878,133511765.89999065,11620795.436826002,0.6750818956143008,3567.341174060194,8.977200924417263,0.16031681069580567,11.769476962781336,0.24771498256744987,0.0
404,15651266.489671981,1378563.2279963135,2310765546.2558694,81573893.38674383,0.591002574991233,4086.2055434624253,7.147042944703408,0.14169235321291315,9.480517011257122,0.15502159655795203,0.0
405,10041.954366577167,1564.8416000955262,2471260.844884071,53660.824126429696,0.6505466317046343,3464.683355421642,0.9018634796772804,0.0898384748501262,6.188636886344769,0.27892739362460145,0.0
406,5501.939977615915,868.7188680950776,2243431.6412690417,36276.61528122457,0.6476384305280376,3653.7906408015115,1.0780376699374328,0.10952135540100771,7.466904249436574,0.09551285694308989,0.0
407,79319416.0240872,19203408.314774342,7202869392.919174,304324968.7513326,0.6961716554836107,3503.4908939954817,15.993812297491159,0.1694876523442371,11.486181377299403,0.20102964155950798,0.0
408,338065246.8844693,56649812.07682736,26584568584.100426,1356074919.572737,0.7634681426637514,3342.593939372612,129.38451920096117,0.22394354640931038,15.970408003900848,0.034461952689584144,0.0
409,16590383.34647051,2793924.0538085084,1605383279.7711565,69297453.13065511,0.6534504438591231,4201.535577969344,2.716066736388956,0.13472159970670425,8.935301433958555,0.3195275164463285,0.0
410,80074208.39296213,25791568.39665185,2539686424.0140696,222727940.91891462,0.6729726541367453,3320.7498883068733,9.731184514725747,0.1245072822351541,8.674019888243128,0.04921536539162472,0.0
411,155033805.44750234,10915610.046608927,31751146539.349525,912851948.3745279,0.6476129513569072,3905.6921861968717,24.71811650974905,0.03387387310332475,2.5533291304296086,0.18107139060596977,0.0
412,72642225.81229268,23960166.183756597,3923510095.4660583,221081296.64366284,0.7397794268023145,3233.9392079199415,47.35172377198541,0.09274989455305951,6.7984099881147175,0.25677603032059826,0.0
413,7056.387302810093,2321.381150515507,1321112.09901243,30073.67487996867,0.6335883947910546,3173.436934583219,0.6166731070873069,0.027639894856584225,1.755995173757634,0.3414280797112771,0.0
414,23916195.863910615,6618307.660875838,869983686.2384291,70892521.9050661,0.6938706668773695,3633.8259556260064,7.31269482678857,0.09967107123197314,7.131444984377173,0.1113722054247007,0.0
415,6241577.182449766,1196676.7852048653,441918440.38186944,22408820.66770158,0.6541559109684865,3958.621923198203,2.216987355777557,0.09890005777500041,6.994468935493485,0.270459091622651,0.0
416,3640.633344214845,739.754218472294,208960.01202636596,11421.356071279031,0.051208413857481136,2617.0081656165203,0.449746943562845,2.699030118890019,42.79444394916602,0.1994842398868774,0.0
417,20737.95665037331,6315.376232967292,2705018.3188085887,80960.12994006419,0.5954939248692922,4111.140617783929,1.1357497099390141,0.1682968734349907,11.960762800997188,0.209887077865461,0.0
418,10046035.87917731,1396446.1557000703,822393956.7923206,40807633.799231924,0.6633491261588996,3360.62349208867,9.260066354410387,0.15332192606333478,10.947524318325257,0.388052707441917,0.0
419,138646875.41689888,19734580.537824314,9700093294.951345,547263266.5308807,0.7105439193386605,3918.6772687334224,114.15386745304089,0.14329725520555572,9.532865679804303,0.11287921185117714,0.0
420,27634216.469643973,3265541.356423564,4804113018.600331,145810701.76977175,0.7112007269655332,2977.72169611808,140.336264746401,0.09776726625189447,7.186326598138942,0.17424167295743037,0.0
421,197775.80925603543,22445.816531375935,31723588.2828264,981020.5826082727,0.751238662983071,3762.558337558642,7.017731625483688,0.21215272453136694,14.844835618658427,0.1486091909958184,0.0
422,12484259.19229772,1464201.6794266175,1737005620.2664952,62181754.37236408,0.7088952969715246,3608.630275984637,4.609393614655509,0.1086034103967977,7.41337862688578,0.3764889462741309,0.0
423,9354280.689852279,1445056.8749175945,708078723.0246172,36814272.09404909,0.7227243924829343,3731.99671742656,24.15556017816575,0.7861665696361366,19.07572185585655,0.32588569638349646,0.0
424,8152084.08632095,671424.8421723421,1315709434.252768,43947476.21248548,0.7543730646375033,3710.2259743311265,13.93439279293324,0.06873006118611329,4.87220835452752,0.18551322118897853,0.0
425,778717.2754585054,139353.49167474854,49638085.6145163,2887838.7629125426,0.6875012393912466,3924.0871519400553,1.820747766855746,0.11768196292442124,8.248467098184861,0.45369013848117,0.0
426,9894293.859417625,1825684.2444994512,622558516.7199491,36334120.292332575,0.6726389092029631,4084.331133040366,2.653216371549276,0.15588522202421445,10.247756903797763,0.1251368254727888,0.0
427,7478.021063605021,891.6110201202564,2154158.242103752,43137.55262795115,0.6681030779526822,3677.6669817643606,0.7818600695092571,0.14367005724498022,9.355135763352035,0.055878423188163905,0.0
428,23068365.81404856,3042239.834884294,2920624331.3393087,108064706.05741754,0.6658716127100959,3958.8185656148235,3.781237245166215,0.10009362064324323,7.081957954915749,0.22950793964644225,0.0
429,2500436.165664901,362701.8665591766,153007909.1240756,9573995.278399225,0.7068762794288551,3047.207335343267,9.213550975156544,0.13193944198498492,9.001427469414377,0.2513485864193145,0.0
430,4967.972297213903,1239.6522439512034,1307405.219098114,25774.833373184676,0.48350561520618884,3670.350590323526,1.8875048398130432,1.640018291395619,41.36841839139925,0.350199123548115,0.0
431,1594501.825332764,350348.09089816344,65924028.26093117,4758943.0777747,0.43383778903745657,3195.4690567491134,11.276346329705785,2.7011008092174023,42.9790926739057,0.3191018813606047,0.0
432,5376904.425633989,1092925.6009881492,165980379.65528357,15999356.927372765,0.7068141594309205,3707.197990177909,12.688043264571983,0.1258314347385781,8.220007584071682,0.061210781250599804,0.0
433,11282.575355418716,2392.989415862736,1656977.284138789,45536.68680040467,0.6269260990907153,3910.7869539939193,1.5119102630074073,0.8317859867370329,20.988264440977204,0.48854282819325884,0.0
434,42351677.15773329,7223993.356481451,2646957781.470278,160400410.4451611,0.6758776720539925,3533.445873361203,5.803608373865908,0.1456451822049442,10.37347962483706,0.05756877855713685,0.0
435,7304.44578627818,1194.0271459401088,1930362.4641315944,41358.046863509866,0.5659885679593225,4016.8456956012033,0.7295927863763565,0.17731830012666555,11.541301028080396,0.2147007199646534,0.0
436,16104088.383172441,3512424.2253340655,688410441.5451146,50906472.887561336,0.540072448154131,2720.2538863631044,71.15410912193617,1.5095597467618713,33.42018107981882,0.11768550176920586,0.0
437,3273339.4993521804,463208.52420883003,380408469.0610453,14258064.477901781,0.7280195662523559,4094.613287031628,8.722319105176338,0.17356255047108843,11.97300271156643,0.45150093436610705,0.0
438,2704775681.833325,1340750500.0325973,31742248131.66941,4917180109.255486,0.6983084258773554,1214.7834791161702,257.60495674175706,0.11372013978567938,8.187676097193597,0.0776988663938152,0.0
439,12063545900.229044,2475757374.947751,460124467273.2132,37894645568.96614,0.6832287426240244,529.8442348317147,11.542706314290708,0.11575803143733543,7.257862872632295,0.16841725456136702,0.0
440,6528.682880739066,898.9297931773195,1913591.173737193,37147.20515687847,0.6502137882020712,3706.4766153717565,1.3224224941392375,0.16116272507064747,10.917267734068657,0.3301623568735299,0.0
441,6718286.692387158,692212.2474643181,845736762.7144091,32533539.016833812,0.6114950459120584,4012.9217888265043,2.829500892237503,0.10705345105326351,7.541724095193162,0.026123423235013116,0.0
442,6913.700570384177,1600.5911376437448,1715578.844738795,34459.58268763104,0.6503076998874341,3767.2051366809187,1.2760941027927428,0.18556728771432632,12.089724482668684,0.2983241413769788,0.0
443,11853970.523684453,1586997.6792530494,1302639327.3228698,52924812.181430444,0.6172598080446786,4174.910729134637,3.75273944403559,0.305380775576286,19.573065535417356,0.13554802591384976,0.0
444,4791245.720886483,800806.4371208329,277607078.71525097,17774162.87289444,0.39432899547053596,3984.692203064376,2.3273676467998206,1.5359971101891827,34.78909575482261,0.23725990695802598,0.0
445,668899.4535722601,223527.94193440257,8953824.529791368,1417625.4021864475,0.7387799578567839,3357.385902210407,5.114993678269169,0.040249059729577485,2.825612323237766,0.1168525822127512,0.0
446,16506121.936662834,1612395.8128724545,3095552248.335451,90396317.00875263,0.757905643968954,3557.052710895843,123.161129697946,0.08974826625160084,6.7252248997632,0.1727951504352491,0.0
447,97748145.74587116,9602750.958376054,14159382668.149225,500267323.34479773,0.6511829963870397,3566.678741177605,14.454888047495349,0.17972978028856534,13.036436187352587,0.24056562359760725,0.0
448,35529.05045829258,7601.166902523665,5566043.546445997,158964.23396936498,0.6458831761055056,3414.400808052307,3.465395854796886,0.7976900942314684,19.46700182260185,0.12416903021826345,0.0
449,202638.43313202093,133238.7146813805,4860056.689287211,359091.39173344703,0.6706562468843945,3949.5841684354796,2.750653896476763,0.1011723107907236,7.205342034377033,0.19751153991893686,0.0
450,9319790.957405152,527767.8522720097,3502174228.209577,66303235.87301644,0.6842016781682053,4290.717987163557,9.517722582121198,0.14480789708938477,10.764813010185396,0.3891789592954046,0.0
451,17314.593656199922,3544.277622942561,3737524.173498486,84182.30724122204,0.6727437689570686,3574.01652774944,2.4526713482383706,0.16602971194527658,11.369506341605527,0.4480481093045955,0.0
452,3468498.938945821,469881.6559973386,322251597.74554354,14687378.859100044,0.6424021869522998,3825.2666312355022,2.96698630179347,0.18041666234311862,11.91575093885461,0.16640771209495403,0.0
453,40934785.55012034,12264203.173707755,544670028.9487013,92446163.05697878,0.7498587891184696,3501.9993617888704,16.53178522113028,0.09014913913659761,6.532647054625052,0.2119489420398706,0.0
454,20187875.689608667,3851408.4289965676,1298369716.8363452,75462149.29747072,0.6592917212806537,3682.1626409321125,5.876595612974879,0.13447626003313093,9.383933541527984,0.23195422199723412,0.0
455,28325.546187645356,13781.201178141655,4256686.226592964,114019.79126372884,0.6507812360039623,3720.2311451649066,3.4104183735271736,0.16724001389962026,11.32895267037528,0.1573882974557174,0.0
456,99156702.96919611,26519687.395447947,4135177651.1433306,295631154.6771808,0.5633023397969933,3942.3844565961876,8.174788664538507,0.12356561566355691,8.37753888535796,0.21651722506853743,0.0
457,11409329.486100845,4545619.863402935,613889344.7208362,35249801.93957397,0.616013095474706,3731.581822210809,3.5597657049738247,0.135059794657451,9.311404639086366,0.19998532655295587,0.0
458,3157.493973415705,679.6871290422597,993002.6908202937,17742.953093020467,0.6024245778273593,3678.7177112607123,0.5692986938149296,0.05779260899562564,3.842949006883393,0.38398402056514147,0.0
459,14203.409008771221,3832.3611191726654,2326993.133886694,58858.39479802211,0.7441629826304565,3692.098511359567,1.2190065421603307,0.08381273871027464,5.74538524886799,0.4428286523406405,0.0
460,32907216.54257893,6544486.138540698,3708901503.0449114,143106289.03410465,0.5917604203816124,3752.8670753998204,1.3855626453957157,0.07746660584567647,5.380997333142756,0.14907356663326943,0.0
461,9827474.534051675,2353068.330736489,1424951597.8287375,45620877.16397646,0.6988112955311859,3379.9099895974086,80.56990915870938,0.8178827958989942,21.117872207351635,0.2808468520059837,0.0
462,178770.4633236716,77692.66098634803,5902747.225329177,405409.4670863689,0.8081902288208619,3279.118973401702,11.527471483005433,0.04047535718518889,2.9486852732216233,0.33859547992919503,0.0
463,2393233595.3387284,225507283.148914,329975100320.42426,12051268595.063732,0.19260526097162675,1700.619332084719,28.78254531914313,3.5163971279620414,63.9279916069652,0.23142137429755388,0.0
464,13752633.223584464,1071407.3842983586,4326072505.614002,88995128.23074648,0.7200825738005696,3468.064602675643,8.530332178423627,0.8065220656905462,20.029186336699013,0.3627560261079831,0.0
465,13550145.140095819,2352878.290172845,855123767.5288208,49257956.93262807,0.7100657456039482,3367.2434458995713,12.358343241748543,0.15896172981833373,11.343393193496766,0.30510710593248025,0.0
466,127597574.0016317,22999492.436917745,8625577385.615265,487835334.9520917,0.7447129293987926,3632.689258892622,10.762278737481472,0.06939708463613484,5.143679442282104,0.16256371661013383,0.0
467,8196498.023536852,2103523.6373710404,271780268.9818178,24266336.943710066,0.6931120834808652,3488.824602884155,8.438793618003757,0.046408959836407956,3.3944808211495983,0.050100474420875465,0.0
468,32242.125477344358,11993.585916305521,2666807.482469453,96870.44590826679,0.7624648932659038,3595.1808993849336,2.877397606060858,0.1282885639508681,9.30066874845596,0.4040377105904403,0.0
469,23744617.806280743,5416608.529608599,3936101578.986697,111025766.88065429,0.47770273854915113,3376.138727970262,22.659394100185892,1.53389080050078,34.296540479197255,0.42145007821651875,0.0
470,4432268.61477984,791936.7515008411,297510138.6357291,16578149.884018296,0.6348274015924569,4214.618371328472,3.0247344213717144,0.0916045384749821,6.5223157256636695,0.0849193256748441,0.0
471,22614.154049054116,11360.991075324084,3902100.6381744654,90174.66850254755,0.6381769543963346,3434.210085467318,3.2493803865920348,0.1768381810994673,12.01029848796001,0.10625161625583304,0.0
472,399303.27250346594,99910.40207515511,24249749.773576345,1357900.5691424941,0.5929908491265232,4003.3579279853484,2.233791099286857,0.7287229721402186,14.537342100547255,0.20956518569922475,0.0
473,232430920.12055746,107445795.43428302,8109681382.020477,568266053.6479046,0.7018803835062661,2685.8723073777055,56.34521346680268,0.07576527316600856,5.575517685054946,0.27298932029857426,0.0
474,5276945.647147556,845188.201882901,353313358.9370838,20213872.516630083,0.7723264397702491,2780.6539744820393,35.96025732304258,0.1318568583646454,9.557323760825167,0.26194275458227295,0.0
475,5644191.95558512,1870248.5831672973,211237496.812334,16636905.96163455,0.70858473342144,3683.2441146344595,5.774808423391843,0.1679763113537403,11.489239767133453,0.0780815214050354,0.0
476,6598559.951621054,1163531.1267348079,395922587.8365582,23791135.831575416,0.6291486958627092,3655.6811593652938,5.115028190045869,0.10450521182303012,7.324457127796448,0.148400715350386,0.0
477,47401661.67739085,9744727.87911631,3479980129.6119833,178954294.57355022,0.7995363928734631,3036.7579144416604,142.54273048356373,0.17917876094138493,13.099070681065944,0.22064759030417605,0.0
478,1077651327.6248252,256077078.7183907,50287523330.45552,3348733663.099928,0.768214646303511,2384.4841099677587,212.55057265987335,0.03670502614909239,2.7795357665976015,0.026237634081056345,0.0
479,42440669.2703251,9816752.796848875,2931295176.003779,150832804.91543,0.43099452122383947,4314.383758737547,5.376463554822189,1.5148468824010575,33.18943559405154,0.39404018690204257,0.0
480,66273.28970766427,8700.088508023222,10071125.532623004,311884.66639458865,0.7503720609414228,3924.7074378531624,3.4726231318478233,0.06701822364107439,4.702275256402824,0.23806574108348091,0.0
481,11122693.027037408,858523.0931771863,3360404249.1544676,72327996.89450434,0.6897276639932092,3310.0364247278476,25.93214245025673,0.047435251779365736,3.4955239358475496,0.12551822580456218,0.0
482,11028735.392633218,4375829.546593883,608099810.7331009,34360426.61411761,0.684831937463583,3497.179976595493,7.58143458356031,0.04902708710035979,3.582027164072014,0.23336510266799176,0.0
483,12413.188869582238,5144.919869839533,1817474.2445703023,44794.51889363617,0.6617233933999244,3534.13483860628,1.3794568681605077,0.7600121618625463,16.94965036683714,0.0940856934194636,0.0
484,25228576.032995548,3673205.3384235925,1474224525.4353805,94709240.01822343,0.6683288148347033,3277.150676213331,25.767346647380354,0.16005812415906578,11.234030325408032,0.15549220171364675,0.0
485,3822.899276668475,666.0803305093052,1200743.4091690343,21291.21086367022,0.712828759179627,3726.39624491248,0.6634086510763927,0.06781813986164051,4.855162246304317,0.15134929196331684,0.0
486,9558169.608928783,3412200.980006489,133676409.45753756,21086076.99158057,0.7470411076941387,3251.3801323436064,47.3064906954286,0.11742813126859009,8.297902911145428,0.029474347045530026,0.0
487,34024503.21244494,10175217.881844975,490158881.6992421,77347173.24466738,0.7555096203765872,3430.8470400465585,19.323342258259018,0.16127522732198063,11.570669078249928,0.3234298963154263,0.0
488,56555653.660700224,9131158.512552328,5608668431.006147,236637969.4787367,0.7283449029426253,3036.5803127654854,85.79453136835936,0.19073590153714032,13.201839596387012,0.1519901789319598,0.0
489,3867097.777599941,709583.381865102,145720496.08555207,12548993.491550706,0.7462784697700796,3669.677542022221,8.441644910541845,0.10381972605270925,7.678157879620211,0.103748201271497,0.0
490,10508958.780054856,1125518.2152464627,1244299931.0148723,49540688.59969096,0.6085819540805305,3836.430792203493,2.2462783958007084,0.06971193839728729,5.183304769571576,0.23407578723394587,0.0
491,14773122.597393457,1880042.7950133136,1416244943.1746488,63779033.94906564,0.7264617188857302,3509.7285153941903,22.330748851190023,0.2191099738098088,15.724787890386017,0.24157822171901663,0.0
492,11104221.724320468,1665136.884913445,1027639650.4761069,47590266.33075023,0.7014506710080531,2933.743798926832,70.96020823344142,0.12463738180957806,9.359346231868773,0.12370663604430525,0.0
493,249189.98757387573,36220.87521726834,24435996.521033693,1034044.5580753749,0.743692609750916,3951.1313059561417,3.2712399741931515,0.07213488622958168,5.365307861673635,0.5270979970120664,0.0
494,3748141.0626960187,824036.6600143423,335103114.4749046,13166678.120600414,0.6518476092321193,3314.1616278327124,7.292623883876735,0.09990783595755595,6.588779832488548,0.36743956028960234,0.0
495,41339.02819006629,18657.02348985518,3351081.404584543,124576.76227963813,0.6913243644108826,3806.294062078441,1.5343509417469654,0.062124583830795554,4.267168342108232,0.22731870576741459,0.0
496,53296759.224834174,9636618.771438252,2779458763.2730904,189678340.60831833,0.6701463349255781,3712.1987252753634,8.498704567659509,0.10520553753418457,7.52536236926547,0.017039670703257185,0.0
497,322416.8458562229,25914.57129231306,62842856.88397159,1804520.9807763915,0.6740023529936862,4098.792033178917,2.1078390059751033,0.11717252224828148,7.425054811815845,0.06387644200955148,0.0
498,4045081.567603419,536077.9551477754,286031846.4809736,16313920.25268432,0.6785906960272723,3188.514941351681,21.819424567832062,0.10994870864704068,7.99682282100556,0.3192567096210175,0.0
499,123819711.44430783,18031427.19438715,10022489155.372562,512387271.88410014,0.6911812893240612,3813.3339458371493,8.585331228782483,0.15218184615885538,11.04399053810116,0.08628000997878364,0.0
500,42397782.294598825,14264101.595851649,2694067363.762518,135222583.0819226,0.6263656700806026,3814.6716865237922,2.806252679709224,0.1514541885116068,10.169291108965238,0.056849103660158745,0.0
501,420791.8827049051,49370.176479173344,60927250.0637887,1993928.3506256416,0.6532984162362041,3705.902803141974,3.4393348320413755,0.11679326285140892,7.925892978333723,0.17772618890992492,0.0
502,17646505.754620258,1811049.8256928273,1790123956.4799519,81705441.28717588,0.7054460297228887,3787.3068551273054,20.54551986751627,0.06720668510470365,4.959286930831044,0.12302357414659738,0.0
503,4494669.980481287,532858.0868321605,519177798.70786124,20574496.826550573,0.4933774390795513,3334.767755330481,12.98781459761711,1.4455762403533283,28.46017146929073,0.22566131929048533,0.0
504,211709354.71085677,54480021.7332705,4389256621.699846,549303840.7098252,0.7173500803654687,3841.9427936430757,19.43776408710145,0.10145520863763932,7.370059299190906,0.04559790793430974,0.0
505,9800359.071737573,1261442.7957296954,1146744345.7093277,45064975.18115317,0.6437684911454358,3557.233891191357,7.679393915000355,0.11300915138623698,8.144658324270308,0.20260334326179458,0.0
506,694555.1733921308,177858.0742409941,41183181.39570246,2290181.9934332194,0.7143861723790164,3761.215566429435,4.439616783787901,0.07615699426815273,5.721580045982987,0.07670389567038434,0.0
507,20240487.11721704,1886559.1700884767,4762812659.416972,118218263.71470754,0.7887007250021564,3046.069623110729,68.13571028340962,0.029303031914265178,1.9411355162615975,0.23444473619948367,0.0
508,1381310.2736678876,393629.9513394591,28139181.67625773,3341806.8178139636,0.687349280916612,3921.208801641318,4.978798806881669,0.18976915831267105,13.53387860085451,0.09592099442296881,0.0
509,13972053.094580438,1069957.9424142796,3823703393.685701,87091605.54665914,0.6966284765201816,3309.385004654381,23.063557144655846,0.13098308640031905,9.489262461703445,0.3229730295059724,0.0
510,127417.28982940735,36021.38159923257,7287763.362967345,375428.48756803136,0.6854923130680319,3936.414016755345,2.2835968404872866,0.062222382903541984,4.2696623788768395,0.15661960728341578,0.0
511,10972746.49196609,4790714.373943246,584952731.2132583,33460551.548802514,0.698808563325733,3465.4125426195087,6.934094161839436,0.07031394628274006,5.272283474007935,0.09223600329148013,0.0
512,40213904.82831049,24788893.39722804,677229000.7292434,76575631.79498005,0.661753102576047,3925.8396467760804,7.322371456540382,0.754050705928627,16.52128460197786,0.13475831666366572,0.0
513,14474223.406295996,1042821.5676308625,2849059999.2637444,83974591.5896568,0.4983419703728405,3951.9490370134617,10.671877726905443,2.1919753671535416,44.4044857855373,0.20197877529249073,0.0
514,45568194.81609811,8003483.47793624,1800093955.2472007,149671692.93280703,0.6900643916163726,3612.662879099527,7.4252301203926665,0.14402427680644925,10.078087143986966,0.09871223936749694,0.0
515,40706385.30767614,5922340.085138963,3730531884.1336837,172707888.3159547,0.5030779755757842,3271.5674549456085,115.84318581624119,1.4889238816072978,31.77338681472627,0.10141985315922418,0.0
516,11356242.347462703,3558443.51006639,278400876.3352597,30509141.137815587,0.7619585767496948,3373.8564125293874,11.73130662092192,0.07176908725906453,5.333268862075545,0.04421595415035518,0.0
517,15600.879036839038,2982.491966963868,2895653.784831867,71505.7702621878,0.7003882646968312,3527.2726883541336,3.46217553402028,0.04545324621171822,3.389562572322556,0.15171391145109386,0.0
518,37133583.98672462,5052149.170795559,3564702640.1582437,159402682.72589067,0.5902527422955712,3683.3349782062096,3.096635801891107,0.06935632271582684,4.292281980253082,0.16500148503750864,0.0
519,34582.40072186937,5266.224363081214,5325001.33199398,160256.24148792675,0.6558578447208164,4169.909024688035,1.1897778601827491,0.10249044515292152,6.901943877987726,0.19353724477295609,0.0
520,631949.0857008185,48098.59200992169,204366571.52493218,4169365.284321365,0.5328434837318007,3337.0948430343688,1.166316450501186,1.4417281649576197,27.98326251235765,0.36796153781438334,0.0
521,18555659.92220566,1400021.361219478,5362413571.93462,119416367.37137897,0.7229507410762237,3233.8661698710384,75.97665678919017,0.1428560675478491,10.280606702646963,0.2970145025701001,0.0
522,29398217.897819985,4220545.391003745,7073230073.902288,162646849.80395937,0.7546857848759359,3318.7224370927033,195.33193884413132,0.1159882855759042,8.585890542433168,0.32331400183968223,0.0
523,15867072.27579551,1729524.629531825,2898597753.005135,84906008.92312698,0.6675745253199104,3362.6937478630102,3.4070641887990027,0.16134236752769118,11.377722263203355,0.19790426742488912,0.0
524,184904324.7234411,15362724.221707493,33326214859.612713,1026092661.932517,0.6582347998198796,3735.306203549618,16.748292538082616,0.13593938813668185,9.616315334539886,0.11762375793715457,0.0
525,7571.4952025061375,1890.4296277134413,1833192.4698269838,38195.50348247314,0.6225528126559997,3407.981851342335,1.3957130171850798,0.1194494448466565,7.979446511263042,0.27745479241155724,0.0
526,1274027.7422533412,172681.19768797763,104357597.04375744,5235359.780443886,0.6883587387403713,3991.998034132708,2.2539307162451125,0.1444124980433899,9.879763245620495,0.18797451378811533,0.0
527,37056086.63598499,5258329.599336651,1904047205.1778789,137483890.87396044,0.4153320848339404,3846.898923448711,4.883096018271145,1.5886080680313857,38.20022417532881,0.0899479416036185,0.0
528,3023181482.625214,2133886608.1108017,7651349004.096352,3876334537.7677126,0.7871258051797112,1333.9021890959486,40.424282790084135,0.11406581150133821,8.212655867516839,0.12423424393958697,0.0
529,2236524.5276548513,1090991.098217619,152431138.91719326,7174834.650827418,0.7209006307788787,3952.982169590682,3.105954391558936,0.1266832124583294,8.018125237304968,0.1974418598407028,0.0
530,3280.2251398908074,260.0826250197696,1621031.4474322114,23922.82631272244,0.6083266974373636,4166.506381930428,0.8853600175444263,0.23122664691219627,16.327825318632758,0.22401979720587964,0.0
531,3180889.0051290495,500550.1637110619,133830067.11164185,10968102.934956845,0.7573962152388143,3342.6475595005168,8.478871034256201,0.07264760979660094,5.128546700301813,0.10484267583852527,0.0
532,16689.896761018135,1518.5837934815233,4352850.946464387,96824.39115136206,0.6918655703190688,4042.4753562717087,2.0135367585731934,0.10126395529242478,7.18796709012471,0.2835170744935031,0.0
533,2563.30963473112,184.5461253044547,1318549.5175746134,18970.363457793563,0.6660526934079597,4147.5587451127685,0.7765588984464213,0.1550987836543846,10.779506366628857,0.28326147374145855,0.0
534,1732.654370205201,208.50056009317933,887708.6097695451,12469.888154688664,0.7197800865772793,3876.096829547944,0.2431431992316999,0.04537782140881648,3.120938041762231,0.45465266975021645,0.0
535,1640542.7545301411,231253.42524737463,151209091.79945618,6953417.684821406,0.6599503477375809,3976.327276886029,2.5450023932268437,0.09859458336488665,6.949842758775216,0.3992401159146181,0.0
536,58038322.02630256,9977736.673640788,4090460764.07695,217850927.12902713,0.7376497875632453,3091.311344617633,71.29114567041469,0.07593340552777708,5.7849569801504686,0.13508241905915438,0.0
537,7279696970.873327,1506606996.9175382,224080872899.11035,21416140696.88763,0.6749960811934379,1172.5090492936029,12.408977245228435,0.09879563535215156,6.917874929199551,0.13580530704668678,0.0
538,4143982.2599412077,595836.6629881135,246589168.33369488,15763833.383107373,0.5900139636303876,2831.3408825157885,25.7368642864511,1.5273381095579939,34.654919077086916,0.0825981105720976,0.0
539,899215.5438259036,788979.8339158879,13120166.74100749,1391008.177951584,0.5981226983611725,3390.122601279202,2.002413771071463,0.7608301249012913,16.897382304249987,0.2813128232505162,0.0
540,731948415.9298031,179096644.9444078,26778398043.407707,2113526214.8851876,0.7270629703724198,1323.1889432612898,9.323134283838227,0.18846305803290297,12.880282455582442,0.1607213643464698,0.0
541,60006402.658023655,10556934.827573385,6241372162.007872,246311123.30881882,0.7706255206792286,2860.807243519719,376.6139631768075,0.12924952777010112,9.238659225581138,0.3316111567415431,0.0
542,24671.385990562594,9567.602264870497,1769378.7621574744,68184.90159653556,0.7680732851928351,3476.9228297366526,1.957604781133264,0.040905130034705285,2.9825331427042228,0.32621496767951835,0.0
543,12769.29751697063,2537.1104464823866,2571233.081237984,61318.18844842783,0.6427391310848476,3469.901190057215,1.0806648351812063,0.05120573005797446,3.5946270192994887,0.2245123411036941,0.0
544,3977441.738375712,379151.5877619098,477917168.74176234,19341667.430326767,0.7302621582955361,3898.158743228968,25.097176335026937,0.1378774322824717,9.907886713692188,0.04585620238641124,0.0
545,29603561.650763016,9096597.418887611,488860649.7538258,71371133.43398884,0.6699525856853219,4019.3143466946185,4.77296058437161,0.13580536371537227,9.889603093062195,0.3103377475137724,0.0
546,13908960.226682002,1990344.2297751184,1025530604.0798174,54978943.042772986,0.6091150323932203,4148.464415051707,5.295359726206323,0.1811772968705289,13.399873764965676,0.14327191200081082,0.0
547,2596896.3105427604,459844.24121528846,193781168.14886597,9997215.01802497,0.6856525555170223,3677.716629711984,3.8943965711597635,0.19794413548345763,13.530671035849462,0.17735605861250747,0.0
548,8885514.279084768,1204289.187099189,670499782.5749474,35787442.63816691,0.7313010979145016,3366.368509805026,18.048372826315912,0.1470120947239902,10.852443940827838,0.20879386760246735,0.0
549,8215.03048492489,5148.315177206054,1140921.2018026412,26082.58736775081,0.6914728228443325,3607.3756357213597,0.5861596926152635,0.043978383275863564,2.9884121219302044,0.35033033403323105,0.0
550,764335.2719914499,64680.60713455976,134207630.48476811,4162008.539676557,0.4985522436355807,3477.9406978916695,9.29331624826256,1.5360915676125138,34.510647775768675,0.42469109830627005,0.0
551,27367.781766817287,14439.048388883724,2261084.063524193,76931.2719951589,0.7098877079663497,3494.300215046351,1.9038256690237623,0.044900336597973746,3.271878117541634,0.40866023906026455,0.0
552,97133702.1553113,15052365.35017241,5260784582.689775,358114966.56636536,0.6781591828134167,3636.9763405678987,11.405411099536673,0.13870324143223858,10.04722834336263,0.20343290008979115,0.0
553,31627641.28856966,4606655.847495981,2149454168.3051586,125023793.61604643,0.6952477127204447,3755.534640864988,7.85278153374418,0.12580574049356183,9.136306044399305,0.233387791682325,0.0
554,5133261.414587639,891828.1095234895,736070724.6752851,23915998.077793196,0.7018636000922864,3358.2876226967423,69.0920592629527,0.18485112051816496,12.67495816126747,0.23742114674563244,0.0
555,74511433.93862471,9268482.286210222,7366895463.048773,320465088.39913523,0.7496918318934311,2894.5763140048853,366.30218908233763,0.08771426527402833,6.3086514803072244,0.19985616130288017,0.0
556,79924074.12692288,9776518.089870762,6644374791.717469,340547586.4087337,0.30860688706039274,4157.190723814367,7.478146204200932,4.120637427640977,69.37844456596183,0.13054783553953034,0.0
557,7400199459.8294935,2784184038.7787323,68100365188.71615,14574567101.947214,0.7321795999029108,333.1755662784054,21.82505584658767,0.10376644476863568,7.444494403335391,0.054695433344929295,0.0
558,19249749.33548911,3541356.4032730474,707001978.3777425,61439822.46205412,0.7088926599388057,3412.3419962622206,73.05715618559891,0.7795324606810677,18.112901890502297,0.2542647255637046,0.0
559,6832.234984211893,1213.5481195295463,2023082.0147174697,38405.64920284685,0.6440764071528161,3586.347495038966,1.9855205999945722,0.050847324428907735,3.9292777287135094,0.3702202989007288,0.0
560,390782467.7461227,49633688.40239992,55801941439.85508,1844034074.1968808,0.654820578132923,3795.8772390039626,3.5065555475870402,0.06979386372950662,4.938978902932365,0.1687519497616207,0.0
561,166089544.87853104,49074718.95779741,5916703190.852413,486267119.27542245,0.6456876425334227,3881.3052119856156,9.788175722019357,0.7271426092341942,14.337597707639537,0.09227532079004964,0.0
562,15465843.910399377,1716722.0199700024,1616286837.6110737,70456581.52323474,0.6344281956885448,3975.1335489506455,4.216653566057296,0.2260607760154542,15.109243528105589,0.043688481703579314,0.0
563,4572.804709263078,483.2402436825279,1173031.7284849621,25965.792444082857,0.3837197362326054,4088.8725392758574,0.8210284751935346,1.5113403130781973,32.680302321503504,0.5381845305228109,0.0
564,12548565.727850465,1908392.9112504427,798441764.2622368,48060952.059497125,0.7007170984622514,3445.9648278795053,9.791705905764681,0.09305212774997126,6.247721122693359,0.19005854486035162,0.0
565,10356.014827195118,1623.091007441427,2785871.900661395,57457.54842330001,0.709443217321879,3668.794883083321,1.028189888171532,0.10014378360414149,6.866777191600788,0.2706040733004996,0.0
566,26342454.290330134,6411109.5011389535,1459190144.1842475,86241863.94984694,0.44524665845932543,3878.228118302342,29.665675445807754,1.5023026726293942,32.81785115541395,0.17031352025505095,0.0
567,24861772.630282544,1848069.7358604309,5148324931.390005,145248089.44381818,0.8159326805782465,3316.3121248871644,21.224858473935793,0.13650008181570206,9.87678805153513,0.26523594174815185,0.0
568,7223.614074535304,844.6473712516372,2215297.982914353,42262.48068833139,0.6920297780087886,3868.9410148248444,1.0720383037451269,0.07517370540969415,5.5728028715653775,0.12117592804561003,0.0
569,81097098.55798845,12568641.114712408,7648750384.047595,345148181.5385807,0.7165313994028788,3869.244717984887,6.508382642801389,0.11382971005091953,8.210628872763738,0.1852922891277512,0.0
570,679225667.62606,161275796.14437777,39105321809.46016,2216756716.161131,0.6172341024398691,2371.687623199017,72.6382106213979,0.2687589412304064,18.76422003456911,0.3164311299313055,0.0
571,10840190.697927479,3611037.569945862,484406839.4179839,34288533.40309669,0.6127769622207501,4111.935808033188,3.981715737336818,0.1974282114142456,13.702322128584843,0.12379275023530786,0.0
572,262023642.75842476,49184971.05219831,15150522879.174877,928821945.4338653,0.7108817084809449,3584.232334558072,10.336092174172848,0.17048590642864916,11.98867833414531,0.05966910663274976,0.0
573,5971.5963891844585,925.7680205394481,1512053.5742090682,31973.799283150547,0.2881359402438949,3745.3100022922054,1.3766760298472092,4.036311277554853,63.65661439819403,0.46437935463567226,0.0
574,7032040.587150358,1141823.2623538706,642180933.1833818,28926245.599639814,0.6673256498382931,4296.838799419672,5.242352130298096,0.13682045571741241,9.41874108284922,0.356756307691383,0.0
575,60657349.34573694,10311372.276798127,8350920526.133815,269733645.16347694,0.4684651497614719,3782.6371314232515,178.18108363916366,1.477348298424255,30.827072475941453,0.3732575599598763,0.0
576,14711.686556402336,3414.4732046411445,2680101.317270409,68307.09759959012,0.6640889893597441,3499.665526540296,1.7229387622770813,0.09325401215004359,6.437117016943525,0.3625104535734588,0.0
577,6475.646767496139,1283.7944569596737,1756931.6244681894,34237.1146837983,0.6612070475865326,3621.650352255908,1.0976754886019326,0.06339766627807464,4.70456524870026,0.3130692517305276,0.0
578,4405320.937091523,1120949.2841888848,304603195.5309874,15975809.588358467,0.7099069913220084,3446.5086468837662,4.183977104227594,0.1725866317559884,11.790783203162453,0.15207739857282462,0.0
579,6329226.275064701,2178884.1947747758,120650543.14829819,14355682.484096061,0.7214185527051828,4119.3400246862575,10.515231275017028,0.13591243939541045,9.861807348481623,0.21157067083167694,0.0
580,47413520.46105026,17575890.555471826,2129779433.2969341,135821414.094406,0.7124770857838146,3622.338065604521,10.103766021518277,0.13773618333728965,9.772051941200141,0.1616503855744178,0.0
581,15644893.948912423,1547157.242334851,2866287006.7474856,85226319.07558838,0.707014916562767,2782.0982758796727,105.36666538007984,0.2044640143916582,13.943040591030027,0.22478811642295413,0.0
582,42568443.05529795,7430944.770181745,4204279305.2196555,167464079.5773883,0.32644271022069227,3653.0052009119654,63.27348907306319,4.126838588996092,70.34195598217987,0.2905516582972511,0.0
583,5553202.479368197,764276.6842591363,560675251.745648,24105801.64750705,0.6543128105480828,4058.04951414906,3.1937876568581918,0.10650236159099861,7.807338395034412,0.12074594413580653,0.0
584,34086.828600685716,2965.507711708091,7121416.607739449,188527.85426161782,0.670364330661985,4285.714454817253,1.5704853463319406,0.040175855041610385,2.8923490820853033,0.46255735019282457,0.0
585,14369.543522111886,1712.7134817426897,3540578.3822820834,79181.46735826971,0.649511181805778,3378.375477252862,1.56374411854085,0.09884246975349269,6.697313228116589,0.38931944465788837,0.0
586,22517328.526635252,4305952.901996174,1416862266.670244,83774404.79177593,0.6827158316429625,3409.1731384667855,9.270926862766492,0.14565074508679485,10.001087398630665,0.1057351941140546,0.0
587,5632395.406208802,720704.2742582799,428068427.9116267,23285025.30494813,0.6153098009629117,3837.5564455170716,4.32598895698134,0.12353806921093788,8.50283371525359,0.11296115626061126,0.0
588,1416.8451793230367,209.0794256182366,655073.281684621,9520.390752176023,0.2853463839809248,4003.7094934004717,0.7387309962307563,4.1060271931823085,68.41636808152127,0.44304907915928354,0.0
589,1583544.7201099868,106788.44991743502,424706966.218938,9997186.021341125,0.1160322511792106,4235.6588406058145,3.164846150349947,5.399594972452987,85.9262072573698,0.30880836153940305,0.0
590,2419564.1581036374,281090.35495820513,414705176.15912503,12574766.401872084,0.6338568421578167,4196.622226235904,6.975602087670925,0.15777935356280154,10.975542124149129,0.23313286142371803,0.0
591,28191.508836231147,26349.97457679711,925035.9689289533,42672.613368148144,0.2614309510479279,4032.964001614448,2.3624906352156305,4.205050905746032,75.53979913068652,0.2573921017238623,0.0
592,325932262.6627188,108685053.48278844,2981783029.174063,678109445.9791551,0.6755080349852294,1929.5384906734828,8.51234455888652,0.07840567742312432,5.771329294795199,0.05113151871239406,0.0
593,421194699.3047361,32967730.53684766,91556927927.39407,2459122218.7976265,0.5378347868548196,4090.1787003346694,3.2054851575949743,0.0670678396812999,4.019564625578413,0.18972480804973005,0.0
594,2641.4295778716996,420.1510998731751,778837.5865364922,14832.929062357045,0.24695977483668036,3827.1099870687212,1.0962277802362697,4.083319394668256,66.8039443848754,0.3955800275410364,0.0
595,33995621.63282354,8845681.230381537,2516650726.2360997,127864682.92096567,0.6457447690175732,3957.2518719545837,5.306967330546583,0.6873488887766099,11.90418349115139,0.15362037175637025,0.0
596,40803858.96914985,9679354.603461491,2144280489.0030568,139518489.40206057,0.45601849500925973,3899.8603911924793,8.285133559537448,1.4301254712878262,27.192572674491394,0.17825424872131068,0.0
597,1987332.249021364,550548.6495714523,31954453.380174,4725301.469349621,0.6723259319429821,3747.0453799998604,8.514383365503274,0.7869725719712802,18.880835177344657,0.081091485502064,0.0
598,6565028.722680857,726693.2451329231,725391641.1440494,30621410.447856586,0.6477356249179728,3707.0188510612697,4.700500352313623,0.14403748101870129,10.205334364353899,0.14840166350204956,0.0
599,9210.063246178135,3615.5006464536054,1577366.1960086902,36762.33238505153,0.6945332652467737,3494.086461816508,2.197699622374842,0.23638711237624283,15.682690376231005,0.44490928590895,0.0
600,939932.6029180272,94853.45639011129,152578743.2873997,4979113.252004029,0.47704688223107494,3602.024276355052,14.831274994221571,1.5623823437894766,36.83369677761681,0.4343012281281056,0.0
601,5089256.470451756,915478.3363390801,241911260.50772685,17249878.34535493,0.09375419651979842,4435.810985988267,3.584863931140777,5.456196473268237,89.71662286767199,0.13098590022253442,0.0
602,1773.4634416902961,182.23461192366636,781579.1824512393,12126.912346594661,0.4573563092978074,3796.185549201964,0.9256966942953186,1.5322406655836154,34.73398199638963,0.2442305867051596,0.0
603,3945293.4440408526,958668.753987642,106755105.67809503,10837843.63871308,0.7765011900952882,3316.2018666496356,22.545947698579795,0.05640558653036924,4.123082356027346,0.16318664960434806,0.0
604,11144743.16997047,651903.8689105693,4341099437.350139,79809844.81443587,0.7668173618954899,3557.5537457371083,10.169974147561181,0.24886921986602148,17.41244771766232,0.40536905624040265,0.0
605,4785473.519555794,450448.14789197623,661384965.8467506,24325505.15606857,0.7749657322933488,3592.986871732447,4.697020697176279,0.0521036155324337,3.512395984893975,0.12861975610196677,0.0
606,39145022.425526634,4676272.384565649,2802047958.305066,161875477.87694108,0.6422968764878856,3909.564322975583,7.713044319378957,0.7203632991614566,13.842840176391775,0.3452895857096167,0.0
607,2860786908.586557,1274468503.6662095,20975487516.44333,5072772303.131432,0.75640186705385,1025.3464651036807,25.22547191792671,0.09670858614798669,6.904993679664213,0.08686858398209008,0.0
608,12102052.523372093,678776.1436984596,4621405149.682667,86629098.60309675,0.7641830899220016,3391.772630566881,6.112620972219256,0.13435215399597755,9.345632820890277,0.3879649754053328,0.0
609,8941680.296075314,1123060.6176273404,847020726.3842331,38960124.63395676,0.6820686852760863,3796.8200615855585,51.10324670226342,0.19331478320403966,13.299202523457305,0.18536907645670636,0.0
610,5035.635435362556,1273.4338661419702,1329466.6141146137,25630.977434490618,0.6827998034737714,4142.70063621974,0.7140321902119428,0.1330856861501454,8.922710278594362,0.3353563440193717,0.0
611,8965.769024586727,1378.03306662735,2233162.503787075,48823.75988503198,0.6527437576224464,3899.4498620491095,1.1003105563487794,0.132229820009442,9.13436661104319,0.1976401074209541,0.0
612,617.9911774883486,29.7887139234194,413946.65046514117,5216.4498680451525,0.09280808339109922,4525.913082380257,0.5269377039650345,5.325000930392301,81.36000959536612,0.37862475174984284,0.0
613,11953445.3368281,954497.4621178077,2324715077.238197,67923117.57542077,0.7535416679957694,3008.565497502222,86.84780204324196,0.11093725171013231,7.987612939086892,0.2287071184055041,0.0
614,156190876.20351234,25023535.758170974,9958035764.855453,572626903.8185577,0.5973494313760892,4058.0199560790943,4.002112867677278,0.14176239246411307,9.505216641290087,0.05497600168995006,0.0
615,5279835.136726631,1280160.600001913,161135981.2764377,14963873.227239003,0.7711621248391902,3627.085522135899,5.863563824530316,0.14740022678182535,10.689085962942524,0.18116694873235498,0.0
616,313101.62094989803,54059.00776685243,23208618.430396903,1194751.0428086673,0.6837783134444777,3916.9572969169767,3.056388933087778,0.1294693536035882,9.022291268868853,0.06190551439509561,0.0
617,82612.6057542508,20242.78208420402,3465384.1283747153,240959.05056932522,0.7555982011508703,3723.7418727620898,1.7749718624839768,0.10925338008119585,7.622991860715468,0.2978877996331981,0.0
618,38369334.50442925,8509146.510387432,1542622342.299276,118868809.70050809,0.6932018141816456,3293.9400711413828,15.614914373375544,0.048374876437135936,3.2331558197846193,0.2604903892829339,0.0
619,221151281.1520401,16230512.800651213,47941976736.07933,1305542993.4578135,0.6864216116338233,4099.96386499198,128.97693079415845,0.12075033368806114,8.994898769761146,0.18836152014763327,0.0
620,76161069.94364998,16655897.12457924,4029588777.254184,263471263.55155414,0.6944217859090306,3402.5361174340824,17.110746945171122,0.107207530058362,7.680842585373471,0.3008965865146224,0.0
621,9994.54955011608,1991.354112373355,1831792.2275893427,44788.380349641026,0.7320200814289143,3796.1722232222596,1.4702128286501448,0.16232932775478587,11.776299344469475,0.461395419072901,0.0
622,10819010.686204951,2566311.950713859,528342361.4814722,35088711.30729266,0.3841170858386406,3800.665931185018,2.888310066983971,1.572731100296775,36.53242599400969,0.16709342385237527,0.0
623,24988831.350249477,3401209.233665213,2124714500.3838043,103517621.8810037,0.6935112241095132,3460.3156760457227,10.08278578189508,0.11669785272446473,8.065347218007087,0.13594167022218387,0.0
624,19248112.821315672,1777746.4019291606,3948357627.778736,107886741.97154813,0.6041284840807821,3890.7045136527495,1.9534787319822557,0.08745403420510067,5.965327949425843,0.15172010494088714,0.0
625,20001871.049207393,2503177.5974226478,2114937457.9554305,90258753.20712459,0.6851650375227025,3789.7845596389525,5.5972492695678735,0.10603574529208686,7.509361359833731,0.2753504414155455,0.0
626,8122779922.430685,1897893040.2167668,239213108699.3995,23183804118.595448,0.67494821278964,971.155864558619,37.94012583434973,0.08363760602672769,5.704833422252816,0.10826139779878588,0.0
627,199818159.3960614,32613558.466538977,8960332322.63531,689222869.1181506,0.459638650294825,3612.734358755829,43.7432129629255,1.4812895914604607,31.027262858462922,0.13672032254998093,0.0
628,90319.07838792537,21638.654638235057,9934644.895896561,352556.6591643563,0.6807460249581159,3824.7165401506454,1.4251086379208522,0.07218782926238668,5.0895050902007934,0.12280841996264706,0.0
629,9752406.577959158,1995822.6991807942,243158198.17189178,28141277.633124042,0.6848115240253957,3635.2228334243864,4.544238659439682,0.09516430844412058,6.914725057860397,0.06249905553171988,0.0
630,5674961.5422382,510450.5674414792,932174601.903166,30015278.13098497,0.31293255750122756,3201.2459111867865,5.777984185213534,3.4666955218902253,60.59387707457897,0.09275904107165889,0.0
631,54306255.23837759,8752668.590148903,5107439898.731673,226937489.45331526,0.6777617249750545,3682.1241067383544,7.039237718263307,0.13237751931111594,9.260028742708299,0.16718225194523997,0.0
632,15453.351125304267,1679.9744148512177,3732563.25967718,84114.40040988392,0.6849065692141916,4119.712327236599,1.6851384899313175,0.0844881108493146,6.083770365036091,0.2128352813008238,0.0
633,11815.78479095793,2497.9715877058134,2498544.4569275677,55506.168348664694,0.717218464333383,3637.505419774995,2.7628165052905955,0.09500034091862916,6.883083849336401,0.5098120277351817,0.0
634,2049.8906060758036,337.79612910177593,787178.5147343552,12774.148919260522,0.48614427726031995,3534.0479261606615,1.1704111229057395,1.6084024170098457,39.00697384320235,0.5018562406466827,0.0
635,7481.9394168676645,2285.1725469809912,1746891.7726840756,35972.913780418305,0.7265921512459277,3451.894678564292,1.3367475505528301,0.12207183446802414,8.870483365303189,0.13885889259305392,0.0
636,3127017.9529070994,642094.4405859493,122589727.54062518,9871257.759771574,0.7122464793185708,3732.4904277771457,5.401205603088795,0.1810630925059856,12.905598827662255,0.18904663379007272,0.0
637,17188.461467283556,1798.850640495152,4059376.5272733597,94699.24137874972,0.7306871831653727,3886.870035734474,1.7033635456876377,0.1273874987074584,8.81410958855844,0.2836091390017571,0.0
638,3112928809.317795,635416137.363483,75008281803.30717,8980267814.996172,0.6548799349290295,862.4664789650692,36.81867502173774,0.20943962449183529,13.711542243793986,0.12000289533593704,0.0
639,11225001.083706653,1201413.785487107,1371918727.7188973,53968247.49999819,0.628576000944355,4221.491947704933,3.217938241543433,0.10853202508847097,6.768075194640315,0.16270618735890052,0.0
640,38287067.11169066,4014469.367393715,5130005382.394618,189348378.06940302,0.689603317887348,3112.0429998887307,99.9498637437916,0.13159412918947302,9.604747052320729,0.2689228101865325,0.0
641,5717.1557740097705,841.47923744482,1881331.863933247,33879.3656999551,0.6977735056707015,3708.643028107585,1.1833373631159843,0.09508778278676022,6.831996803082875,0.22448828929055564,0.0
642,135163108.2506394,44663875.905272126,1584800477.821176,288757749.8788436,0.5065228304022357,3206.2613029648855,93.94258478020708,2.841003587622286,53.02214027163048,0.3283256784459599,0.0
643,1746426.2994916644,289081.3725617059,72948581.13209288,5845083.325470473,0.675036970768021,3815.9705008752107,3.758537243950837,0.14308738542001062,9.515200601534335,0.24696335032477654,0.0
644,27266305.450274102,3089058.8138184403,3424780134.772897,128560169.71174589,0.6949385169207816,4066.1028335780857,8.428023917257198,0.11311392829863606,8.117218106051554,0.1567805698728543,0.0
645,4597658.457510817,1486374.0983581557,122981240.03856985,11782771.678335968,0.4297343775724012,3869.2515322026734,2.250185817845897,1.490546987708405,31.41222668739429,0.14342997713194788,0.0
646,24690859.497378714,3120656.310734746,1682692454.7422838,99470526.81265157,0.6963171377452075,4158.814062012065,11.523941293413515,0.08286259680576383,5.7645934649478985,0.13874129727053586,0.0
647,505397734.49309015,187020436.8619628,14862382504.855658,1214433698.0350287,0.6717541051825461,1872.9097473589936,6.933372117524442,0.11602802195764043,8.140859150150678,0.11644334293721088,0.0
648,40318064.87125979,7104606.577452995,2788744664.839604,155289344.38224986,0.6807183883853662,3785.3020700597212,5.1628230705260165,0.0790860483921266,5.424685557035562,0.14237705052305696,0.0
649,16724188.39725621,1417211.7309525,3204186621.3162003,93911749.3431439,0.6573463088271913,3244.338489224267,20.14366238760657,0.7694241717278578,17.51228496385761,0.3124687984931951,0.0
650,24792701.5564608,3697374.190271138,1522366340.6325421,95923466.40553772,0.10347438894796943,3998.84711099812,6.160042269241217,5.463831633225815,90.57599579239881,0.06999449337979022,0.0
651,1432233.7170078028,93629.59135281606,478537981.9862811,9655294.741465678,0.7947756225978237,3720.0718245934895,12.305070890641607,0.1488424824762947,10.9522667459872,0.3007090529312267,0.0
652,907859.6736494616,70428.65571158074,166244837.1709016,5076676.084660096,0.19435441492148392,3946.6484180600874,8.333839454802268,4.092522712478406,67.64327016399014,0.21582811894573106,0.0
653,24512290.97393474,3433429.1396156335,2795082473.1706405,107902787.5877916,0.7540857732468368,3269.3679992962407,61.41366145782606,0.11669099293831504,8.398117422533186,0.46381034722900194,0.0
654,3977226.8354933835,3289641.442889624,79052240.63056552,7193556.771575963,0.2935624316331116,3693.2388486912414,2.5632511402524663,4.04360835876481,64.65542039577447,0.20081221378100864,0.0
655,78151103.307269,16499894.366023649,8097293690.942698,321231559.4219152,0.6629960581225389,3638.0897882464005,3.296008972440109,0.12131280946920749,8.095921177566012,0.262539335869331,0.0
656,12280.297157672703,4122.129335178423,2124777.1199938925,51039.76590996903,0.6407219673539513,3379.433016651879,1.0679761876452827,0.0158069202191486,1.0946510549221713,0.18549103229056887,0.0
657,734362.3328811605,124275.99587091121,53976444.50164416,2858147.2750594714,0.6573361866514567,3755.1972070773377,3.4278601973629357,0.1733476108983642,12.505976200623433,0.1419880709999426,0.0
658,4738643.549160609,468511.2395359237,652819343.0168716,23593514.786767717,0.3480122346998833,3483.822594508917,5.139618015745042,3.5075326258332225,63.398328334933794,0.2547721401492216,0.0
659,1980340.350031783,450221.80682836135,64248194.558439925,5869158.035255959,0.7356426184389881,3596.324919020429,9.031272289036313,0.12433527655450619,9.10310721928764,0.05673541845523098,0.0
660,29533900.161257,4636725.0453858655,1370251170.0401914,104713073.04296054,0.6973175057020911,3830.524130688228,5.2886164118524555,0.11636150361277497,8.520988073975937,0.07850722349960042,0.0
661,3719523.284109616,444044.36817020207,700942032.2850493,18678650.504005797,0.5993301393196562,3911.0991724071823,6.29301972180098,0.1100835280341789,7.5081564891543495,0.41687553070393435,0.0
662,8008533.303978418,1330691.1702194684,603176148.7062708,30193555.33915969,0.669859060334993,3838.176531374811,4.198828866436047,0.13739624756254817,9.123763366369804,0.35090220059713284,0.0
663,16875.587214177853,3338.926338182189,2713535.957193669,75314.87780753076,0.6784292571169831,3500.9498618821676,2.637636980056864,0.12113773601617543,8.673342019903748,0.23098548219169185,0.0
664,16205161.703898108,1901826.6471812378,1816229809.1365342,74580534.56541148,0.6726813176021464,3962.9233948041706,11.42835693001789,0.18917718730822086,13.47209082230994,0.26571770726259564,0.0
665,19021.14841563055,8356.986673800422,2266191.422300923,63716.855733715696,0.7320524933791499,3531.9057580404624,1.9608283350176832,0.08757357347239499,6.164055655365184,0.2620110337844356,0.0
666,19580799.816329665,1734075.4482993186,3293462011.6567855,105202915.98660128,0.7184971599060869,3677.840099779407,63.82549914334554,0.7792852536806804,18.253973095242905,0.15151860539055273,0.0
667,7741424.170965428,817423.4929831788,736279213.3670793,35160587.199738495,0.07440332001283723,3765.2244105841723,7.661775637406215,5.47447513433453,91.13292360838263,0.11754106232541049,0.0
668,11406735.527869502,4824262.692139673,698888480.14523,36180238.13365974,0.5266944379088704,3296.7595880176286,13.306124369071203,1.4696986883506722,30.12379498999568,0.15157351133904245,0.0
669,499005.7923790671,57720.26936659896,110221719.21201067,2777576.747316664,0.5220956780410159,3959.682545752421,2.602639661355401,1.5819591798105583,37.34047941269849,0.3039971298762741,0.0
670,757978.607692879,181031.97287714243,35301599.45588974,2360810.024946275,0.6836832100862849,3390.3999394136636,5.753314572024271,0.1017551894442831,6.933889149988144,0.37948100916834193,0.0
671,276283918.3056128,33449146.898917425,26494576415.593117,1234669727.4968402,0.6725550556322085,4141.836969822798,5.906527627971751,0.2114483096154836,14.364551649784243,0.16062605721312903,0.0
672,31130738.828855533,3678370.2153828456,2909371895.3161125,136104301.12927967,0.6716878323029418,3927.631605761291,6.937061617038807,0.15175752368065618,10.893770342142998,0.16088739713635533,0.0
673,26452.83235178471,16334.520750478678,1655811.811207579,61389.85090376316,0.6984475031384163,3466.288194642184,2.062584447530497,0.09170406968719788,6.718144752184716,0.30371382087620286,0.0
674,4101971.790252081,1495352.997355507,42359793.10087519,8243628.438654462,0.7378224445980195,3649.173700344334,18.89805889750855,0.13449793740869448,9.681094799213634,0.1342298682142481,0.0
675,93214289.74313135,15836175.981368527,5927276821.475374,347789540.5832079,0.6675038214337327,3717.7226453309445,6.946288024975202,0.09829787961621532,6.968129664523147,0.16730408568966154,0.0
676,12073.337082442678,1673.6475048303466,2960109.6002206197,64412.77383739522,0.707051827353381,3885.160155307374,2.3465365764064328,0.08159152333879352,5.688319971928147,0.2738282837627794,0.0
677,6013.77913084349,1015.4043520093595,1725893.09508612,33301.58895042975,0.6306929852256127,3673.0238826172836,0.8284337826034565,0.7206166740874156,14.039609338914005,0.2089584649982201,0.0
678,71671522.46995774,11456008.666822264,9105060360.25554,316288727.25506175,0.633262096716364,3538.7167914402107,20.797426540338726,0.10811764884614891,7.448501769533557,0.3777212457080405,0.0
679,130272999.10362884,90567881.67364211,803424307.0295296,184696998.4166751,0.6590135350300091,2764.8637547117173,16.85140712606423,0.12914885824350514,8.631295991365977,0.19400996340671595,0.0
680,43995604.87314145,8364568.979010987,3936613420.905903,176900726.73814654,0.7463095620537376,2840.708215118718,79.23406423334345,0.13245952038811018,9.545609016055963,0.15734756652091128,0.0
681,2967728.0855353763,470677.97722378524,444985363.4175954,13243372.422202898,0.6943299261169535,3667.547409207554,8.784414111833001,0.20309383813156884,13.697624631835277,0.143279900362732,0.0
682,264513.96067260223,64674.37747163621,25112138.5830657,1024308.5127214674,0.765514425824722,4028.280406784629,2.7425190081341384,0.06607864639259384,4.525001598958534,0.19077643483209067,0.0
683,16878659.79403252,2315050.652329744,1292620020.135833,67886463.45285185,0.7108084312437836,3091.847969149343,52.87668422092867,0.028677082778664164,2.0315192185907462,0.21850513866159824,0.0
684,3970.2280720759927,489.3169026755621,1550743.4194657116,25637.832489211592,0.6607654985217115,3429.5953612001276,0.6872770806941434,0.05034613126887803,3.856571380493847,0.35318616924215585,0.0
685,18258614.660833247,1271839.855661308,6032105785.590727,121071466.30947547,0.5697964742994108,3483.9740072527584,406.97994275827256,1.5284075140728666,34.459798657141484,0.3793004254425663,0.0
686,28848940.79079116,3661009.2176623964,4267035551.214929,137746822.01624164,0.7411900776032537,3519.3737151171217,120.56186053951107,0.16249204030643236,10.960097466080876,0.31134887802094235,0.0
687,684238944.8084689,424966964.50263184,15299476208.624872,1357569509.0984404,0.4919013086930291,1475.8114175344072,21.824981196251507,1.523574948470878,34.15106270590854,0.20737126298608302,0.0
688,1320354.0690069331,103476.85758248378,230859662.944271,7266600.87200891,0.4176401127102345,3734.3066094709193,5.119386905852847,2.214535446864761,45.35661694709381,0.26095561558601565,0.0
689,6507.8452136760725,2098.565406226536,1764379.7556292582,32402.84066076961,0.6709747938338205,3692.4598075603017,1.1177368585333038,0.801376817642991,19.85778227055519,0.20136804068428643,0.0
690,1128257.0857538437,135147.62292976765,111914987.13623755,5011093.744498878,0.71762252477698,4136.413258606624,2.652260237650647,0.07650183214404693,5.408779869719316,0.1203994063488112,0.0
691,69807491.93189797,5619063.0150317885,10882524938.588465,375165492.5225077,0.7362136481679835,3885.3195164280614,11.762017401862014,0.09915083365386552,6.865563040895613,0.15503570124471672,0.0
692,2778969.477598617,640486.8668998716,114631795.66240236,8705904.738791559,0.7332089611914426,3624.584817173867,8.071436691372346,0.1327697390119286,9.530157185162512,0.18416109316552914,0.0
693,34997850.10567147,6225726.971434879,1778573127.2757893,122754216.1702841,0.29577160163956745,3833.575321635547,5.769360273986828,4.1349573863288684,70.36715614244424,0.07280279165681511,0.0
694,26017.052627768164,18968.702996647255,2096601.336433702,64150.869316196266,0.651206109513889,3508.1974925208488,1.8389415496439252,0.10040450081383367,7.314644066238957,0.4612588441122762,0.0
695,1387511.13214463,149477.2791072682,186577116.9209721,6974109.959597945,0.2529304816070604,3833.189933532636,3.2614701194284077,4.1431110779228115,71.32870212305144,0.1995552914644527,0.0
696,406864.2058986294,117983.73874444832,42422134.70807773,1596802.0186456686,0.6712241111178832,3484.2344562777535,5.03145658431188,0.1386120444876747,10.058044084005108,0.28710252116706825,0.0
697,8361.658889481992,3134.7402467364036,1380464.954072083,32501.38493620496,0.6732217488896224,3400.6249700161798,1.2827468557501145,0.10406464683364947,7.343850908458907,0.44987300885691023,0.0
698,44392234.49290405,4121856.5853121215,7303469683.914549,234129434.5526181,0.6456392797655086,3853.4242900179233,11.024463728178866,0.08826095625026156,6.402494881278862,0.03794892033411964,0.0
699,167874996.52415505,27123343.838339526,14140638027.627926,686264905.8095019,0.6909561849071288,3922.8910565864107,9.347209638753249,0.1728680122290239,12.102312684357019,0.16196378816272522,0.0
700,709096.8869104162,71337.47232878665,118471238.51504242,3657411.1270775064,0.7204779910363519,3339.8121644362336,4.8897790837361725,0.11500093820346473,7.872499490927979,0.4131118496124993,0.0
701,128031.3788548182,22489.36192805686,16702732.960990047,581607.8306422301,0.6572128199315598,3609.0552807582744,2.7563623209405224,0.11640456101836713,8.240347526227323,0.23884976410186443,0.0
702,7607829.464627984,945392.8588481868,520004592.8570679,30798652.155769337,0.7271388191656535,3624.403732710267,12.664253325977468,0.0650257169682991,4.479194876576928,0.2656830138536232,0.0
703,95427046.07435456,10352851.076991294,11359273227.990753,459872017.0317933,0.6643841437248954,3948.4903237880494,9.241857516044583,0.9160741176922412,27.152257919613582,0.13847206542656948,0.0
704,1446.5034746273489,102.76873017061564,702106.0894573203,10448.66608086932,0.4647149629954604,3840.6799927977645,0.48240408625460796,1.4378770250976882,27.797068287298522,0.011927847180435673,0.0
705,17423610.654887483,3478018.450992131,886110212.8678814,60132857.25416124,0.7319716382935803,3644.607320209052,50.839604344853235,0.097887838298458,6.840756868509582,0.07915863341281383,0.0
706,119797.0977509706,27567.030286223227,5178163.451087541,353088.712584744,0.7738025344226982,3273.086664062544,2.0694500411897927,0.05269255164730362,3.8193731389651107,0.21861156098108278,0.0
707,127238.72590382738,35004.831947761006,12628101.08256305,482949.86521735025,0.7935636633014773,3517.5690428237453,6.793155825938529,0.07813045793877631,5.78892392772174,0.36174503489140974,0.0
708,1192.375284044929,132.13873159883374,624728.0510182783,8549.756351537018,0.4916260692778163,4217.830290301175,0.7589728290287202,1.59721228999488,38.21604517484469,0.2965450142489019,0.0
709,5369245.160481335,871849.198216691,388442771.5160283,20576156.10271077,0.5856061904932477,3842.279434415168,2.2320354893866177,0.1587152769968065,10.399565165247882,0.24185193891105547,0.0
710,43418793.67124228,9838523.373967353,863332447.0978817,117466411.79349415,0.47827273739806736,3450.6043660268933,2.2911959827695787,1.4076431737207862,25.63444722050274,0.2371256187869697,0.0
711,6771.576759782768,3601.350487089376,672037.528917416,19564.992296132143,0.08599906772571678,3587.0485046305575,1.603049599673366,5.472065483350665,91.26700240674516,0.4142956082511825,0.0
712,2331092761.025577,414124431.75965065,110675376034.20503,7970138565.089228,0.7010775765486771,1783.3899854388358,22.401346003594583,0.13280144747911288,9.709909776061084,0.14602370367160378,0.0
713,24776871.430604678,2516591.8110126983,4608958410.836008,130423928.20131893,0.6418024023349705,4219.930822932052,33.27036969322488,0.17326174121404464,11.786258702342591,0.38829358194793034,0.0
714,561716.9474811398,110552.09160121933,50271702.07593615,2199538.146668408,0.715877484474764,4049.087769909451,2.376372049154008,0.12593813957887354,8.896377407705128,0.1542672234982453,0.0
715,22574510.093834013,6902148.641290521,1090534671.9430385,70510183.99642584,0.7661986186782552,3420.3585236734657,11.68951368958879,0.11358552464674121,8.545478925043222,0.12600214748052752,0.0
716,133964839.29663703,16546212.004329715,16113332227.508799,618812712.0078175,0.6209141523448538,3877.6686416406874,4.5304210711822535,0.10446411446093525,7.279609088916594,0.17022652617252718,0.0
717,14772642.936234599,1641210.6269934445,3460910208.964746,81439781.13019681,0.5933159002725275,3678.919746131996,71.68041008159908,0.2618231466250143,18.071655091137824,0.3077952326345706,0.0
718,5856841.978534056,694958.1729085266,783006400.8457326,28093536.11183787,0.6676300329518773,3887.2213341329743,7.989966598961043,0.2693700383900707,19.655026938603328,0.20321514063253932,0.0
719,251418885.32448077,50374351.253227636,17015963969.869268,921071766.3227803,0.6386885965152339,4041.038322495613,7.512548740202969,0.11953836450189241,8.285440376137739,0.15463043845098245,0.0
720,1820484.5570528235,615801.0606423493,20362456.493202657,3816177.9157327027,0.6894839703426798,3539.818783465231,3.5871538150776052,0.2654655901249224,18.898598336733492,0.2047532118738682,0.0
721,11968694.79243832,1942829.1548850364,1046439959.3969959,48999254.27921918,0.6029380519713852,3846.49547306758,11.882454923948782,0.8809963639491283,25.21977438425771,0.2619069594505257,0.0
722,14889464.084605282,3047695.533696312,369207521.8687714,42963885.01451458,0.7095180114587343,3457.600451809848,4.9085719452322945,0.11889298558316072,8.502294314923077,0.05895159597450785,0.0
723,359880899.2594697,120006925.5383784,3287652502.2451687,748684196.0383825,0.655653196640414,2031.6987455267035,6.357028703224984,0.08111860644874831,5.734214942021234,0.10919911169700044,0.0
724,44277.270102198476,31027.013916296226,2965557.61676873,108193.06242558834,0.6724395399989929,3520.3024659120747,2.3109465095437822,0.09498947378627447,6.366477018802388,0.3347558551223531,0.0
725,11367342.99244297,1790430.3109454797,770239469.8873247,44021890.83869637,0.6677184264257143,3800.807621276228,4.856404715102571,0.1265704307514711,8.993441673533919,0.12069244214344382,0.0
726,130174603.12361796,27400441.722197574,8783777220.267513,469256809.0664097,0.7129635986769425,3712.8079696325635,22.61000082332259,0.17738856109653528,13.01517967018188,0.28014533557534693,0.0
727,1763937.3675075427,333262.43474207737,89475384.78909951,5894062.944953738,0.6497079308195882,4120.628883014054,3.717977885788833,0.11848190667673739,7.820626398333845,0.17313782968998154,0.0
728,5958.753521402388,795.231254091469,1993650.3844252452,36146.132121499126,0.6040142793284832,3735.246705059892,0.933002362653492,0.7415799765207585,15.653731850964661,0.31890742899357255,0.0
729,6257133.817891808,715623.5373981352,546981314.1870307,27383156.70403222,0.7794877179172008,3198.784272110879,51.97304938657765,0.13719683167708813,10.445753758847378,0.0607710747513059,0.0
730,19886371.015318613,3452318.0381638287,2097750836.5388622,85847503.5849505,0.6936201820236856,3487.41113156792,5.385977916626805,0.09074227988934344,6.574168787679758,0.23515116243777312,0.0
731,45626965.31076859,4246823.893088462,6970320981.674849,237319023.19400913,0.6589016015840888,4411.31312500801,5.50240883561459,0.14585330643612143,10.394728605174896,0.11433706038282766,0.0
732,11708853.449911997,2781280.390979662,1005977368.3716767,43492999.342381716,0.7127091202507919,3331.7331975576826,4.073347904044521,0.05722837952799305,4.067990102354576,0.15645410857307326,0.0
733,19807527.759666834,7554137.0392969875,857817280.0895258,56758375.342340484,0.718478147243704,3923.9699911447747,4.170221796589754,0.12885841475416387,8.700052484290298,0.04896593524765529,0.0
734,513151.4924714082,121499.77491176366,13459074.208152914,1386408.4321031356,0.5071544887704227,4207.762347516529,24.458897988848324,2.244784427483648,48.21184526485367,0.4043253362250093,0.0
735,59292156.72989173,7636557.213280765,4266938256.4248276,241556913.0251122,0.0883441628342446,3599.2403237582,6.56454590795146,5.472308649456937,90.82865021419623,0.12299852604787663,0.0
736,10466769.938370157,1446819.8486152645,949219277.2593975,44272433.6533203,0.727795949121881,3224.492529020223,69.79625482695918,0.21754475251891722,14.706390425158276,0.1702206746318961,0.0
737,2073.4181203095095,323.127884528719,864802.1811225663,13349.46544777136,0.4401402909821933,3626.3018618456936,0.9486786555968654,1.5938015537510923,38.14850553650457,0.409521381389933,0.0
738,12872.75070278534,4911.604063417207,1295123.2416892927,42424.052247103005,0.7070512150935384,3600.4539793206077,1.3782846925979886,0.11675048732021684,8.361516456280572,0.16309709075184495,0.0
739,8886.745571645657,3715.7342696275396,1315706.4808947179,33555.10804678595,0.6551484604108616,3405.0495312781386,0.8534027848403727,0.035716097600017614,2.2171060212138114,0.29387574647411685,0.0
740,13708220.301105615,1442831.0041778446,2351483182.419858,72368227.49066891,0.6900565558413398,3872.9951640187255,5.623971794894195,0.11379160008372313,7.869115307464682,0.294753843379035,0.0
741,11229.22332537898,5160.537881296238,2514284.298583788,50714.57617331704,0.6613238522853183,3756.972341368922,1.1070467206247367,0.04875894983034597,3.2633755365718784,0.13666439107714012,0.0
742,251394318.4362484,50374528.90490769,16793354524.438334,919979707.7894455,0.6811556752522966,3639.2067446442757,8.472410800175709,0.136919835158192,9.625016402225501,0.14886353388723203,0.0
743,40432504.05614076,7924081.742888562,1299966852.9190063,123075657.27167325,0.7845921785839745,3682.1709905369635,74.29504728170659,0.09327357780707626,6.731581768350543,0.12839588587930115,0.0
744,1315422.1429545884,111581.39442904196,263081327.59421104,7465616.352740256,0.7377601524681053,3167.3656988631906,12.777941659912,0.23289883460304975,16.619222757264417,0.2194732055040557,0.0
745,5482236.78256079,644022.2070550246,491316108.54565126,23811865.43082577,0.692209560242571,3437.5395110410764,6.084705964100986,0.04485696112378505,3.321678823842234,0.1912132995994726,0.0
746,19571561.55088318,1677539.052513002,4395029632.209496,113325754.1628345,0.7436120158101701,3366.5007724468883,63.18730798160949,0.10366558598135471,7.682658623891266,0.2883353870501256,0.0
747,2734640.6394126546,566082.2871043719,163490681.30850253,9558349.646715937,0.7362321692419205,3885.7149094926726,2.303641754325472,0.04403297460394615,3.034049602362323,0.1838209599291536,0.0
748,3660610564.3781176,1476940271.6782749,65992526929.25643,8425768414.912638,0.7556710790514527,331.87771501285744,16.070282178789903,0.1272591509579752,8.644895404059048,0.1051448897873552,0.0
749,275280101.39011145,20594543.981313247,54150832861.76545,1587450316.6346908,0.5598392922317432,4035.1858304375232,13.780059202257027,0.15249358317694792,10.40174733882892,0.211228936734405,0.0
750,1348425.2910157237,122748.88611850348,382235750.86807203,8365081.647896188,0.7190466830159061,3809.7440338849005,6.45808286149228,0.13565278496939354,9.557327077335803,0.35396413866887527,0.0
751,3798.561601768391,952.6808450682427,1380396.6586139,22732.39038704232,0.7222765011639594,3723.387633823504,0.6085937285969772,0.054802792674765934,3.955628625314638,0.3594334355553873,0.0
752,31895.029282157844,6246.035693237308,3866993.750587336,125615.89224157944,0.7314298291017592,3748.4465005793318,3.821157451998139,0.12962803123320682,9.327070919775819,0.31226391620047556,0.0
753,9468081.424809769,1546978.144767801,645176769.0538266,35543621.09492786,0.5787177714933699,2788.1049326394705,105.80495142272902,1.4933807138548896,31.685304245153723,0.23472362559407864,0.0
754,11537.307834771058,1143.138778936838,3011815.7498046164,66044.58513018317,0.37898450859202015,3846.473106451152,1.4795098986543154,2.7852002847155797,49.005986205646124,0.23137846391114275,0.0
755,98754.69028099427,75863.11758494865,1284092.7140660263,137195.03793698418,0.4883718554237787,2738.685426867018,6.853727778839625,2.881452273957618,56.00155235243839,0.4423239743271842,0.0
756,53542349.693503246,27451049.394425564,2202025261.0026283,133422866.95404398,0.7678651233642148,2724.5644018192775,166.030453850599,0.1407481321005764,10.613586226881242,0.17174305499691467,0.0
757,26202.338077425207,4813.91601733385,2850231.0600771555,105360.71861245483,0.6832791392072519,4028.853992081651,1.417602911438601,0.172258986346335,11.880016945731438,0.2590523146458549,0.0
758,153616551004.50644,31011411894.37626,3997149682520.322,449082885336.7542,0.7238503116291745,1022.1599376295525,323.07369657180124,0.07009097534992144,4.993554314342672,0.07296738664078213,0.0
759,10044.919508871413,1459.6625013737603,2641097.5430651023,56695.25064847378,0.6374170364648333,4203.136964465278,1.1982256023019622,0.06524166097279008,4.648401335678081,0.29446416779463946,0.0
760,4683.441411017421,522.4355149579151,1669379.384273865,29146.380761245215,0.6475615050375307,3700.5423270177284,1.3492860902921038,0.11605781994376549,8.376408485059363,0.02412446436830259,0.0
761,12083.357757266396,1876.568680206284,3325223.0274349162,68850.49124487003,0.6429650708050051,3787.786248888646,2.1490947227329587,0.7264064142130097,14.406580588453107,0.16000677737187238,0.0
762,35906006.677217886,6205707.805206295,1663108231.673715,123114204.54044776,0.5965440667995868,3813.7455459787416,3.015844261235748,0.07429656121117176,5.276567372283685,0.07085898995218926,0.0
763,7456.9303297268825,2832.6346921849645,1554631.6024772844,33152.63710326056,0.660478771092797,3693.7362142576094,0.7987299686061796,0.0665177638647159,4.364184336432601,0.18696052910265457,0.0
764,24318077.05834485,5107978.35394563,2133077816.1851315,89275845.78594665,0.7605845115296666,3391.114255965138,125.94656861507066,0.16029957411134177,11.122102244529804,0.22249063307981679,0.0
765,78641656.09973414,6937817.649197966,11483689765.43065,409781173.7851881,0.6592024809400561,3502.721316568605,45.56158405442268,0.1088364515120734,8.25230573237642,0.18899874086162582,0.0
766,269319641.30515623,74028879.92711084,6120180501.618639,711915288.526336,0.7090981101859601,2962.422783848672,6.6035946751205215,0.08469455913830144,6.221430908284452,0.08354624012905323,0.0
767,5289692.939530706,845497.7844554354,634956906.8671381,23317338.90167509,0.7846728767553601,3993.7615383240773,2.277926048119879,0.054187930814398565,3.9911101941258478,0.23574952445527583,0.0
768,57285465.768553495,4954187.745421177,7793884641.74783,294023424.4769843,0.7474150566540259,3877.2542326249186,18.46477304299967,0.09079357325572249,6.647330934329905,0.1571677166310501,0.0
769,11605744.857969264,6000475.557134562,249256715.65266472,22804521.938443135,0.5813611877465001,3578.1738088032453,2.3092750747672506,0.15130860787032302,10.471253159575538,0.12483735917563768,0.0
770,48094.721612501846,40311.64757547836,2262987.1706433306,92581.85467637746,0.7524521802049489,3403.265773630757,2.9673565152899473,0.040226416324370094,3.046908067320402,0.20648616884781754,0.0
771,302567.63163648813,42754.39583727436,38128005.33404579,1350331.2373815859,0.6876602185597555,3833.2445341755993,3.7086703267738095,0.1068094564773248,7.094447494833349,0.21258979467083505,0.0
772,16515162.308124697,3099809.1019895216,1972029326.1145911,70297071.23771308,0.6554291700963588,3868.50052804451,3.8736613323114533,0.11874507698419653,7.99225125677396,0.1778394643361656,0.0
773,7072852.832996105,620945.0026836725,1328799597.0394247,39464990.80811563,0.5472245521907235,2773.5064777167254,58.137495917447545,1.5071630290122495,32.850090716405454,0.2279651848060326,0.0
774,154424.4157546131,36453.39693623829,12824573.399911702,546111.9617077841,0.7205333357182174,3314.158852036735,4.691725408105434,0.10408561217183462,7.191966254717786,0.1188361270398665,0.0
775,22874383.722545892,2945671.390452359,1486704142.584242,91157960.52414064,0.7329187072474195,3488.6335180211277,9.585517757899721,0.2692543745579495,19.287306455296136,0.1264965399720295,0.0
776,8182141.569368954,1295702.0915858415,739404953.6479391,32577457.42421357,0.7075984626714439,3497.3904204728915,13.326329943869382,0.0973626391688505,6.513301313384737,0.37906333236646395,0.0
777,5629.9617153891695,1486.0120574384673,1648040.0973999025,30142.634682357195,0.6783187720041696,3519.063142194893,1.0329308427034478,0.08845860149196874,6.243593943719999,0.38994182475949546,0.0
778,809292625.5059681,153167305.6457115,29407155551.738007,2582926710.885929,0.7383310132382561,2751.774303884282,19.33478610286108,0.12288904864583801,9.12445014239341,0.10074035188130245,0.0
779,667940.4298362099,223512.9890707825,8203973.103065444,1406471.7053424218,0.5236689841305271,3388.4713507772058,5.290114421057326,1.565079913009324,36.944505234120555,0.22588497825463325,0.0
780,2968046.0330928885,470751.52336406324,443206843.6139388,13220891.239925701,0.6465937789944443,3961.8115816420286,10.392199230469256,0.1392592828920831,9.30073309860311,0.34377003381441135,0.0
781,16140089.544853274,1994571.2350414377,1778597154.04557,73601273.57456744,0.7303774184330704,3631.3840974310638,34.46394561213872,0.0838240266804311,6.417397097515665,0.18832635498942613,0.0
782,271856.8462817322,27561.413000857334,41942298.19340818,1412142.9770812113,0.6184748391186201,3898.5497892488797,4.086670584868363,0.17468488926449055,11.744159279352633,0.43900567379395505,0.0
783,10211611.66292069,1340756.7486892366,988067589.8757677,44860127.96143655,0.6517393629874249,4013.513822492394,2.6347427080813044,0.08398708415165493,6.030055512850862,0.2100532656375322,0.0
784,6199204.015819269,846480.1743737564,468490905.22192574,25733255.605521422,0.739060646417862,3573.758036456379,13.332386619071611,0.08969940193712116,6.362935844816455,0.11001728714901977,0.0
785,29295036.577007722,5849636.040449752,2983355139.719979,122450908.93209699,0.7319806534474218,3559.8796564813983,7.628484683966353,0.11260204505057674,8.060843009086671,0.1772464534014245,0.0
786,56581620.07968444,12440473.061688501,2682125000.68655,189642895.36166742,0.6969822694787472,3765.46169748272,11.742940058341295,0.10784949776900046,8.085021181627306,0.1787941383533552,0.0
787,129254606.3796514,49689641.286495306,6128842724.659322,353216304.73031783,0.7575054243246495,3683.7800607649224,24.204010154550023,0.14219847626795268,9.92258337383625,0.26291692470557937,0.0
788,121370.64674990787,100630.72023126538,4533439.293337059,238455.12944695604,0.6858059832924343,3580.0087525948934,2.320143344236201,0.07276358808439642,5.155337626484645,0.4407384927737166,0.0
789,17242.669976101715,1058.1996395219446,7278143.4613622995,123528.20105269758,0.6520652452175344,3834.6613291602653,1.9286397113338856,0.8270645267400318,22.012269452880368,0.5177652470580516,0.0
790,27965564.392029334,4459210.702465123,4459497183.399776,133143712.9101756,0.708246443037978,3225.8983079159825,111.44109214993888,0.17513708977563694,12.294359467132935,0.20513672882790523,0.0
791,2961318.9756600326,376929.741000512,294170515.31885374,13157812.908105934,0.5373362113685197,3426.1261360301337,10.255185382422836,1.5248253843690616,34.02405818014394,0.08144713777907038,0.0
792,27057177.69765622,2660902.9380210186,5158996995.430832,147823253.65570718,0.6872122741629262,3319.1492205948102,23.447451803850626,0.08808788867795041,6.531696553306682,0.2637693645897124,0.0
793,11189.40164101795,2379.068517052694,1859451.6899769772,47589.58112821763,0.6446607831844451,3585.3030242861296,1.7066296774080563,0.0798593613046183,5.644302321145093,0.13364941760621085,0.0
794,356564452.6909131,47166717.65798121,23476627721.95434,1415182046.1391435,0.6674188126089549,4032.3526784864675,5.303646475446432,0.16877789268491955,11.285240304479988,0.17717616732036626,0.0
795,9512272.95834845,1046679.4313735174,1266811655.5165954,46887620.39403511,0.7577002161770363,2869.2428156130345,62.926240307959915,0.15979632707307462,11.687479856214795,0.17565258000491157,0.0
796,6395265.080694052,600012.5104834235,1334887485.940029,35118818.18579664,0.6941678643609085,4077.401443235535,33.863681577882346,0.8106501317793189,20.561102244656524,0.3657184077337076,0.0
797,33063939.249705084,4838761.893815008,5738674445.135033,157661532.94280812,0.7088044134423577,3250.6984676893453,41.73603077322209,0.14102976829287622,9.763262816135938,0.33146043104561446,0.0
798,59933580.53101881,17467856.717859328,2334882490.1332107,185047523.7623111,0.7265930571916827,3938.4614452042097,4.948776796418113,0.1301978911892979,9.183644349242268,0.17109243991459291,0.0
799,89109924.453263,8603861.164472196,9757939333.567919,425368105.0296091,0.7810522845211211,3874.0930876210273,54.72897836675779,0.2804238327170504,19.634902629479104,0.1359066848734297,0.0
800,23719037.85305897,4078939.0049236966,1095093242.292047,80153148.73884104,0.680593699510972,3361.726124825449,13.850305484172594,0.15522887705274524,10.791995604352113,0.21495654087517574,0.0
801,87324.02367470838,64468.64735905025,4223705.150288667,197720.60667874393,0.7583851241229049,3661.13212914859,3.6818110531397816,0.08303486524084125,5.9077387475684375,0.3013162731993814,0.0
802,632958675.3536967,267982071.54056177,17132383925.379467,1507765610.7644658,0.7209619859966054,1978.547305498978,186.5619088713957,0.14848886358874056,10.677882273378543,0.1041339448079353,0.0
803,4867.310677095747,1330.62925551113,1398738.5569171316,24759.095161030375,0.7296295722975266,3804.181944777196,1.2150936626526856,0.07599673799674038,5.337621091963098,0.17679760044177711,0.0
804,8106.238448790905,1612.0090786609774,1731214.4617364288,40005.47312523701,0.7334649786881287,3778.1073793339347,1.4321612565391133,0.08507907230821754,6.098382131130455,0.1930793960973886,0.0
805,192896626.70917398,71718995.07762486,4475508634.474978,444827592.1960618,0.7394380395715017,3405.499678028476,100.26628273358877,0.1889901523875915,14.12537747404527,0.19192482227457855,0.0
806,1398388.7323578303,251168.49154570108,82711747.91340294,5061003.373848673,0.6811876800705583,3467.201765652687,4.408774171506172,0.1603808532799625,11.430904341910253,0.14100671942393583,0.0
807,451300583.78393567,93985495.29221237,14215275657.757715,1348188333.9114947,0.7679960904138563,2777.794823812611,226.19000102524936,0.18186446687767602,12.503981917358796,0.12303064789675212,0.0
808,44953549.10486479,11524870.611654652,718169892.2841903,111994019.91685632,0.37582269141518626,3613.743575304242,22.316908164421775,2.1705503654513345,42.89311647296117,0.05838302185471627,0.0
809,183458900.38975602,18774182.037681915,24926750149.658543,917359677.3135755,0.6117160605089619,4057.194472125502,7.244849620890706,0.15445777466554844,10.975855867915058,0.17881892234535202,0.0
810,4764.613476952241,691.6317539970266,1503015.8619156263,28250.27229288067,0.7225029414045833,3995.2738984706684,0.8217117123620731,0.11907116441389994,8.61878615637018,0.046537263589441956,0.0
811,22891384.904048886,2930069.759521643,1496895220.928309,91589864.10177645,0.5237273253143266,4078.7562178611065,2.0984961864930067,0.10596611415464663,7.165778517343755,0.27583543288535806,0.0
812,18640679.252029575,2049866.2901939652,3384232612.655622,96966835.3179421,0.6840486594809145,3068.9561720671736,32.23921458845252,0.149199104308492,10.341922872534488,0.28772573818023944,0.0
813,184412897.40146905,19091688.348638378,37008120019.68257,1033603672.2354,0.6453751270177588,4196.62707944636,46.76446043857746,0.11382086359849941,8.065572351170875,0.2061313967202402,0.0
814,22006451.90109785,1961411.108760786,3042325616.394662,112861195.68505093,0.7168833576017988,4005.057437320189,7.270573491512957,0.065707495656628,4.736420573971254,0.1516348757999812,0.0
815,30356.629673913772,3992.4136010297116,6942169.376220994,165361.926245542,0.6820918606560422,4110.110477887421,2.7043468861740108,0.11514996728619638,8.142549050553047,0.4925885306217535,0.0
816,8048.084573649632,1439.4703666934456,2121201.0393660534,43976.384370349566,0.6206417938896881,3545.5313763073473,1.7995179637560235,0.10061384752417082,7.30003602606584,0.48745910573096524,0.0
817,30992716.432383783,30441616.91519784,89009121.42021093,34086353.38770157,0.4801533850929296,3469.1031997314494,8.098345930035952,1.5156238071082813,33.54108528388475,0.37700576799924557,0.0
818,7110446.078224326,1861650.2651156909,221671051.17191672,20830318.592874683,0.6976203676069235,3514.141465631942,4.966281919763025,0.10017402069928831,7.239405781079396,0.08041460308690644,0.0
819,825397718.9707563,98738029.16763455,68494949750.09181,3504570276.107665,0.6835653436272522,3008.95505684396,10.568874273941043,0.049936680992430024,3.458432091084326,0.1488111836356528,0.0
820,11832.182881228942,2835.9295065953,2192408.1903306968,51345.17471488089,0.6464411641077826,3762.646952809081,1.064777308416164,0.7655560307050678,17.14899402054145,0.3969959285850923,0.0
821,1480433513.3883083,222567525.03782973,127614150859.7205,5941820103.685615,0.6336262580363777,2033.455612205631,26.768191571019997,0.18612123307797718,12.710606622463498,0.19661416406597187,0.0
822,1396497.0421625057,95024.59630549196,413481315.705784,8976546.961910445,0.4212796696523259,3557.5528814758286,4.601142898272479,2.1461234521240584,40.86255454694248,0.3052907355975311,0.0
823,22344524.49114558,6798849.398538922,1629758094.411166,80652091.78854594,0.40828413763343246,3744.628802507754,2.916285361627005,1.587702221859138,38.054919919531,0.27623973616784914,0.0
824,4016004.89308297,813602.7514495056,372598396.9394479,16452813.48826768,0.687153991925977,3501.9297427167967,11.21601285189963,0.05962146577630421,4.421383105115902,0.2581662915761684,0.0
825,66219991.02566852,11017012.231805747,3319248950.151323,234386884.72361994,0.6355178466814444,3913.028890087954,13.445952713800207,0.7367716233018934,15.25178299115765,0.09675254816191955,0.0
826,3553179032.469425,640685115.4220803,260757106076.88297,13519298636.08787,0.5728918938585145,423.39613213742854,8.291573559905109,0.19627054036337954,12.708896591329616,0.15579658125858203,0.0
827,3300.932073540079,758.3385343346523,1108380.6846949686,18995.970589996865,0.6399099657267676,3676.716182377491,0.5962218945975688,0.7394258847376861,15.529670917351899,0.06817664746899309,0.0
828,27296167.23457954,2724550.0152407787,4408991450.555532,142799723.12495375,0.7962235084607854,3183.698674367373,198.42392785937153,0.8151473735654354,21.103064680461262,0.0806559046515657,0.0
829,26568458.444065046,3682632.2553456933,1402082208.8114219,99267887.76032504,0.671545704886434,3941.8898257635974,16.33482403235787,0.04927555907380023,3.607057597211316,0.062219988290554425,0.0
830,34677.26650618129,3658.4633714501033,5799673.996714288,180245.00023716842,0.4796577626572633,4309.122355770096,1.5098462256890979,1.5475923661989845,35.47372887904018,0.4119804019193906,0.0
831,37136292.26747964,7033509.1122168945,1079975347.115682,112886103.03010575,0.7129880593911792,3660.221039408332,9.922408383567243,0.14655248211074018,10.254131480788207,0.15780026354674734,0.0
832,2964117.3499572445,2918148.2112357467,23185450.992579438,3529169.4613432763,0.6937934328764419,3821.62829829339,3.6897172321830745,0.7495124597389189,16.26599650892593,0.12301540792102403,0.0
833,127240347.70936473,21745878.486745115,9022905064.719296,495057725.4783691,0.7117838689556282,4057.60190161772,7.366822030595101,0.08425270839857228,6.105043464858727,0.0708290450944652,0.0
834,91874.75045449178,26440.049039131387,9644316.316529172,329471.7044486748,0.7735771836517268,3535.213412520454,2.061379346631145,0.11470754332649565,8.221833538565749,0.3487421327570938,0.0
835,2819897.0637512496,509738.65958184795,333003152.9391565,12114023.415289238,0.6961206300749184,4098.544126177922,2.37268972044451,0.08255761181941415,5.864242503421549,0.17994175146782093,0.0
836,67756.50773100082,25210.888178054232,8359363.926608741,254567.71686092392,0.7366076369173274,3513.408442729673,3.7446861636226445,0.038259626804629576,2.664375161079559,0.35007857287262817,0.0
837,12409.67792234467,1698.6158673929276,2596091.107722738,62174.51719189276,0.7163750703531039,4086.7457685327886,1.3207309283387394,0.12904131580313577,8.358927888335687,0.49344077747548043,0.0
838,3606250.96669723,547265.8937332768,167831872.78219408,12772681.932674898,0.7276551944543858,3639.3225447373725,5.78132805924504,0.0455894265663467,3.253025594539565,0.1284367287155279,0.0
839,5366427.715118541,1517038.4435705391,237956219.7002371,17083540.733029217,0.620912370480501,4044.0853725652337,3.4121024236727533,0.7283841797604145,14.668399134988785,0.14393965049351767,0.0
840,5169.271478069824,1840.967800177852,411415.7652983087,14987.298895182146,0.1093579276937181,3784.984606766432,0.7076304950117757,5.39170266622421,85.68119742465464,0.41946770768824604,0.0
841,36784371.88355305,7550811.609770116,3535227398.2048926,149958202.1298525,0.696502234414916,3983.0416503189826,7.586145024961721,0.09220095854817849,6.557421955692926,0.1764655163178111,0.0
842,4302988.874228201,650037.8822746095,286404196.929376,16710540.258047905,0.7060650274675174,4030.7665693559775,3.7986714997565976,0.12465968470525013,8.409642172825604,0.38589793535280803,0.0
843,6220376.918179007,690269.1648651577,598446636.115265,28003624.8215491,0.7731549996673354,2752.617341994913,45.959099946176664,0.09530929784085514,7.05621744908913,0.07922102465059776,0.0
844,789093.324364322,183566.18821269373,52982526.19261756,2705604.7016632366,0.7542049083607197,3724.1359246520387,4.21737697481012,0.07341217134722484,5.180015384218831,0.1588145844888451,0.0
845,4423454554.216688,759310247.4963415,197169659989.89423,15027252491.797495,0.7118424998091666,1875.3973413598214,34.25497124768969,0.10725622191593347,7.56282488069021,0.11795038861680486,0.0
846,21637552.75528293,2637975.5442810045,2527385996.094409,98480565.03072366,0.7513943061594214,3537.8921805593354,113.80253873170389,0.07612492947315035,5.648888149305135,0.3375093306419437,0.0
847,662301.4712649396,588958.5286698318,5416329.116340911,882806.7251004385,0.7508092858906668,3429.229651522608,4.506271622375078,0.2636522872120552,18.054117735490962,0.18931519119134718,0.0
848,7630.583908528849,1396.8686795073536,2102070.9053620673,41618.70549641518,0.6334553868524102,3511.0920317614064,0.8800897786334063,0.012386217120460596,0.84334445198363,0.19665700376951978,0.0
849,8708432.607708737,854011.9617946442,1199306852.268499,43798637.745428324,0.7424308461538601,2846.6272424881026,110.70480121413965,0.20408927428366389,13.76082606517611,0.16545589067737937,0.0
850,18301.354753274605,3283.4046136364714,3699151.6692175046,88857.44481186836,0.6703986503381167,3719.467286745624,2.9211291634884207,0.7740114311600657,17.785786718581534,0.5952311032902154,0.0
851,3760482.35860411,520391.053626584,316713277.0112791,15770411.221385945,0.706950689291781,3383.4232550773286,15.195896304708333,0.7048221001624301,12.916192860885564,0.1434679875787287,0.0
852,6896724.082820982,700379.2180554124,799326865.7065666,33109734.141919017,0.5908640499127371,4001.8300477117205,5.27536529376355,0.1958802283551644,13.40381315050988,0.17653261437058368,0.0
853,6648000.987079514,647116.447137511,821814526.9833317,32504272.212444168,0.6948634793948923,3361.058791264115,17.063305781624795,0.8824289624709483,25.31791882357066,0.34242418797155705,0.0
854,107702.11723240095,76442.83714438305,2116157.034378922,174439.25946566302,0.49716006301975124,3491.0457048092167,1.299762566278947,0.052228066613548216,3.4455693753614143,0.2919117787413622,0.0
855,2316121.06406812,359833.28223996505,429475965.30427146,11993445.837279601,0.7004463207235894,3961.6423350741175,15.13042447055628,0.11878552316266414,8.739906249034622,0.27978519919125494,0.0
856,7337553.621763351,1810493.3149515565,131267314.35591194,18819044.034565486,0.6419977284386681,3610.900022065553,3.3126263497006083,0.10233375249834645,7.577516100765521,0.08527676376618859,0.0
857,16679258.60673106,4447794.08186531,640089879.7872677,50380735.068574,0.6186257212161489,3843.0499924246305,2.7729600224817563,0.0791089854006147,5.459109050700723,0.04074565780852897,0.0
858,5308938.268642892,447132.18135350215,1500779893.4863858,33027418.997844867,0.23696473408568677,3263.993863618765,6.322215517956819,4.2541221658748745,78.97264220330554,0.361741947462289,0.0
859,220845.5926545396,121793.39694039912,6453444.299376869,467006.35415388487,0.6817493007819325,3705.2866728290296,2.573711589710587,0.16013033061542217,11.452439396802928,0.1724004008514853,0.0
860,5321117.991891955,717487.274814618,487920958.9095494,22511134.94202991,0.6952964015501663,3867.569440158007,8.370515458729514,0.0961678782021349,6.737144207668775,0.20817281007164093,0.0
861,17857104.47316126,4275938.690470075,470818713.75852525,49019613.50070896,0.769339785262346,2912.4334670894696,60.07543586221828,0.07846578123466327,5.653742562291231,0.2336881800846325,0.0
862,98909709.29568385,9248153.014643436,12003112902.23602,487455948.7434387,0.6490333980899939,4015.3138488189807,5.586579147935869,0.16328272264307345,11.691237716172264,0.1260642885050391,0.0
863,3557621.4460332887,784794.5603615923,152162357.4570331,11308603.913474847,0.6425925795084898,3857.482636082428,4.634610338173228,0.1551808067931244,10.84990183302072,0.13543661567416174,0.0
864,117177662.4378475,9936842.871445332,17942748358.343586,620655854.4826052,0.6976771878211918,3677.7820646750506,18.42051872424076,0.27011398162812644,18.441574141123017,0.17192707119462114,0.0
865,105187382.19490013,8094911.779827495,21955476065.65885,615126384.4447874,0.07045025948298143,4386.593145112995,6.602115231589198,5.46916844383283,90.59948546853018,0.009367217851947067,0.0
866,10296506.083271125,1264740.56348923,1034482476.6040211,46372707.47391905,0.7619671152409982,2646.7769724490795,86.1186607366419,0.10447323344799937,7.7294583568102695,0.20034093607521578,0.0
867,5978.004028342712,811.0916428333483,2271481.963428364,38217.91542703207,0.6224652966978699,3676.61432186216,0.30721523341553314,0.7177030850746969,13.54749741157974,0.25712777650098595,0.0
868,22737897.807294495,4703562.216777846,1146598287.9971566,75742269.55823824,0.6529258079025786,3842.7441738900475,3.0396259499767235,0.13210222115725773,9.139753910445416,0.15563681599165308,0.0
869,65155856.15384444,15689753.522093648,1510530235.9459205,173739957.89792866,0.734512211190549,3347.497467308902,107.15237965570832,0.11143812737322722,8.07743087453352,0.24858558105064238,0.0
870,4491832.6382274935,709865.1996318465,234557568.4252483,16305656.605432417,0.6855636184934352,3544.446072433986,3.6170340341181904,0.12261633168911201,9.159214948813453,0.1702860630992042,0.0
871,13490.71540197001,7394.254650211684,1450531.7923589633,40359.59987378363,0.6635976028973425,3530.6989827938983,1.2674084719122376,0.07162972568278718,5.027630152572955,0.5031081637766351,0.0
872,19542.963000526554,13047.945781891158,2169781.718612208,59761.25274619718,0.6965639054778345,4267.704211675364,1.3054437962442775,0.1479275952182534,9.505591027389865,0.30311265413567423,0.0
873,168935020.7246989,22806160.5127238,15381530117.95813,716874595.9358478,0.6402570287474187,4238.262768449225,4.55295225002144,0.09712161541839918,6.9706027621061875,0.07233366962368934,0.0
874,32113564.076369017,3977719.1830098443,2445649663.36059,132756326.00500143,0.7003916962544006,3529.3031096602053,12.664524471727344,0.0808227455789365,5.834285139607698,0.41708797783680235,0.0
875,16832299.834856726,2136739.5640793,1881862690.6353538,75688687.04261056,0.6950191694402369,3885.913703028653,21.263870967196812,0.162921791375732,10.954657573353053,0.164483693157381,0.0
876,9997.119923016022,1723.4048348466094,1774796.077598278,48247.8163781312,0.4910782426510149,3808.381734992615,2.0428628270721196,1.4670111361329445,30.02491147568282,0.07288140224198757,0.0
877,5217222.122669853,1279660.521275626,125328022.68932724,14294047.023272023,0.755563033680818,3303.549889130449,7.196579583500968,0.14423398840651735,10.803736044967643,0.32983809232792655,0.0
878,14601998.12535674,2013552.2690810568,1749372987.1287599,64903498.78767093,0.7211745883543493,3357.0778509918264,94.24308871708824,0.781928158106152,18.79792740818919,0.2259176137799639,0.0
879,3132705.9738663165,470431.6961105623,239992045.2689611,12436815.081385098,0.622518671758425,3975.7276604102085,1.9851691099858757,0.041238202391851074,2.9092446724450456,0.3788037690701833,0.0
880,82294626.1477551,20146150.31028442,2514363124.661711,236479327.07384467,0.5893566490535431,3575.15837267307,34.86874823977349,0.7758992524978191,18.194535509152264,0.26803307900511225,0.0
881,379489.46105576114,30283.474909610562,102981758.82123493,2360055.2733967355,0.5177360677752748,3497.0021583478992,4.10382949260611,1.5455088487281186,35.66916846946555,0.3541065452537591,0.0
882,185721.76866343326,42172.50259405467,17274991.114232104,706371.200241725,0.7022078273686324,3705.1119096817956,6.698773697637587,0.07826302743372811,5.6754987526275285,0.2967840384298525,0.0
883,4759799.129915902,607638.0016913721,360201078.44403607,19810261.90947021,0.6027262682919435,3003.9645090652525,28.00850857931582,1.4770259743269865,30.674721838223114,0.07853138817259121,0.0
884,11255812.39390122,1319004.7343062027,1177917593.3304653,50920380.30290438,0.6725006065946504,3866.8836320092196,5.50906105379563,0.11994943749568066,8.51992222607886,0.16511121326040076,0.0
885,59053.489416930846,32113.919927954896,4658989.955560798,174057.16418382837,0.7318392013457271,3604.366822689567,2.356601773077434,0.03011060355637509,1.9609682353292244,0.16064200607366352,0.0
886,13869.864676945066,1925.6853203331952,3161808.8361638514,74445.91654698458,0.09184264112979923,3596.898843160008,1.6836628830428813,5.429327018423284,88.73332879339546,0.38318077192747646,0.0
887,25976073.16511017,2948888.5046669357,3468804105.8248634,128442862.71685906,0.7143563380088807,3781.4808104210406,116.1403856004057,0.10711123832480425,7.946713848162238,0.2344660640431621,0.0
888,135756045.82465392,15731969.551956654,10525270951.497402,576950739.311205,0.6357754902309285,3310.7089787508526,59.280577674544034,1.556382443311232,36.56164754725159,0.12399390832983051,0.0
889,17986490.934715528,2333813.2302704025,1859935117.5251987,80214966.51940955,0.7373012926441548,3418.283787163755,36.015045731872796,0.7640966664184625,17.165584746545427,0.16265858087670146,0.0
890,6664118.284289591,761827.2115275454,751191794.0820305,30897885.102491867,0.6732822894530803,3976.387881984432,4.536477374397712,0.8247445674050675,21.14591034726301,0.2869168050116497,0.0
891,12014.799863320124,3666.3983489520965,2156895.969537367,50616.906141894186,0.6422371563699052,3321.0695762504365,1.7642209920571277,0.7677311104418367,17.69459608313208,0.5133555750069969,0.0
892,67279561.48378398,12183472.550586928,2383787164.8921967,213027490.90273717,0.5887956383601671,4118.917094178902,12.023570966784273,0.8050064572954867,19.406997375100747,0.22121072015011722,0.0
893,7230773.499546629,1617208.661027755,313458021.7070993,22237713.499521054,0.5872598526884796,3832.8710347354654,2.448593595403635,0.13256822635392407,9.051050897858989,0.1326604046316688,0.0
894,15115.02345816147,2427.967641180845,3366415.388233264,80958.17991302365,0.5185606502435466,3894.8176487159144,1.8254909749273662,1.599320852613228,39.15219181819039,0.4370055278321182,0.0
895,590100.4589997802,133684.22728693235,18189717.796904482,1669567.909698525,0.7172908841597836,3674.6905024274574,5.07112843300558,0.20755643297284357,14.842428171148743,0.12255576002818863,0.0
896,17893314022.701744,4115998988.2503824,367431953118.96405,47960289708.971756,0.7610716928442898,1277.4225480976866,436.12015899967923,0.11443205745352625,8.159425582292979,0.07417484697487527,0.0
897,20484259.38657115,3037071.5213625534,2573944882.226704,95167000.3282893,0.611917030853709,4075.793979724611,4.523041342903246,0.1265035353582226,9.161259429110716,0.17006719842015747,0.0
898,12879884.108546786,2523371.212534993,727190584.7514427,45595590.48179827,0.693932452314145,4249.384365443475,3.5023907687673077,0.0704076551019707,4.895867095063371,0.16932122349732676,0.0
899,9528986.588198043,1609264.0797453527,834118833.4779241,38804285.1295024,0.45120260899783815,3694.803068709249,5.626510811006805,1.430912566128438,27.42974079166917,0.17199391735744282,0.0
900,6378959.386174062,1194545.4974113205,321330601.7068602,22210636.302949496,0.6901548133600677,3650.279861140292,3.6107404548750788,0.08613843983556571,5.8777185055360395,0.14360901433582565,0.0
901,80864678.59279703,12420888.14153805,4677166245.378423,303432540.4837188,0.7209974945790123,3470.712935947092,14.857285880366094,0.07431463820633386,5.414616197343662,0.036842979953682395,0.0
902,16643019.548440209,1216574.8459467161,3443022531.433272,97580351.354942,0.6919806652949192,4107.81752904559,21.50899687366466,0.16298768133271296,11.085556416276576,0.17718500211141128,0.0
903,12824.51907537681,8211.883373168808,1797504.5203874093,41884.83851215398,0.6678277109032144,3703.596491909279,1.4461321027742369,0.7948510693308583,19.401991892844908,0.19888921599459186,0.0
904,34847250.60968707,4720154.228975402,5214566751.779123,170764936.0277459,0.6752518128501641,4123.631099478444,4.313405619580001,0.12191595743067554,8.61480079363908,0.15702123257317532,0.0
905,238808864.86150217,117379280.47886753,9273890679.656229,592801683.4096992,0.7137361617458715,1464.4254105064301,13.788128341851236,0.09726563237781552,6.918424307258223,0.23796308271561845,0.0
906,17206576.981626846,1311792.5778364532,3637795855.259744,99986057.26266089,0.6743253562325089,4456.795822133699,6.940899542976903,0.11832379301766131,8.615821258983953,0.3021512297982816,0.0
907,6459.088220904035,492.45688354346623,2453616.4065622604,42549.70129319698,0.5841822428644459,3897.5477277298532,1.1757975075081528,0.1940807518580586,12.597182697158992,0.21829601873704335,0.0
908,4960.541065455514,1409.7429819303397,1243269.095417966,24473.439568470018,0.6473404904573659,3397.784464712962,0.7968756557805776,0.15045128022441306,9.590455846556685,0.2150515398005815,0.0
909,129036066.94939439,44315225.34557678,5092597194.341541,349896377.2739047,0.7337331968617732,3740.7908015835437,44.26853301550181,0.10635689897537866,7.51124240916401,0.10651740916748789,0.0
910,31155999.409138154,7416204.920194311,798093049.3292177,85323237.0396796,0.44426220876520606,2763.2139006990283,62.185494247595656,2.1154751080390346,38.95030397687108,0.22004491136043167,0.0
911,102447479.83100808,18125627.79936414,3309603886.184956,325237782.30412596,0.6642975738483387,3845.9879990126265,10.947795523632493,0.7627622881623293,17.16976777314952,0.13319338255742344,0.0
912,23044941.252428662,3575700.6205797056,1301360768.7498906,85476295.76139212,0.6395539237168065,3060.634350462089,85.85737874289684,0.7909382768764206,19.30016586100361,0.06881992641239597,0.0
913,3883.454639168721,376.85313426143904,1594448.5550840306,25814.182776616515,0.5890101050357971,3909.902622759214,0.8698570196723564,0.7397586910844178,14.62740820383552,0.37732563835028293,0.0
914,43661.83492074414,11863.679898859522,4847281.032065928,164539.89743306665,0.7303604457552519,3737.5994181454816,1.3894875423673194,0.13189569014778924,8.603515494726114,0.617717662266042,0.0
915,683418.6007521786,200589.05610164691,11063800.196899801,1582731.5312702255,0.7674441400083389,3262.1597287682785,9.15724758505536,0.09993485655862529,7.2431456883205785,0.23264560581441127,0.0
916,8229268.85126836,809316.8967442204,941087826.5053707,39447375.914965525,0.7484408283970605,3689.802492609828,18.670763998602517,0.15417354777662648,11.571711622533181,0.10924498748741297,0.0
917,17110380.482513197,4275310.167389692,624109419.6275969,53157778.5791542,0.6592925649514386,3340.4813961960817,6.356363071112786,0.17943686893896266,13.009387226249164,0.13495435377300627,0.0
918,17192352.0857674,3806258.8336219327,493182041.7733669,51822903.91767021,0.7407326504504235,3219.8319739003246,45.94063922336204,0.1825259427275104,13.333506900468922,0.06069812285466619,0.0
919,3253008.372043202,708541.7074747911,102010917.04974476,9540937.406116234,0.7328605113847521,3335.652016837674,12.787418192270456,0.11719607538459283,8.326073955861057,0.11462555355903675,0.0
920,5767.517861788701,1952.681604223459,1515278.4708580915,29030.412867669675,0.6696010314381675,3560.597894966765,1.1695198458473326,0.739458674787682,15.174363357283875,0.2796119758862428,0.0
921,715690.3339226317,267453.8997318022,11394544.834025096,1485416.760977084,0.618741528760405,3679.2331272208157,2.1252969925777463,0.24088909615114532,15.905869056462569,0.3338216870561845,0.0
922,36430408.51619489,5779145.902592036,5613782543.459745,166863705.3152005,0.6868349114884544,2573.461758459739,369.9557638152088,0.7874248952729423,18.82052887296185,0.11096925443667044,0.0
923,9035452585.139233,2220648562.0162954,203599214643.60754,24260977705.730522,0.669101329067596,399.4797011109457,10.84505358203795,0.08606678598320619,6.10268974775876,0.10850288091177372,0.0
924,2325.8653630953595,576.3865617580547,986411.2044161767,14486.536439434149,0.6698501136961822,3785.039321131665,0.8473872202180958,0.1726981496696946,12.120420358353517,0.17892526111942741,0.0
925,18615.984139938617,6430.005309643036,3841220.325922761,84501.73771557042,0.666866799725964,3302.8669360740223,1.2309510452993357,0.0729047512013004,4.94499638570105,0.3043705360766701,0.0
926,14124792.859564742,1415570.6964996587,2407430902.051846,75571010.42717116,0.77573801503485,3480.667046916362,78.84253726504167,0.14380415988186163,10.1155871389814,0.24686074117053725,0.0
927,19872205.460795406,2083059.6660685267,2555371352.9091806,97653985.5931308,0.7203528896988105,3813.279645975651,94.95488166180883,0.04979461158990821,3.8635311590626955,0.01403047979692584,0.0
928,99968.2376392182,30428.046472230395,5106873.12999811,283749.0032932889,0.6696954173084528,3706.814210935783,5.093577994181375,0.14473618994026588,10.245540610750298,0.4603448748233739,0.0
929,15244698.301462477,2019004.1900765947,1710476005.8122075,68192741.57525705,0.5323907184418001,3192.1881945582345,85.88711105674118,1.4757062217987695,30.629820508664057,0.15977145900956477,0.0
930,47272451.7999129,12445748.804179749,1142079863.4874904,125991771.89779294,0.7415907973486116,3331.660806773626,19.373293165494378,0.06214523122910345,4.43988647271847,0.27465674687381614,0.0
931,140872216.9224493,44776203.70115078,3248376027.9891105,365325464.11742485,0.6033460209353718,3689.0425732930307,8.123880228418454,0.7539595260166775,16.68752691965707,0.3066316272970586,0.0
932,25751139.78806431,4022420.67213109,1302446673.944643,92300041.24766967,0.741387525849997,3830.529635788568,18.35351508090673,0.09090187796476287,6.742651768700819,0.06314132279489275,0.0
933,419353.2802444005,117510.52486060708,25355309.93877275,1437066.9408276374,0.5020310279695556,4119.991461282745,2.5775397160291638,1.5434726221775736,34.979013939903965,0.13187668724206528,0.0
934,443188.98037428997,156586.11713059148,35804548.07123263,1543972.0811579728,0.642678361345861,3673.0696716702196,4.434111575052479,0.06231620676194405,4.571644739280262,0.3260088018379656,0.0
935,37896.64897779083,7106.5912228556,4117643.0869537317,157117.38409567342,0.5578324893826102,3832.5833275977793,0.6969327421088422,0.06687193088134338,4.982312912583296,0.32690750446381045,0.0
936,22084.15866329204,4546.705936611864,2410629.4304204783,82882.69587955465,0.7221535356735093,3677.797540953731,1.5145848568570486,0.14710710464305574,9.693367942460148,0.19601759376401165,0.0
937,1363961302.7222316,756499613.6824028,14854768584.718258,2346452622.493892,0.7045890087897957,739.1411790135758,9.396628131518316,0.14719109962039179,9.96741879812438,0.15451108467677077,0.0
938,11563090.91216128,904553.1165449836,2277420722.953532,66775609.051764645,0.8001887420029685,3596.900306452276,10.524509029748266,0.07706348665739249,5.625246775843874,0.2209367887754671,0.0
939,40391304.78329499,4067397.283087697,4408723356.921224,190655371.31377003,0.7218197534344922,3394.087701586287,30.450687059211784,0.14006035598138408,10.156950833100147,0.16638893118233478,0.0
940,8321.870067293672,1391.7362590300459,2010734.9327377863,43697.196827434,0.6245810529526226,3477.0630673655883,1.143681664444899,0.14285746106802577,9.943897732819122,0.4348129532609028,0.0
941,3596941.531862451,701683.5643876474,213802547.17031828,12499157.704050045,0.6443775875109263,3714.639797866791,4.480522513223206,0.11607974885874013,7.989438771100859,0.09136582962227496,0.0
942,1040912.3415137086,86232.89120642519,212084268.70762244,6025907.963358557,0.5143851161832697,3517.580276408461,19.072896949215412,1.5897080636490428,37.941692501182,0.2280416912452776,0.0
943,3625.3487049239434,390.9894474646866,1210884.8647460542,22249.405389130305,0.08757421827492239,3777.621900073305,1.123047355788998,5.497537915049291,92.84958269991247,0.3807474238115668,0.0
944,69361666.22103007,7286060.811757142,7333970480.248419,323871857.97723794,0.7235693853447562,3764.512585108958,149.32685707645774,0.15521272707603123,11.36615834033807,0.08999657653844674,0.0
945,21217187.76518711,4979692.5965591,550077214.8505688,58556207.84511809,0.7630403036354397,3858.8708626142243,77.91034866584421,0.16112223129920586,12.008967358086844,0.18212572872005728,0.0
946,19647171.104052544,1951033.2360489771,3770733554.272377,106445095.05247481,0.7690860749583097,3311.656451034948,161.6001337027154,0.20647456896841448,14.191102098893959,0.2421110562418141,0.0
947,254326632.03159395,43703144.922185466,13222973444.838238,894017190.3543184,0.8012094740165849,3210.802044358665,36.401849485488015,0.7332168309038309,15.232443217504686,0.14475767528291245,0.0
948,28527267.45609938,4846014.932896117,4099677620.6999764,132824552.28700233,0.7210926371050578,3464.5816858691433,333.1952904028469,0.12702710156015834,9.372317091885169,0.1996549103400631,0.0
949,2534565.3499921756,496235.07617334404,130883363.73560616,8648631.586403351,0.6931628846782286,3711.038593741323,6.190510776235274,0.12323710962971965,8.821129014549204,0.1403010892475275,0.0
950,97490700.03336704,6790643.774070238,20927646396.846443,581839968.6513786,0.6604427692274022,4215.1051057286395,54.31117478109965,0.17908119805946213,12.236180499981913,0.20893587987344722,0.0
951,27330487.955338944,7343617.4758940805,3811412527.8853517,120136405.03575404,0.7448873264586443,3116.5553821364756,83.20899725164121,0.7636450382558233,17.297425099599657,0.2797072525614645,0.0
952,32986508.624593697,5401720.604463069,3550270424.2798905,139887952.32097143,0.7223780115925014,3400.224508195951,30.18961189720928,0.07644601409110177,5.606785637865111,0.2683969244278015,0.0
953,20924.437547026635,16638.369886824465,1821820.5157583044,50838.31932542958,0.7009073138069661,3929.3396639724297,2.021221135752122,0.05483743787889859,4.063790381149718,0.0715015449437157,0.0
954,29362.24541425218,11714.2515708224,2437659.2848839965,86002.28375397388,0.6733459705719441,3464.9660601200358,0.9970383481832722,0.0814964119421476,6.014421962556871,0.5362418689794988,0.0
955,144899025.94143325,41580687.41173957,3094346940.699044,363074505.47205955,0.6721620748508285,4179.293683564492,4.645420403549141,0.22359615789112636,14.145859013451807,0.13165747983162204,0.0
956,96042.08976230794,22477.273843069946,12470878.762765264,391969.15854413714,0.627989689998034,3609.188949344678,3.230060030924755,0.7559072024506711,16.199590418073207,0.13639416483171474,0.0
957,11719189.807573624,6472104.627887553,231078023.59518418,22118402.10488177,0.5838229662494854,3754.602506653134,1.997839595612098,0.08653203569426049,5.811410609543309,0.15920847747655764,0.0
958,56147.575386752564,10715.445445280115,3255998.950925094,185679.33485618414,0.6722865686895193,3875.5348810592386,1.799649077056982,0.16542307091156375,11.460311623185705,0.12681894321226175,0.0
959,2334045.588341555,361244.8303948679,119543782.85480885,8396087.730776953,0.6913936349553388,3763.556175673747,4.481174596699421,0.10049907727042022,7.3412213172974905,0.09544756074205732,0.0
960,40675092.81319982,4839749.3769179825,3936005807.6099424,178597157.59154326,0.7463898734607899,3027.013451910865,158.82091240308998,0.0996584850968639,7.3252150966496945,0.17694918041335408,0.0
961,20266975.123028953,10371108.288075967,633876032.3808757,47911817.77683875,0.7078242150352847,3407.3352272563225,7.030810968595832,0.2655679885370306,18.58654262685865,0.07275524480382159,0.0
962,1791482.071017449,236708.22532398388,194873628.42505318,7936004.793845925,0.7465706265383392,3577.99447747727,6.06549343374708,0.0431002679452412,3.176488330984269,0.33424584848000605,0.0
963,27231.49821306559,8958.565414168077,2621644.17296373,94616.07300932088,0.669998238943121,3436.585677768384,3.0832064607826335,0.7651606448147377,17.06490116364203,0.41100649468023637,0.0
964,23743.271696212625,10569.731512335225,1295456.5701291556,58192.67753574258,0.762073850578645,3336.9323210295556,1.765560301855129,0.09610299369438949,6.8965262733515,0.2717584258726662,0.0
965,16389.56528836872,1456.6408688238312,4990053.120507521,100470.19243733567,0.6515435458429397,3477.5965857505544,1.181739543133717,0.0796910278211799,5.496089806724852,0.2177979858307868,0.0
966,72376212.15994076,5322997.5065422505,14677543770.142603,421723808.61128193,0.6326174989947106,3860.3763988051714,7.438824246278336,0.1569772056229179,11.04664783080479,0.04563082640237956,0.0
967,29435458.137470473,4238234.190971907,2836678464.8032303,124257113.70809686,0.7283823290463648,3945.8932000227824,141.0135025968052,0.08580976492606443,6.198955976807045,0.2326242337300829,0.0
968,3250.1663399414624,1816.5813832995268,379682.8825070498,10155.422149701128,0.07381746339302434,4240.977397480246,0.6530657904505308,5.283982722987686,78.8310952240486,0.3521045003908527,0.0
969,16986564.07513098,1508109.579406409,3687824494.052741,98041757.41394465,0.4414765262874643,2351.6030604279345,257.6939060533703,2.22730557804809,47.15722705761827,0.10059082997449553,0.0
970,1653.4618625959943,449.2156019968905,607236.566454291,9316.106902615105,0.09314323000975618,3829.516387266275,0.8385228779267829,5.427761774912296,88.16848088228825,0.3454853734987249,0.0
971,4984323.243742516,464194.8563272183,926638390.4324814,26984886.605528284,0.33318476979827316,3551.110209045537,4.0207485189134875,3.4714030703154757,60.603241467385075,0.21200592828302406,0.0
972,31275465.49227379,5164671.833292589,2035579118.2050328,119998612.42894864,0.6913668687183592,3652.0650961554097,5.693357766296185,0.15278541622513506,11.222433100956957,0.12136288913457846,0.0
973,20891.363799301853,5230.059184684031,1705576.5478221595,68515.2438929766,0.6484635424172783,3906.039312659408,1.3090388631008592,0.6759451672173513,10.954166198143302,0.3027371553944218,0.0
974,17451114.730248377,6170177.382251932,146144540.30373317,34937687.40574467,0.6858808910742991,3530.7714151656764,4.310208043938391,0.11418955265570299,8.196455547412516,0.08424635040155855,0.0
975,10868.65140889289,952.7181747164559,2826130.3225571252,63770.148204649915,0.6582398382646845,3853.236283635178,1.55853136356028,0.18597755997607673,12.681966922355167,0.6462942057552689,0.0
976,98628.63189733952,20881.5857742555,4853595.316585274,311191.69156992534,0.7022234940643968,3676.3315610789755,2.4164442959216044,0.07351605133508032,5.478754773817275,0.44647286158754623,0.0
977,16448753.90684374,2090145.8780651703,2345449728.179707,79970152.44858657,0.7071566510206062,3146.2184726141586,88.31718169261195,0.03864631553258544,2.8365042065661443,0.15746202085966823,0.0
978,9769.245645745035,6272.20647402155,1308838.9371116864,31567.04588588881,0.7082050161812139,3890.385561243492,0.9460800450715973,0.1311327600516024,9.211061976997518,0.33492058062076596,0.0
979,68234806.77930008,7392063.328772912,10195924632.16033,337443438.34655154,0.4381586163802515,3556.5038685687114,29.265482803103485,1.5958672947529187,38.243311330091544,0.37050764027900224,0.0
980,3521052.4093523487,674579.3560355706,278963017.4307268,13773489.421953404,0.5583105078662071,3428.3448320779935,10.98018412865534,1.5270757756072366,34.472236039350584,0.1756390863859284,0.0
981,21122678.369355083,4335231.135238347,1182131786.0124023,69581268.08068903,0.7345101922222088,3527.9642669673167,107.7454548710285,0.7666542595648741,17.559285069403167,0.1474947855079412,0.0
982,18871568.103150498,2553225.6464110324,2481834947.229628,87633892.75085816,0.765041358178385,2740.616554635596,117.83579343258678,0.11074127673245844,7.830565834404458,0.33279875535402315,0.0
983,3957.3854109141203,449.01184206622037,1463213.2407339527,25080.450478758,0.6718250282919078,3699.9066817364132,0.7058882157845123,0.7498564794968757,16.100269400778046,0.24237862514186095,0.0
984,23406.27007680631,2890.276581320279,3905133.9924583463,111693.13640091105,0.6601399331840516,4166.509440593636,1.5363756375009767,0.1061256747158037,7.246162648170362,0.3762454641854281,0.0
985,9699674.63239227,1150316.8463090656,1002266769.145311,43858951.50152157,0.6986596426414703,3789.240468206275,8.527747524506696,0.10225620251705517,7.586913838993679,0.07726336483459001,0.0
986,16006.258089125147,1899.1734064396364,4279434.608442245,93736.4099513799,0.6506354326127679,3528.9219172545572,0.6166707978605755,0.02304548263585282,1.572873096891911,0.31110412640317,0.0
987,231273437.9765409,35869206.44123328,15665110615.7636,885799958.8906378,0.8066600694509909,3456.3639887222334,13.786099671873217,0.16126963955778306,11.171890948580884,0.15762324159497892,0.0
988,24315005.72606126,3196554.833454115,2034909983.7392578,100166197.51938948,0.5966985691327473,3877.4296714119637,4.778164125332678,0.11415217371526828,8.44633566628585,0.21388906932600615,0.0
989,40562112.19445032,5693587.235662332,5148486918.402426,188310699.31362206,0.5908640594247614,3770.8815555078104,2.501429504085743,0.11758790116364297,8.261356149970418,0.22236124770650967,0.0
990,38202069.0111749,6769391.161292991,1243032267.672337,121260356.34553668,0.6807038035205435,3636.679009593582,4.932760369464021,0.17243335724290318,12.378127890095689,0.19543624512794072,0.0
991,4270463.2882777685,1397632.0899211399,93643673.57648192,10543117.617484828,0.7298486539551454,3496.4297983796823,6.91783397151081,0.07644694892853413,5.231853366007888,0.11985714945110637,0.0
992,138682599.83317822,74247461.15148646,2420151051.2905216,278793151.79984874,0.7557635523087545,3547.337936579277,12.577368858644688,0.17204515329166492,12.669209959701595,0.12812410402033522,0.0
993,11573443.956602585,1679712.966275186,950476583.8130739,48726858.834154084,0.7793978090858797,3718.995694969517,48.04632014493248,0.060270987143207666,4.402040930447326,0.18871836392459,0.0
994,2999.3673722959234,482.8929100527072,844174.2553686645,16704.33303532268,0.4740512598559379,3415.9906498016935,0.9664577115004144,1.6102623730044257,39.908200975130704,0.39284009112049734,0.0
995,17307.366340600463,4197.971537070558,2614395.7339553665,69204.8382228226,0.7021800672118439,3643.14711700261,1.7152724080074173,0.07029224623197176,4.956343923421528,0.38907260930196347,0.0
996,20965047.40440892,1427823.6304214778,6716418849.308958,139108431.8976502,0.7537080339669071,3544.9563490785213,54.71590696535553,0.14161755277988436,10.47530922707682,0.36423027137062725,0.0
997,3652627.813834774,956621.1449805347,81906315.3480489,9524814.621420735,0.693840422012095,3178.6573198880005,30.671527765035773,0.7343145520774071,14.969232609985175,0.39871496307003923,0.0
998,12000174.87685432,803983.8345908959,3779652211.420022,79445079.05904475,0.6943167643199124,3549.852145163785,41.01623469478516,0.06115701344836335,4.446228751355939,0.3593255678297646,0.0
999,32153368.603350647,9022878.08399625,1171559187.7592258,95952492.0843126,0.6957019742940451,3464.3795144969863,6.279372738067758,0.13946103672206825,9.916429036420471,0.2122237376001338,0.0
